   r        Qm       L_r       T        P        rho      kap      eps     fl   dlnPdlnT
6.958E+08    0.000E+00    6.240E+25    3.667E+03    1.364E+01    0.000E+00    1.005E+01    0.000E+00     *      99.9
6.951E+08    3.753E-14    6.240E+25    2.518E+03    4.576E-01    1.328E-08    5.860E+01    1.058E-115     r       5.0
6.944E+08    1.924E-13    6.240E+25    5.039E+03    8.320E+00    1.209E-07    3.028E+01    1.170E-92     r       2.7
6.940E+08    4.721E-13    6.240E+25    5.624E+03    2.255E+01    2.963E-07    4.226E+01    3.154E-89     r       8.4
6.939E+08    7.270E-13    6.240E+25    6.083E+03    3.554E+01    4.322E-07    4.344E+01    5.917E-87     r       5.7
6.938E+08    8.936E-13    6.240E+25    6.337E+03    4.404E+01    5.144E-07    4.328E+01    8.400E-86     r       5.2
6.937E+08    9.881E-13    6.240E+25    6.468E+03    4.886E+01    5.593E-07    4.308E+01    3.119E-85     r       5.1
6.937E+08    1.039E-12    6.240E+25    6.534E+03    5.143E+01    5.828E-07    4.296E+01    5.975E-85     r       5.0
6.937E+08    1.064E-12    6.240E+25    6.567E+03    5.276E+01    5.948E-07    4.290E+01    8.258E-85     r       5.0
6.937E+08    1.118E-12    6.240E+25    6.634E+03    5.549E+01    6.193E-07    4.276E+01    1.572E-84     r       5.0
6.937E+08    1.146E-12    6.240E+25    6.668E+03    5.689E+01    6.318E-07    4.269E+01    2.165E-84     r       4.9
6.936E+08    1.202E-12    6.240E+25    6.736E+03    5.979E+01    6.574E-07    4.254E+01    4.093E-84     r       4.9
6.936E+08    1.232E-12    6.240E+25    6.770E+03    6.129E+01    6.705E-07    4.246E+01    5.616E-84     r       4.9
6.936E+08    1.292E-12    6.240E+25    6.838E+03    6.436E+01    6.972E-07    4.229E+01    1.053E-83     r       4.9
6.936E+08    1.323E-12    6.240E+25    6.872E+03    6.595E+01    7.108E-07    4.221E+01    1.439E-83     r       4.9
6.936E+08    1.387E-12    6.240E+25    6.941E+03    6.921E+01    7.386E-07    4.204E+01    2.677E-83     r       4.8
6.935E+08    1.522E-12    6.240E+25    7.079E+03    7.611E+01    7.965E-07    4.167E+01    9.108E-83     r       4.8
6.935E+08    1.593E-12    6.240E+25    7.149E+03    7.977E+01    8.267E-07    4.149E+01    1.665E-82     r       4.8
6.935E+08    1.744E-12    6.240E+25    7.289E+03    8.749E+01    8.894E-07    4.111E+01    5.469E-82     r       4.8
6.934E+08    1.824E-12    6.240E+25    7.359E+03    9.156E+01    9.220E-07    4.092E+01    9.824E-82     r       4.8
6.934E+08    1.993E-12    6.240E+25    7.500E+03    1.002E+02    9.898E-07    4.053E+01    3.113E-81     r       4.7
6.934E+08    2.081E-12    6.240E+25    7.570E+03    1.047E+02    1.025E-06    4.033E+01    5.493E-81     r       4.7
6.933E+08    2.268E-12    6.240E+25    7.712E+03    1.143E+02    1.098E-06    3.994E+01    1.680E-80     r       4.7
6.933E+08    2.367E-12    6.240E+25    7.783E+03    1.193E+02    1.136E-06    3.975E+01    2.912E-80     r       4.7
6.933E+08    2.574E-12    6.240E+25    7.926E+03    1.299E+02    1.215E-06    3.936E+01    8.599E-80     r       4.7
6.932E+08    2.682E-12    6.240E+25    7.997E+03    1.354E+02    1.256E-06    3.916E+01    1.465E-79     r       4.7
6.932E+08    2.911E-12    6.240E+25    8.140E+03    1.471E+02    1.340E-06    3.878E+01    4.182E-79     r       4.7
6.932E+08    3.031E-12    6.240E+25    8.212E+03    1.533E+02    1.384E-06    3.859E+01    7.008E-79     r       4.7
6.931E+08    3.282E-12    6.240E+25    8.355E+03    1.661E+02    1.474E-06    3.821E+01    1.936E-78     r       4.7
6.931E+08    3.414E-12    6.240E+25    8.427E+03    1.729E+02    1.521E-06    3.803E+01    3.192E-78     r       4.7
6.931E+08    3.690E-12    6.240E+25    8.571E+03    1.870E+02    1.618E-06    3.766E+01    8.544E-78     r       4.6
6.930E+08    3.834E-12    6.240E+25    8.643E+03    1.944E+02    1.668E-06    3.748E+01    1.387E-77     r       4.6
6.930E+08    4.137E-12    6.240E+25    8.787E+03    2.099E+02    1.772E-06    3.712E+01    3.603E-77     r       4.6
6.930E+08    4.295E-12    6.240E+25    8.859E+03    2.180E+02    1.826E-06    3.694E+01    5.763E-77     r       4.6
6.929E+08    4.626E-12    6.240E+25    9.003E+03    2.350E+02    1.936E-06    3.660E+01    1.454E-76     r       4.6
6.929E+08    4.799E-12    6.240E+25    9.075E+03    2.438E+02    1.993E-06    3.643E+01    2.294E-76     r       4.6
6.929E+08    5.160E-12    6.240E+25    9.220E+03    2.623E+02    2.111E-06    3.609E+01    5.630E-76     r       4.6
6.929E+08    5.348E-12    6.240E+25    9.292E+03    2.720E+02    2.172E-06    3.592E+01    8.761E-76     r       4.6
6.928E+08    5.741E-12    6.240E+25    9.437E+03    2.921E+02    2.297E-06    3.560E+01    2.094E-75     r       4.6
6.928E+08    5.946E-12    6.240E+25    9.509E+03    3.027E+02    2.362E-06    3.543E+01    3.218E-75     r       4.6
6.927E+08    6.372E-12    6.240E+25    9.654E+03    3.245E+02    2.495E-06    3.512E+01    7.502E-75     r       4.6
6.927E+08    6.595E-12    6.240E+25    9.726E+03    3.360E+02    2.563E-06    3.496E+01    1.138E-74     r       4.6
6.927E+08    7.057E-12    6.240E+25    9.871E+03    3.597E+02    2.704E-06    3.465E+01    2.591E-74     r       4.6
6.927E+08    7.298E-12    6.240E+25    9.944E+03    3.721E+02    2.777E-06    3.450E+01    3.887E-74     r       4.6
6.926E+08    7.799E-12    6.240E+25    1.009E+04    3.978E+02    2.926E-06    3.420E+01    8.647E-74     r       4.6
6.926E+08    8.060E-12    6.240E+25    1.016E+04    4.112E+02    3.003E-06    3.406E+01    1.283E-73     r       4.6
6.925E+08    8.601E-12    6.240E+25    1.031E+04    4.390E+02    3.161E-06    3.377E+01    2.792E-73     r       4.6
6.925E+08    8.882E-12    6.240E+25    1.038E+04    4.534E+02    3.243E-06    3.363E+01    4.098E-73     r       4.6
6.925E+08    9.467E-12    6.240E+25    1.052E+04    4.835E+02    3.410E-06    3.335E+01    8.735E-73     r       4.6
6.925E+08    9.770E-12    6.240E+25    1.060E+04    4.990E+02    3.496E-06    3.321E+01    1.269E-72     r       4.6
6.924E+08    1.040E-11    6.240E+25    1.074E+04    5.314E+02    3.672E-06    3.294E+01    2.652E-72     r       4.6
6.924E+08    1.073E-11    6.240E+25    1.081E+04    5.482E+02    3.763E-06    3.281E+01    3.815E-72     r       4.6
6.924E+08    1.140E-11    6.240E+25    1.096E+04    5.830E+02    3.949E-06    3.254E+01    7.823E-72     r       4.6
6.923E+08    1.175E-11    6.240E+25    1.103E+04    6.010E+02    4.045E-06    3.241E+01    1.115E-71     r       4.6
6.923E+08    1.248E-11    6.240E+25    1.118E+04    6.385E+02    4.241E-06    3.216E+01    2.245E-71     r       4.6
6.923E+08    1.286E-11    6.240E+25    1.125E+04    6.578E+02    4.341E-06    3.203E+01    3.172E-71     r       4.6
6.922E+08    1.364E-11    6.240E+25    1.140E+04    6.980E+02    4.548E-06    3.179E+01    6.277E-71     r       4.6
6.922E+08    1.404E-11    6.240E+25    1.147E+04    7.188E+02    4.653E-06    3.166E+01    8.792E-71     r       4.6
6.922E+08    1.488E-11    6.240E+25    1.161E+04    7.618E+02    4.870E-06    3.142E+01    1.711E-70     r       4.6
6.921E+08    1.531E-11    6.240E+25    1.169E+04    7.840E+02    4.981E-06    3.130E+01    2.377E-70     r       4.6
6.921E+08    1.620E-11    6.240E+25    1.183E+04    8.301E+02    5.209E-06    3.107E+01    4.553E-70     r       4.6
6.921E+08    1.667E-11    6.240E+25    1.191E+04    8.539E+02    5.326E-06    3.096E+01    6.276E-70     r       4.6
6.920E+08    1.762E-11    6.240E+25    1.205E+04    9.031E+02    5.565E-06    3.073E+01    1.184E-69     r       4.6
6.920E+08    1.811E-11    6.240E+25    1.212E+04    9.285E+02    5.688E-06    3.062E+01    1.620E-69     r       4.6
6.920E+08    1.913E-11    6.240E+25    1.227E+04    9.811E+02    5.939E-06    3.040E+01    3.010E-69     r       4.6
6.919E+08    1.966E-11    6.240E+25    1.234E+04    1.008E+03    6.067E-06    3.029E+01    4.089E-69     r       4.6
6.919E+08    2.075E-11    6.240E+25    1.249E+04    1.064E+03    6.330E-06    3.007E+01    7.494E-69     r       4.6
6.919E+08    2.131E-11    6.240E+25    1.256E+04    1.093E+03    6.464E-06    2.997E+01    1.011E-68     r       4.6
6.918E+08    2.246E-11    6.240E+25    1.271E+04    1.153E+03    6.739E-06    2.976E+01    1.828E-68     r       4.6
6.918E+08    2.306E-11    6.240E+25    1.278E+04    1.184E+03    6.880E-06    2.966E+01    2.449E-68     r       4.6
6.918E+08    2.429E-11    6.240E+25    1.293E+04    1.247E+03    7.168E-06    2.945E+01    4.371E-68     r       4.6
6.917E+08    2.493E-11    6.240E+25    1.300E+04    1.280E+03    7.315E-06    2.935E+01    5.820E-68     r       4.6
6.917E+08    2.624E-11    6.240E+25    1.314E+04    1.347E+03    7.615E-06    2.916E+01    1.026E-67     r       4.6
6.917E+08    2.691E-11    6.240E+25    1.322E+04    1.382E+03    7.769E-06    2.906E+01    1.357E-67     r       4.6
6.916E+08    2.830E-11    6.240E+25    1.336E+04    1.454E+03    8.083E-06    2.887E+01    2.363E-67     r       4.6
6.916E+08    2.901E-11    6.240E+25    1.344E+04    1.491E+03    8.244E-06    2.877E+01    3.109E-67     r       4.6
6.916E+08    3.049E-11    6.240E+25    1.358E+04    1.567E+03    8.572E-06    2.858E+01    5.350E-67     r       4.6
6.915E+08    3.124E-11    6.240E+25    1.366E+04    1.606E+03    8.739E-06    2.849E+01    6.998E-67     r       4.6
6.915E+08    3.280E-11    6.240E+25    1.380E+04    1.687E+03    9.081E-06    2.831E+01    1.191E-66     r       4.6
6.915E+08    3.361E-11    6.240E+25    1.387E+04    1.728E+03    9.256E-06    2.822E+01    1.549E-66     r       4.6
6.914E+08    3.526E-11    6.240E+25    1.402E+04    1.814E+03    9.612E-06    2.804E+01    2.608E-66     r       4.6
6.914E+08    3.876E-11    6.240E+25    1.431E+04    1.995E+03    1.036E-05    2.769E+01    7.240E-66     r       4.6
6.913E+08    4.060E-11    6.240E+25    1.446E+04    2.090E+03    1.074E-05    2.752E+01    1.194E-65     r       4.6
6.912E+08    4.450E-11    6.240E+25    1.475E+04    2.292E+03    1.155E-05    2.719E+01    3.186E-65     r       4.6
6.912E+08    4.656E-11    6.240E+25    1.490E+04    2.398E+03    1.197E-05    2.703E+01    5.155E-65     r       4.6
6.911E+08    5.090E-11    6.240E+25    1.519E+04    2.623E+03    1.284E-05    2.671E+01    1.326E-64     r       4.6
6.910E+08    5.318E-11    6.240E+25    1.534E+04    2.742E+03    1.329E-05    2.656E+01    2.107E-64     r       4.6
6.910E+08    5.799E-11    6.240E+25    1.563E+04    2.991E+03    1.423E-05    2.625E+01    5.233E-64     r       4.6
6.909E+08    6.052E-11    6.240E+25    1.577E+04    3.122E+03    1.471E-05    2.610E+01    8.181E-64     r       4.6
6.908E+08    6.584E-11    6.240E+25    1.607E+04    3.398E+03    1.572E-05    2.582E+01    1.967E-63     r       4.6
6.908E+08    6.864E-11    6.240E+25    1.621E+04    3.543E+03    1.624E-05    2.567E+01    3.027E-63     r       4.6
6.907E+08    7.450E-11    6.240E+25    1.651E+04    3.848E+03    1.733E-05    2.540E+01    7.063E-63     r       4.6
6.907E+08    7.758E-11    6.240E+25    1.665E+04    4.007E+03    1.789E-05    2.526E+01    1.071E-62     r       4.6
6.906E+08    8.403E-11    6.240E+25    1.695E+04    4.343E+03    1.905E-05    2.500E+01    2.428E-62     r       4.6
6.905E+08    8.741E-11    6.240E+25    1.709E+04    4.518E+03    1.965E-05    2.487E+01    3.631E-62     r       4.6
6.904E+08    9.449E-11    6.240E+25    1.739E+04    4.886E+03    2.090E-05    2.461E+01    8.013E-62     r       4.6
6.904E+08    9.820E-11    6.240E+25    1.753E+04    5.079E+03    2.154E-05    2.449E+01    1.183E-61     r       4.6
6.903E+08    1.059E-10    6.240E+25    1.783E+04    5.482E+03    2.287E-05    2.424E+01    2.545E-61     r       4.6
6.903E+08    1.100E-10    6.240E+25    1.797E+04    5.693E+03    2.356E-05    2.412E+01    3.711E-61     r       4.6
6.902E+08    1.185E-10    6.240E+25    1.827E+04    6.134E+03    2.497E-05    2.389E+01    7.795E-61     r       4.6
6.901E+08    1.229E-10    6.240E+25    1.841E+04    6.364E+03    2.571E-05    2.377E+01    1.123E-60     r       4.6
6.900E+08    1.321E-10    6.240E+25    1.871E+04    6.845E+03    2.722E-05    2.354E+01    2.307E-60     r       4.6
6.900E+08    1.369E-10    6.240E+25    1.885E+04    7.096E+03    2.799E-05    2.343E+01    3.288E-60     r       4.6
6.899E+08    1.470E-10    6.240E+25    1.915E+04    7.620E+03    2.960E-05    2.321E+01    6.608E-60     r       4.6
6.899E+08    1.522E-10    6.240E+25    1.929E+04    7.893E+03    3.043E-05    2.311E+01    9.319E-60     r       4.6
6.898E+08    1.631E-10    6.240E+25    1.959E+04    8.462E+03    3.213E-05    2.290E+01    1.835E-59     r       4.6
6.897E+08    1.688E-10    6.240E+25    1.973E+04    8.758E+03    3.301E-05    2.279E+01    2.563E-59     r       4.6
6.897E+08    1.806E-10    6.240E+25    2.003E+04    9.376E+03    3.482E-05    2.259E+01    4.951E-59     r       4.6
6.896E+08    1.867E-10    6.240E+25    2.017E+04    9.697E+03    3.575E-05    2.249E+01    6.849E-59     r       4.6
6.895E+08    1.995E-10    6.240E+25    2.047E+04    1.036E+04    3.767E-05    2.229E+01    1.299E-58     r       4.6
6.895E+08    2.062E-10    6.240E+25    2.062E+04    1.071E+04    3.865E-05    2.220E+01    1.781E-58     r       4.6
6.894E+08    2.200E-10    6.240E+25    2.091E+04    1.143E+04    4.068E-05    2.201E+01    3.319E-58     r       4.6
6.894E+08    2.272E-10    6.240E+25    2.106E+04    1.181E+04    4.172E-05    2.191E+01    4.511E-58     r       4.6
6.893E+08    2.421E-10    6.240E+25    2.135E+04    1.259E+04    4.387E-05    2.173E+01    8.268E-58     r       4.6
6.892E+08    2.498E-10    6.240E+25    2.150E+04    1.299E+04    4.497E-05    2.164E+01    1.115E-57     r       4.6
6.891E+08    2.658E-10    6.240E+25    2.179E+04    1.383E+04    4.723E-05    2.146E+01    2.011E-57     r       4.6
6.891E+08    2.741E-10    6.240E+25    2.194E+04    1.427E+04    4.839E-05    2.137E+01    2.691E-57     r       4.6
6.890E+08    2.914E-10    6.240E+25    2.223E+04    1.517E+04    5.078E-05    2.120E+01    4.781E-57     r       4.6
6.890E+08    3.003E-10    6.240E+25    2.238E+04    1.564E+04    5.200E-05    2.112E+01    6.349E-57     r       4.6
6.889E+08    3.188E-10    6.240E+25    2.268E+04    1.661E+04    5.452E-05    2.095E+01    1.112E-56     r       4.6
6.888E+08    3.284E-10    6.240E+25    2.282E+04    1.712E+04    5.581E-05    2.087E+01    1.466E-56     r       4.6
6.887E+08    3.483E-10    6.240E+25    2.312E+04    1.816E+04    5.845E-05    2.071E+01    2.532E-56     r       4.6
6.887E+08    3.586E-10    6.240E+25    2.327E+04    1.870E+04    5.981E-05    2.063E+01    3.317E-56     r       4.6
6.886E+08    3.798E-10    6.240E+25    2.356E+04    1.982E+04    6.259E-05    2.047E+01    5.653E-56     r       4.6
6.886E+08    3.908E-10    6.240E+25    2.371E+04    2.040E+04    6.401E-05    2.039E+01    7.356E-56     r       4.6
6.885E+08    4.135E-10    6.240E+25    2.400E+04    2.159E+04    6.694E-05    2.024E+01    1.238E-55     r       4.6
6.884E+08    4.253E-10    6.240E+25    2.415E+04    2.221E+04    6.843E-05    2.017E+01    1.601E-55     r       4.6
6.884E+08    4.496E-10    6.240E+25    2.445E+04    2.349E+04    7.150E-05    2.002E+01    2.662E-55     r       4.6
6.883E+08    4.621E-10    6.240E+25    2.459E+04    2.415E+04    7.307E-05    1.995E+01    3.422E-55     r       4.6
6.882E+08    4.880E-10    6.240E+25    2.489E+04    2.551E+04    7.629E-05    1.980E+01    5.623E-55     r       4.6
6.882E+08    5.014E-10    6.240E+25    2.504E+04    2.622E+04    7.793E-05    1.973E+01    7.187E-55     r       4.6
6.881E+08    5.290E-10    6.240E+25    2.533E+04    2.767E+04    8.130E-05    1.959E+01    1.168E-54     r       4.6
6.880E+08    5.433E-10    6.240E+25    2.548E+04    2.842E+04    8.303E-05    1.952E+01    1.485E-54     r       4.6
6.880E+08    5.727E-10    6.240E+25    2.578E+04    2.997E+04    8.655E-05    1.939E+01    2.387E-54     r       4.6
6.879E+08    5.878E-10    6.240E+25    2.592E+04    3.077E+04    8.836E-05    1.932E+01    3.018E-54     r       4.6
6.878E+08    6.191E-10    6.240E+25    2.622E+04    3.242E+04    9.205E-05    1.919E+01    4.801E-54     r       4.6
6.878E+08    6.352E-10    6.240E+25    2.637E+04    3.328E+04    9.394E-05    1.912E+01    6.041E-54     r       4.6
6.877E+08    6.684E-10    6.240E+25    2.666E+04    3.503E+04    9.779E-05    1.899E+01    9.516E-54     r       4.6
6.877E+08    6.855E-10    6.240E+25    2.681E+04    3.593E+04    9.977E-05    1.893E+01    1.191E-53     r       4.6
6.876E+08    7.208E-10    6.240E+25    2.711E+04    3.780E+04    1.038E-04    1.881E+01    1.859E-53     r       4.6
6.875E+08    7.389E-10    6.240E+25    2.726E+04    3.876E+04    1.059E-04    1.874E+01    2.316E-53     r       4.6
6.874E+08    7.763E-10    6.240E+25    2.755E+04    4.074E+04    1.101E-04    1.862E+01    3.581E-53     r       4.6
6.874E+08    7.956E-10    6.240E+25    2.770E+04    4.175E+04    1.122E-04    1.856E+01    4.442E-53     r       4.6
6.873E+08    8.352E-10    6.240E+25    2.800E+04    4.385E+04    1.166E-04    1.844E+01    6.806E-53     r       4.6
6.873E+08    8.555E-10    6.240E+25    2.814E+04    4.493E+04    1.188E-04    1.838E+01    8.406E-53     r       4.6
6.872E+08    8.974E-10    6.240E+25    2.844E+04    4.715E+04    1.234E-04    1.827E+01    1.277E-52     r       4.6
6.870E+08    9.861E-10    6.240E+25    2.903E+04    5.185E+04    1.330E-04    1.804E+01    2.898E-52     r       4.6
6.869E+08    1.033E-09    6.240E+25    2.933E+04    5.433E+04    1.379E-04    1.793E+01    4.332E-52     r       4.6
6.867E+08    1.132E-09    6.240E+25    2.992E+04    5.958E+04    1.483E-04    1.771E+01    9.529E-52     r       4.6
6.867E+08    1.184E-09    6.240E+25    3.022E+04    6.236E+04    1.536E-04    1.761E+01    1.403E-51     r       4.6
6.865E+08    1.294E-09    6.240E+25    3.081E+04    6.820E+04    1.648E-04    1.740E+01    2.996E-51     r       4.6
6.864E+08    1.352E-09    6.240E+25    3.111E+04    7.128E+04    1.706E-04    1.730E+01    4.349E-51     r       4.6
6.862E+08    1.474E-09    6.240E+25    3.171E+04    7.778E+04    1.827E-04    1.711E+01    9.038E-51     r       4.6
6.861E+08    1.538E-09    6.240E+25    3.200E+04    8.119E+04    1.889E-04    1.701E+01    1.294E-50     r       4.6
6.860E+08    1.672E-09    6.240E+25    3.260E+04    8.838E+04    2.019E-04    1.682E+01    2.622E-50     r       4.6
6.859E+08    1.743E-09    6.240E+25    3.290E+04    9.216E+04    2.086E-04    1.673E+01    3.708E-50     r       4.6
6.857E+08    1.892E-09    6.240E+25    3.349E+04    1.001E+05    2.226E-04    1.655E+01    7.332E-50     r       4.6
6.856E+08    1.970E-09    6.240E+25    3.379E+04    1.043E+05    2.298E-04    1.646E+01    1.025E-49     r       4.6
6.854E+08    2.133E-09    6.240E+25    3.438E+04    1.130E+05    2.447E-04    1.629E+01    1.981E-49     r       4.6
6.854E+08    2.218E-09    6.240E+25    3.468E+04    1.176E+05    2.525E-04    1.620E+01    2.739E-49     r       4.6
6.852E+08    2.398E-09    6.240E+25    3.528E+04    1.272E+05    2.685E-04    1.604E+01    5.182E-49     r       4.6
6.851E+08    2.491E-09    6.240E+25    3.558E+04    1.322E+05    2.768E-04    1.596E+01    7.091E-49     r       4.6
6.849E+08    2.688E-09    6.240E+25    3.617E+04    1.427E+05    2.939E-04    1.580E+01    1.315E-48     r       4.6
6.848E+08    2.790E-09    6.240E+25    3.647E+04    1.482E+05    3.027E-04    1.572E+01    1.781E-48     r       4.6
6.847E+08    3.004E-09    6.240E+25    3.707E+04    1.598E+05    3.210E-04    1.556E+01    3.240E-48     r       4.6
6.846E+08    3.116E-09    6.240E+25    3.737E+04    1.658E+05    3.304E-04    1.549E+01    4.350E-48     r       4.6
6.844E+08    3.350E-09    6.240E+25    3.797E+04    1.783E+05    3.499E-04    1.534E+01    7.771E-48     r       4.6
6.843E+08    3.471E-09    6.240E+25    3.827E+04    1.849E+05    3.600E-04    1.527E+01    1.034E-47     r       4.6
6.841E+08    3.725E-09    6.240E+25    3.886E+04    1.986E+05    3.807E-04    1.513E+01    1.816E-47     r       4.6
6.840E+08    3.858E-09    6.240E+25    3.916E+04    2.057E+05    3.913E-04    1.506E+01    2.396E-47     r       4.6
6.839E+08    4.133E-09    6.240E+25    3.976E+04    2.206E+05    4.134E-04    1.492E+01    4.141E-47     r       4.6
6.838E+08    4.277E-09    6.240E+25    4.006E+04    2.284E+05    4.247E-04    1.485E+01    5.421E-47     r       4.6
6.836E+08    4.576E-09    6.240E+25    4.066E+04    2.446E+05    4.481E-04    1.472E+01    9.224E-47     r       4.6
6.835E+08    4.731E-09    6.240E+25    4.096E+04    2.530E+05    4.601E-04    1.465E+01    1.199E-46     r       4.6
6.834E+08    5.054E-09    6.240E+25    4.156E+04    2.705E+05    4.849E-04    1.453E+01    2.010E-46     r       4.6
6.833E+08    5.222E-09    6.240E+25    4.186E+04    2.796E+05    4.976E-04    1.446E+01    2.593E-46     r       4.6
6.831E+08    5.572E-09    6.240E+25    4.246E+04    2.985E+05    5.238E-04    1.434E+01    4.287E-46     r       4.6
6.830E+08    5.753E-09    6.240E+25    4.276E+04    3.084E+05    5.373E-04    1.428E+01    5.494E-46     r       4.6
6.828E+08    6.130E-09    6.240E+25    4.336E+04    3.288E+05    5.650E-04    1.416E+01    8.964E-46     r       4.6
6.827E+08    6.325E-09    6.240E+25    4.366E+04    3.395E+05    5.793E-04    1.410E+01    1.141E-45     r       4.6
6.826E+08    6.730E-09    6.240E+25    4.426E+04    3.615E+05    6.085E-04    1.398E+01    1.839E-45     r       4.6
6.825E+08    6.941E-09    6.240E+25    4.456E+04    3.730E+05    6.236E-04    1.393E+01    2.327E-45     r       4.6
6.823E+08    7.377E-09    6.240E+25    4.517E+04    3.967E+05    6.545E-04    1.381E+01    3.703E-45     r       4.6
6.822E+08    7.602E-09    6.240E+25    4.547E+04    4.091E+05    6.704E-04    1.376E+01    4.658E-45     r       4.6
6.820E+08    8.070E-09    6.240E+25    4.607E+04    4.346E+05    7.029E-04    1.365E+01    7.329E-45     r       4.6
6.820E+08    8.313E-09    6.240E+25    4.637E+04    4.478E+05    7.196E-04    1.360E+01    9.167E-45     r       4.6
6.818E+08    8.815E-09    6.240E+25    4.697E+04    4.753E+05    7.539E-04    1.349E+01    1.426E-44     r       4.6
6.817E+08    9.074E-09    6.240E+25    4.728E+04    4.895E+05    7.715E-04    1.344E+01    1.775E-44     r       4.6
6.815E+08    9.612E-09    6.240E+25    4.788E+04    5.189E+05    8.076E-04    1.334E+01    2.732E-44     r       4.6
6.814E+08    9.890E-09    6.240E+25    4.818E+04    5.341E+05    8.261E-04    1.329E+01    3.381E-44     r       4.6
6.813E+08    1.046E-08    6.240E+25    4.878E+04    5.657E+05    8.641E-04    1.319E+01    5.154E-44     r       4.6
6.812E+08    1.076E-08    6.240E+25    4.909E+04    5.820E+05    8.835E-04    1.314E+01    6.347E-44     r       4.6
6.810E+08    1.138E-08    6.240E+25    4.969E+04    6.157E+05    9.233E-04    1.304E+01    9.580E-44     r       4.6
6.809E+08    1.169E-08    6.240E+25    4.999E+04    6.331E+05    9.438E-04    1.299E+01    1.174E-43     r       4.6
6.807E+08    1.235E-08    6.240E+25    5.060E+04    6.691E+05    9.856E-04    1.290E+01    1.756E-43     r       4.6
6.807E+08    1.269E-08    6.240E+25    5.090E+04    6.878E+05    1.007E-03    1.285E+01    2.142E-43     r       4.6
6.805E+08    1.338E-08    6.240E+25    5.150E+04    7.262E+05    1.051E-03    1.276E+01    3.175E-43     r       4.6
6.804E+08    1.374E-08    6.240E+25    5.181E+04    7.461E+05    1.073E-03    1.272E+01    3.856E-43     r       4.6
6.802E+08    1.449E-08    6.240E+25    5.241E+04    7.871E+05    1.119E-03    1.263E+01    5.666E-43     r       4.6
6.801E+08    1.487E-08    6.240E+25    5.272E+04    8.083E+05    1.143E-03    1.259E+01    6.854E-43     r       4.6
6.800E+08    1.566E-08    6.240E+25    5.332E+04    8.519E+05    1.191E-03    1.250E+01    9.988E-43     r       4.6
6.799E+08    1.607E-08    6.240E+25    5.363E+04    8.745E+05    1.215E-03    1.246E+01    1.203E-42     r       4.6
6.797E+08    1.691E-08    6.240E+25    5.423E+04    9.209E+05    1.266E-03    1.237E+01    1.740E-42     r       4.6
6.796E+08    1.734E-08    6.240E+25    5.454E+04    9.449E+05    1.291E-03    1.233E+01    2.087E-42     r       4.6
6.794E+08    1.823E-08    6.240E+25    5.514E+04    9.943E+05    1.344E-03    1.225E+01    2.995E-42     r       4.6
6.793E+08    1.869E-08    6.240E+25    5.545E+04    1.020E+06    1.371E-03    1.221E+01    3.580E-42     r       4.6
6.792E+08    1.964E-08    6.240E+25    5.605E+04    1.072E+06    1.426E-03    1.213E+01    5.099E-42     r       4.6
6.791E+08    2.012E-08    6.240E+25    5.636E+04    1.099E+06    1.454E-03    1.209E+01    6.073E-42     r       4.6
6.789E+08    2.112E-08    6.240E+25    5.697E+04    1.155E+06    1.511E-03    1.201E+01    8.588E-42     r       4.6
6.788E+08    2.164E-08    6.240E+25    5.727E+04    1.184E+06    1.540E-03    1.197E+01    1.019E-41     r       4.6
6.787E+08    2.270E-08    6.240E+25    5.788E+04    1.243E+06    1.600E-03    1.190E+01    1.432E-41     r       4.6
6.783E+08    2.494E-08    6.240E+25    5.910E+04    1.368E+06    1.725E-03    1.175E+01    2.786E-41     r       4.6
6.781E+08    2.613E-08    6.240E+25    5.971E+04    1.434E+06    1.790E-03    1.168E+01    3.862E-41     r       4.6
6.778E+08    2.863E-08    6.240E+25    6.093E+04    1.574E+06    1.925E-03    1.153E+01    7.329E-41     r       4.6
6.776E+08    2.995E-08    6.240E+25    6.154E+04    1.648E+06    1.996E-03    1.147E+01    1.004E-40     r       4.6
6.773E+08    3.273E-08    6.240E+25    6.276E+04    1.804E+06    2.142E-03    1.133E+01    1.860E-40     r       4.6
6.771E+08    3.419E-08    6.240E+25    6.337E+04    1.886E+06    2.219E-03    1.127E+01    2.519E-40     r       4.6
6.767E+08    3.728E-08    6.240E+25    6.460E+04    2.060E+06    2.377E-03    1.114E+01    4.568E-40     r       4.6
6.766E+08    3.890E-08    6.240E+25    6.521E+04    2.151E+06    2.459E-03    1.107E+01    6.119E-40     r       4.6
6.762E+08    4.231E-08    6.240E+25    6.643E+04    2.344E+06    2.630E-03    1.095E+01    1.087E-39     r       4.6
6.760E+08    4.410E-08    6.240E+25    6.705E+04    2.445E+06    2.719E-03    1.089E+01    1.442E-39     r       4.6
6.757E+08    4.786E-08    6.240E+25    6.828E+04    2.658E+06    2.902E-03    1.077E+01    2.512E-39     r       4.6
6.755E+08    4.984E-08    6.240E+25    6.889E+04    2.770E+06    2.998E-03    1.071E+01    3.300E-39     r       4.6
6.752E+08    5.397E-08    6.240E+25    7.012E+04    3.005E+06    3.195E-03    1.060E+01    5.647E-39     r       4.6
6.750E+08    5.614E-08    6.240E+25    7.074E+04    3.128E+06    3.297E-03    1.054E+01    7.354E-39     r       4.6
6.747E+08    6.068E-08    6.240E+25    7.197E+04    3.387E+06    3.509E-03    1.044E+01    1.237E-38     r       4.6
6.745E+08    6.306E-08    6.240E+25    7.259E+04    3.523E+06    3.618E-03    1.038E+01    1.597E-38     r       4.6
6.741E+08    6.803E-08    6.240E+25    7.382E+04    3.807E+06    3.845E-03    1.028E+01    2.643E-38     r       4.6
6.740E+08    7.063E-08    6.240E+25    7.444E+04    3.956E+06    3.962E-03    1.023E+01    3.387E-38     r       4.6
6.736E+08    7.606E-08    6.240E+25    7.567E+04    4.267E+06    4.204E-03    1.013E+01    5.518E-38     r       4.6
6.734E+08    7.889E-08    6.240E+25    7.629E+04    4.430E+06    4.330E-03    1.008E+01    7.019E-38     r       4.6
6.731E+08    8.481E-08    6.240E+25    7.753E+04    4.770E+06    4.588E-03    9.980E+00    1.127E-37     r       4.6
6.729E+08    8.790E-08    6.240E+25    7.815E+04    4.948E+06    4.722E-03    9.932E+00    1.424E-37     r       4.6
6.726E+08    9.435E-08    6.240E+25    7.939E+04    5.320E+06    4.997E-03    9.839E+00    2.255E-37     r       4.6
6.724E+08    9.770E-08    6.240E+25    8.001E+04    5.514E+06    5.139E-03    9.793E+00    2.829E-37     r       4.6
6.720E+08    1.047E-07    6.240E+25    8.125E+04    5.919E+06    5.432E-03    9.703E+00    4.424E-37     r       4.6
6.719E+08    1.083E-07    6.240E+25    8.187E+04    6.130E+06    5.584E-03    9.659E+00    5.514E-37     r       4.6
6.715E+08    1.159E-07    6.240E+25    8.312E+04    6.571E+06    5.895E-03    9.572E+00    8.516E-37     r       4.6
6.713E+08    1.199E-07    6.240E+25    8.374E+04    6.800E+06    6.056E-03    9.529E+00    1.055E-36     r       4.6
6.710E+08    1.281E-07    6.240E+25    8.499E+04    7.279E+06    6.387E-03    9.445E+00    1.611E-36     r       4.6
6.708E+08    1.324E-07    6.240E+25    8.561E+04    7.528E+06    6.557E-03    9.404E+00    1.984E-36     r       4.6
6.705E+08    1.412E-07    6.240E+25    8.686E+04    8.046E+06    6.908E-03    9.323E+00    2.994E-36     r       4.6
6.703E+08    1.458E-07    6.240E+25    8.748E+04    8.316E+06    7.089E-03    9.283E+00    3.669E-36     r       4.6
6.700E+08    1.554E-07    6.240E+25    8.873E+04    8.876E+06    7.460E-03    9.204E+00    5.478E-36     r       4.6
6.698E+08    1.604E-07    6.240E+25    8.936E+04    9.168E+06    7.652E-03    9.166E+00    6.677E-36     r       4.6
6.694E+08    1.707E-07    6.240E+25    9.061E+04    9.774E+06    8.045E-03    9.090E+00    9.869E-36     r       4.6
6.693E+08    1.760E-07    6.240E+25    9.124E+04    1.009E+07    8.247E-03    9.052E+00    1.197E-35     r       4.6
6.689E+08    1.871E-07    6.240E+25    9.249E+04    1.074E+07    8.662E-03    8.978E+00    1.752E-35     r       4.6
6.687E+08    1.929E-07    6.240E+25    9.312E+04    1.108E+07    8.876E-03    8.942E+00    2.115E-35     r       4.6
6.684E+08    2.048E-07    6.240E+25    9.437E+04    1.179E+07    9.315E-03    8.871E+00    3.067E-35     r       4.6
6.682E+08    2.110E-07    6.240E+25    9.500E+04    1.215E+07    9.540E-03    8.835E+00    3.685E-35     r       4.6
6.679E+08    2.237E-07    6.240E+25    9.626E+04    1.291E+07    1.000E-02    8.766E+00    5.296E-35     r       4.6
6.677E+08    2.303E-07    6.240E+25    9.689E+04    1.330E+07    1.024E-02    8.732E+00    6.336E-35     r       4.6
6.673E+08    2.440E-07    6.240E+25    9.815E+04    1.412E+07    1.073E-02    8.665E+00    9.030E-35     r       4.6
6.672E+08    2.511E-07    6.240E+25    9.878E+04    1.454E+07    1.098E-02    8.632E+00    1.076E-34     r       4.6
6.668E+08    2.658E-07    6.240E+25    1.000E+05    1.541E+07    1.149E-02    8.566E+00    1.521E-34     r       4.6
6.667E+08    2.733E-07    6.240E+25    1.007E+05    1.587E+07    1.176E-02    8.534E+00    1.804E-34     r       4.6
6.663E+08    2.890E-07    6.240E+25    1.019E+05    1.681E+07    1.230E-02    8.471E+00    2.531E-34     r       4.6
6.661E+08    2.971E-07    6.240E+25    1.026E+05    1.729E+07    1.257E-02    8.439E+00    2.991E-34     r       4.6
6.658E+08    3.138E-07    6.240E+25    1.038E+05    1.829E+07    1.314E-02    8.378E+00    4.164E-34     r       4.6
6.656E+08    3.224E-07    6.240E+25    1.045E+05    1.881E+07    1.343E-02    8.347E+00    4.904E-34     r       4.6
6.653E+08    3.402E-07    6.240E+25    1.057E+05    1.989E+07    1.403E-02    8.287E+00    6.777E-34     r       4.6
6.651E+08    3.494E-07    6.240E+25    1.064E+05    2.044E+07    1.433E-02    8.258E+00    7.953E-34     r       4.6
6.647E+08    3.684E-07    6.240E+25    1.076E+05    2.159E+07    1.496E-02    8.199E+00    1.092E-33     r       4.6
6.646E+08    3.782E-07    6.240E+25    1.083E+05    2.218E+07    1.528E-02    8.171E+00    1.277E-33     r       4.6
6.642E+08    3.984E-07    6.240E+25    1.096E+05    2.341E+07    1.594E-02    8.114E+00    1.740E-33     r       4.6
6.640E+08    4.088E-07    6.240E+25    1.102E+05    2.404E+07    1.627E-02    8.086E+00    2.029E-33     r       4.6
6.637E+08    4.302E-07    6.240E+25    1.115E+05    2.534E+07    1.696E-02    8.030E+00    2.748E-33     r       4.6
6.635E+08    4.413E-07    6.240E+25    1.121E+05    2.602E+07    1.731E-02    8.003E+00    3.194E-33     r       4.6
6.632E+08    4.641E-07    6.240E+25    1.134E+05    2.741E+07    1.803E-02    7.949E+00    4.300E-33     r       4.6
6.630E+08    4.758E-07    6.240E+25    1.140E+05    2.813E+07    1.840E-02    7.923E+00    4.981E-33     r       4.6
6.627E+08    5.000E-07    6.240E+25    1.153E+05    2.961E+07    1.915E-02    7.870E+00    6.667E-33     r       4.6
6.625E+08    5.124E-07    6.240E+25    1.159E+05    3.037E+07    1.954E-02    7.844E+00    7.701E-33     r       4.6
6.621E+08    5.380E-07    6.240E+25    1.172E+05    3.194E+07    2.033E-02    7.793E+00    1.025E-32     r       4.6
6.620E+08    5.512E-07    6.240E+25    1.179E+05    3.275E+07    2.073E-02    7.767E+00    1.180E-32     r       4.6
6.616E+08    5.783E-07    6.240E+25    1.191E+05    3.443E+07    2.155E-02    7.717E+00    1.562E-32     r       4.6
6.614E+08    5.923E-07    6.240E+25    1.198E+05    3.529E+07    2.198E-02    7.693E+00    1.794E-32     r       4.6
6.611E+08    6.210E-07    6.240E+25    1.211E+05    3.706E+07    2.284E-02    7.644E+00    2.362E-32     r       4.6
6.609E+08    6.358E-07    6.240E+25    1.217E+05    3.797E+07    2.328E-02    7.620E+00    2.706E-32     r       4.6
6.606E+08    6.661E-07    6.240E+25    1.230E+05    3.986E+07    2.417E-02    7.572E+00    3.543E-32     r       4.6
6.599E+08    7.302E-07    6.240E+25    1.256E+05    4.385E+07    2.605E-02    7.479E+00    6.015E-32     r       4.6
6.595E+08    7.641E-07    6.240E+25    1.269E+05    4.596E+07    2.702E-02    7.434E+00    7.800E-32     r       4.6
6.588E+08    8.355E-07    6.240E+25    1.295E+05    5.043E+07    2.906E-02    7.345E+00    1.299E-31     r       4.6
6.585E+08    8.731E-07    6.240E+25    1.307E+05    5.279E+07    3.012E-02    7.301E+00    1.669E-31     r       4.6
6.578E+08    9.523E-07    6.240E+25    1.333E+05    5.778E+07    3.233E-02    7.216E+00    2.732E-31     r       4.6
6.574E+08    9.940E-07    6.240E+25    1.346E+05    6.041E+07    3.347E-02    7.175E+00    3.480E-31     r       4.6
6.567E+08    1.082E-06    6.240E+25    1.372E+05    6.597E+07    3.586E-02    7.094E+00    5.600E-31     r       4.6
6.564E+08    1.128E-06    6.240E+25    1.386E+05    6.890E+07    3.710E-02    7.054E+00    7.076E-31     r       4.6
6.557E+08    1.225E-06    6.240E+25    1.412E+05    7.508E+07    3.968E-02    6.976E+00    1.121E-30     r       4.6
6.553E+08    1.275E-06    6.240E+25    1.425E+05    7.833E+07    4.102E-02    6.938E+00    1.406E-30     r       4.6
6.547E+08    1.382E-06    6.240E+25    1.451E+05    8.518E+07    4.380E-02    6.863E+00    2.195E-30     r       4.6
6.543E+08    1.438E-06    6.240E+25    1.464E+05    8.878E+07    4.524E-02    6.826E+00    2.733E-30     r       4.6
6.536E+08    1.555E-06    6.240E+25    1.490E+05    9.635E+07    4.823E-02    6.754E+00    4.208E-30     r       4.6
6.533E+08    1.616E-06    6.240E+25    1.503E+05    1.003E+08    4.978E-02    6.719E+00    5.204E-30     r       4.6
6.526E+08    1.745E-06    6.240E+25    1.530E+05    1.087E+08    5.300E-02    6.650E+00    7.907E-30     r       4.6
6.522E+08    1.812E-06    6.240E+25    1.543E+05    1.130E+08    5.466E-02    6.616E+00    9.717E-30     r       4.6
6.515E+08    1.952E-06    6.240E+25    1.570E+05    1.222E+08    5.811E-02    6.550E+00    1.458E-29     r       4.6
6.512E+08    2.026E-06    6.240E+25    1.583E+05    1.271E+08    5.989E-02    6.517E+00    1.781E-29     r       4.6
6.505E+08    2.179E-06    6.240E+25    1.609E+05    1.371E+08    6.359E-02    6.453E+00    2.642E-29     r       4.6
6.501E+08    2.259E-06    6.240E+25    1.623E+05    1.424E+08    6.550E-02    6.422E+00    3.209E-29     r       4.6
6.494E+08    2.426E-06    6.240E+25    1.649E+05    1.535E+08    6.945E-02    6.360E+00    4.708E-29     r       4.6
6.491E+08    2.513E-06    6.240E+25    1.663E+05    1.593E+08    7.149E-02    6.330E+00    5.687E-29     r       4.6
6.484E+08    2.694E-06    6.240E+25    1.689E+05    1.714E+08    7.571E-02    6.270E+00    8.255E-29     r       4.6
6.480E+08    2.789E-06    6.240E+25    1.703E+05    1.777E+08    7.789E-02    6.241E+00    9.920E-29     r       4.6
6.473E+08    2.986E-06    6.240E+25    1.730E+05    1.910E+08    8.239E-02    6.183E+00    1.426E-28     r       4.6
6.470E+08    3.088E-06    6.240E+25    1.743E+05    1.979E+08    8.471E-02    6.155E+00    1.705E-28     r       4.6
6.463E+08    3.302E-06    6.240E+25    1.770E+05    2.123E+08    8.950E-02    6.099E+00    2.427E-28     r       4.6
6.460E+08    3.413E-06    6.240E+25    1.783E+05    2.198E+08    9.198E-02    6.072E+00    2.889E-28     r       4.6
6.453E+08    3.644E-06    6.240E+25    1.810E+05    2.355E+08    9.708E-02    6.018E+00    4.075E-28     r       4.6
6.449E+08    3.764E-06    6.240E+25    1.824E+05    2.437E+08    9.971E-02    5.992E+00    4.829E-28     r       4.6
6.442E+08    4.013E-06    6.240E+25    1.851E+05    2.608E+08    1.051E-01    5.940E+00    6.752E-28     r       4.6
6.439E+08    4.142E-06    6.240E+25    1.864E+05    2.697E+08    1.079E-01    5.914E+00    7.968E-28     r       4.6
6.432E+08    4.411E-06    6.240E+25    1.892E+05    2.882E+08    1.137E-01    5.864E+00    1.105E-27     r       4.6
6.428E+08    4.551E-06    6.240E+25    1.905E+05    2.979E+08    1.167E-01    5.839E+00    1.299E-27     r       4.6
6.421E+08    4.840E-06    6.240E+25    1.933E+05    3.179E+08    1.228E-01    5.790E+00    1.787E-27     r       4.6
6.418E+08    4.991E-06    6.240E+25    1.946E+05    3.284E+08    1.259E-01    5.766E+00    2.092E-27     r       4.6
6.411E+08    5.302E-06    6.240E+25    1.974E+05    3.501E+08    1.324E-01    5.719E+00    2.857E-27     r       4.6
6.407E+08    5.463E-06    6.240E+25    1.987E+05    3.614E+08    1.357E-01    5.696E+00    3.333E-27     r       4.6
6.400E+08    5.798E-06    6.240E+25    2.015E+05    3.849E+08    1.426E-01    5.650E+00    4.519E-27     r       4.6
6.397E+08    5.971E-06    6.240E+25    2.028E+05    3.971E+08    1.461E-01    5.627E+00    5.252E-27     r       4.6
6.390E+08    6.330E-06    6.240E+25    2.056E+05    4.225E+08    1.534E-01    5.582E+00    7.072E-27     r       4.6
6.386E+08    6.515E-06    6.240E+25    2.070E+05    4.357E+08    1.571E-01    5.560E+00    8.192E-27     r       4.6
6.380E+08    6.899E-06    6.240E+25    2.097E+05    4.630E+08    1.648E-01    5.517E+00    1.096E-26     r       4.6
6.376E+08    7.098E-06    6.240E+25    2.111E+05    4.772E+08    1.687E-01    5.496E+00    1.265E-26     r       4.6
6.369E+08    7.509E-06    6.240E+25    2.139E+05    5.067E+08    1.768E-01    5.454E+00    1.682E-26     r       4.6
6.366E+08    7.722E-06    6.240E+25    2.153E+05    5.220E+08    1.810E-01    5.433E+00    1.936E-26     r       4.6
6.359E+08    8.161E-06    6.240E+25    2.181E+05    5.537E+08    1.895E-01    5.392E+00    2.557E-26     r       4.6
6.355E+08    8.388E-06    6.240E+25    2.195E+05    5.701E+08    1.939E-01    5.372E+00    2.934E-26     r       4.6
6.348E+08    8.857E-06    6.240E+25    2.222E+05    6.041E+08    2.029E-01    5.332E+00    3.854E-26     r       4.6
6.345E+08    9.099E-06    6.240E+25    2.236E+05    6.218E+08    2.075E-01    5.312E+00    4.410E-26     r       4.6
6.338E+08    9.599E-06    6.240E+25    2.264E+05    6.583E+08    2.170E-01    5.273E+00    5.759E-26     r       4.6
6.334E+08    9.857E-06    6.240E+25    2.278E+05    6.773E+08    2.218E-01    5.254E+00    6.572E-26     r       4.6
6.327E+08    1.039E-05    6.240E+25    2.306E+05    7.165E+08    2.318E-01    5.216E+00    8.537E-26     r       4.6
6.324E+08    1.067E-05    6.240E+25    2.321E+05    7.367E+08    2.370E-01    5.198E+00    9.716E-26     r       4.6
6.317E+08    1.123E-05    6.240E+25    2.349E+05    7.787E+08    2.475E-01    5.161E+00    1.255E-25     r       4.6
6.313E+08    1.152E-05    6.240E+25    2.363E+05    8.005E+08    2.528E-01    5.143E+00    1.425E-25     r       4.6
6.306E+08    1.213E-05    6.240E+25    2.391E+05    8.454E+08    2.639E-01    5.107E+00    1.832E-25     r       4.6
6.303E+08    1.244E-05    6.240E+25    2.405E+05    8.686E+08    2.695E-01    5.089E+00    2.075E-25     r       4.6
6.296E+08    1.308E-05    6.240E+25    2.434E+05    9.167E+08    2.811E-01    5.054E+00    2.655E-25     r       4.6
6.293E+08    1.341E-05    6.240E+25    2.448E+05    9.415E+08    2.871E-01    5.037E+00    3.000E-25     r       4.6
6.286E+08    1.409E-05    6.240E+25    2.476E+05    9.928E+08    2.992E-01    5.003E+00    3.820E-25     r       4.6
6.282E+08    1.444E-05    6.240E+25    2.491E+05    1.019E+09    3.055E-01    4.986E+00    4.306E-25     r       4.6
6.275E+08    1.516E-05    6.240E+25    2.519E+05    1.074E+09    3.182E-01    4.953E+00    5.459E-25     r       4.6
6.272E+08    1.553E-05    6.240E+25    2.534E+05    1.102E+09    3.248E-01    4.936E+00    6.139E-25     r       4.6
6.265E+08    1.629E-05    6.240E+25    2.562E+05    1.161E+09    3.382E-01    4.904E+00    7.750E-25     r       4.6
6.261E+08    1.668E-05    6.240E+25    2.577E+05    1.191E+09    3.450E-01    4.888E+00    8.698E-25     r       4.6
6.254E+08    1.749E-05    6.240E+25    2.605E+05    1.253E+09    3.591E-01    4.856E+00    1.093E-24     r       4.6
6.251E+08    1.791E-05    6.240E+25    2.620E+05    1.285E+09    3.662E-01    4.840E+00    1.224E-24     r       4.6
6.244E+08    1.876E-05    6.240E+25    2.649E+05    1.352E+09    3.809E-01    4.809E+00    1.533E-24     r       4.6
6.240E+08    1.920E-05    6.240E+25    2.663E+05    1.386E+09    3.884E-01    4.794E+00    1.713E-24     r       4.6
6.233E+08    2.010E-05    6.240E+25    2.692E+05    1.456E+09    4.038E-01    4.764E+00    2.137E-24     r       4.6
6.230E+08    2.057E-05    6.240E+25    2.706E+05    1.493E+09    4.117E-01    4.749E+00    2.384E-24     r       4.6
6.223E+08    2.152E-05    6.240E+25    2.736E+05    1.568E+09    4.278E-01    4.719E+00    2.961E-24     r       4.6
6.219E+08    2.201E-05    6.240E+25    2.750E+05    1.606E+09    4.360E-01    4.704E+00    3.297E-24     r       4.6
6.213E+08    2.302E-05    6.240E+25    2.779E+05    1.686E+09    4.528E-01    4.675E+00    4.081E-24     r       4.6
6.199E+08    2.514E-05    6.240E+25    2.838E+05    1.855E+09    4.880E-01    4.619E+00    6.208E-24     r       4.6
6.192E+08    2.626E-05    6.240E+25    2.867E+05    1.945E+09    5.063E-01    4.591E+00    7.631E-24     r       4.6
6.178E+08    2.861E-05    6.240E+25    2.926E+05    2.135E+09    5.447E-01    4.537E+00    1.145E-23     r       4.6
6.171E+08    2.985E-05    6.240E+25    2.956E+05    2.236E+09    5.647E-01    4.510E+00    1.398E-23     r       4.6
6.157E+08    3.246E-05    6.240E+25    3.015E+05    2.449E+09    6.064E-01    4.458E+00    2.072E-23     r       4.6
6.150E+08    3.383E-05    6.240E+25    3.045E+05    2.562E+09    6.282E-01    4.432E+00    2.514E-23     r       4.6
6.136E+08    3.671E-05    6.240E+25    3.104E+05    2.801E+09    6.735E-01    4.382E+00    3.681E-23     r       4.6
6.129E+08    3.822E-05    6.240E+25    3.134E+05    2.927E+09    6.972E-01    4.358E+00    4.441E-23     r       4.6
6.115E+08    4.139E-05    6.240E+25    3.194E+05    3.194E+09    7.463E-01    4.310E+00    6.429E-23     r       4.6
6.108E+08    4.305E-05    6.240E+25    3.225E+05    3.335E+09    7.719E-01    4.286E+00    7.714E-23     r       4.6
6.094E+08    4.653E-05    6.240E+25    3.285E+05    3.632E+09    8.252E-01    4.240E+00    1.105E-22     r       4.6
6.087E+08    4.836E-05    6.240E+25    3.316E+05    3.788E+09    8.529E-01    4.217E+00    1.319E-22     r       4.6
6.073E+08    5.218E-05    6.240E+25    3.377E+05    4.119E+09    9.106E-01    4.173E+00    1.870E-22     r       4.6
6.066E+08    5.418E-05    6.240E+25    3.407E+05    4.293E+09    9.405E-01    4.151E+00    2.221E-22     r       4.6
6.053E+08    5.836E-05    6.240E+25    3.469E+05    4.659E+09    1.003E+00    4.108E+00    3.119E-22     r       4.6
6.046E+08    6.054E-05    6.240E+25    3.499E+05    4.852E+09    1.035E+00    4.087E+00    3.688E-22     r       4.6
6.032E+08    6.511E-05    6.240E+25    3.561E+05    5.258E+09    1.102E+00    4.045E+00    5.133E-22     r       4.6
6.025E+08    6.749E-05    6.240E+25    3.592E+05    5.471E+09    1.137E+00    4.025E+00    6.042E-22     r       4.6
6.011E+08    7.247E-05    6.240E+25    3.655E+05    5.920E+09    1.209E+00    3.985E+00    8.337E-22     r       4.6
6.004E+08    7.507E-05    6.240E+25    3.686E+05    6.155E+09    1.247E+00    3.965E+00    9.772E-22     r       4.6
5.990E+08    8.048E-05    6.240E+25    3.749E+05    6.651E+09    1.324E+00    3.927E+00    1.337E-21     r       4.6
5.983E+08    8.331E-05    6.240E+25    3.780E+05    6.910E+09    1.365E+00    3.908E+00    1.561E-21     r       4.6
5.969E+08    8.919E-05    6.240E+25    3.843E+05    7.456E+09    1.448E+00    3.870E+00    2.120E-21     r       4.6
5.962E+08    9.226E-05    6.240E+25    3.875E+05    7.742E+09    1.492E+00    3.852E+00    2.466E-21     r       4.6
5.948E+08    9.864E-05    6.240E+25    3.939E+05    8.342E+09    1.581E+00    3.816E+00    3.325E-21     r       4.6
5.941E+08    1.020E-04    6.240E+25    3.970E+05    8.656E+09    1.628E+00    3.798E+00    3.853E-21     r       4.6
5.927E+08    1.089E-04    6.240E+25    4.035E+05    9.315E+09    1.724E+00    3.763E+00    5.157E-21     r       4.6
5.920E+08    1.125E-04    6.240E+25    4.067E+05    9.660E+09    1.773E+00    3.746E+00    5.957E-21     r       4.6
5.906E+08    1.200E-04    6.240E+25    4.131E+05    1.038E+10    1.876E+00    3.712E+00    7.919E-21     r       4.6
5.899E+08    1.238E-04    6.240E+25    4.164E+05    1.076E+10    1.930E+00    3.695E+00    9.117E-21     r       4.6
5.886E+08    1.319E-04    6.240E+25    4.229E+05    1.155E+10    2.040E+00    3.662E+00    1.204E-20     r       4.6
5.879E+08    1.361E-04    6.240E+25    4.261E+05    1.197E+10    2.097E+00    3.646E+00    1.382E-20     r       4.6
5.865E+08    1.448E-04    6.240E+25    4.327E+05    1.283E+10    2.214E+00    3.614E+00    1.815E-20     r       4.6
5.858E+08    1.493E-04    6.240E+25    4.360E+05    1.328E+10    2.275E+00    3.598E+00    2.076E-20     r       4.6
5.844E+08    1.587E-04    6.240E+25    4.425E+05    1.423E+10    2.401E+00    3.567E+00    2.710E-20     r       4.6
5.837E+08    1.636E-04    6.240E+25    4.459E+05    1.472E+10    2.466E+00    3.552E+00    3.091E-20     r       4.6
5.823E+08    1.737E-04    6.240E+25    4.525E+05    1.576E+10    2.600E+00    3.522E+00    4.012E-20     r       4.6
5.816E+08    1.789E-04    6.240E+25    4.558E+05    1.630E+10    2.669E+00    3.507E+00    4.565E-20     r       4.6
5.802E+08    1.897E-04    6.240E+25    4.625E+05    1.742E+10    2.812E+00    3.477E+00    5.893E-20     r       4.6
5.795E+08    1.953E-04    6.240E+25    4.659E+05    1.801E+10    2.886E+00    3.463E+00    6.687E-20     r       4.6
5.781E+08    2.070E-04    6.240E+25    4.726E+05    1.923E+10    3.038E+00    3.434E+00    8.587E-20     r       4.6
5.774E+08    2.130E-04    6.240E+25    4.760E+05    1.987E+10    3.116E+00    3.420E+00    9.719E-20     r       4.6
5.760E+08    2.255E-04    6.240E+25    4.828E+05    2.120E+10    3.278E+00    3.393E+00    1.242E-19     r       4.6
5.753E+08    2.319E-04    6.240E+25    4.862E+05    2.189E+10    3.362E+00    3.379E+00    1.402E-19     r       4.6
5.739E+08    2.452E-04    6.240E+25    4.930E+05    2.334E+10    3.534E+00    3.352E+00    1.784E-19     r       4.6
5.732E+08    2.521E-04    6.240E+25    4.965E+05    2.409E+10    3.623E+00    3.338E+00    2.009E-19     r       4.6
5.719E+08    2.664E-04    6.240E+25    5.034E+05    2.566E+10    3.806E+00    3.312E+00    2.544E-19     r       4.6
5.712E+08    2.738E-04    6.240E+25    5.068E+05    2.648E+10    3.901E+00    3.299E+00    2.859E-19     r       4.6
5.698E+08    2.890E-04    6.240E+25    5.138E+05    2.818E+10    4.095E+00    3.273E+00    3.604E-19     r       4.6
5.691E+08    2.969E-04    6.240E+25    5.172E+05    2.907E+10    4.195E+00    3.261E+00    4.041E-19     r       4.6
5.677E+08    3.132E-04    6.240E+25    5.242E+05    3.091E+10    4.402E+00    3.236E+00    5.073E-19     r       4.6
5.670E+08    3.216E-04    6.240E+25    5.277E+05    3.187E+10    4.508E+00    3.223E+00    5.677E-19     r       4.6
5.656E+08    3.390E-04    6.240E+25    5.348E+05    3.386E+10    4.727E+00    3.199E+00    7.096E-19     r       4.6
5.649E+08    3.479E-04    6.240E+25    5.383E+05    3.490E+10    4.840E+00    3.187E+00    7.926E-19     r       4.6
5.635E+08    3.664E-04    6.240E+25    5.454E+05    3.705E+10    5.072E+00    3.163E+00    9.869E-19     r       4.6
5.628E+08    3.759E-04    6.240E+25    5.490E+05    3.817E+10    5.192E+00    3.151E+00    1.100E-18     r       4.6
5.614E+08    3.956E-04    6.240E+25    5.561E+05    4.050E+10    5.438E+00    3.128E+00    1.365E-18     r       4.6
5.607E+08    4.058E-04    6.240E+25    5.597E+05    4.171E+10    5.564E+00    3.117E+00    1.519E-18     r       4.6
5.593E+08    4.267E-04    6.240E+25    5.669E+05    4.422E+10    5.824E+00    3.094E+00    1.877E-18     r       4.6
5.586E+08    4.375E-04    6.240E+25    5.705E+05    4.553E+10    5.958E+00    3.083E+00    2.085E-18     r       4.6
5.572E+08    4.597E-04    6.240E+25    5.778E+05    4.824E+10    6.234E+00    3.061E+00    2.567E-18     r       4.6
5.565E+08    4.712E-04    6.240E+25    5.814E+05    4.965E+10    6.376E+00    3.050E+00    2.847E-18     r       4.6
5.552E+08    4.948E-04    6.240E+25    5.888E+05    5.257E+10    6.667E+00    3.028E+00    3.494E-18     r       4.6
5.545E+08    5.070E-04    6.240E+25    5.924E+05    5.409E+10    6.817E+00    3.017E+00    3.867E-18     r       4.6
5.531E+08    5.320E-04    6.240E+25    5.998E+05    5.723E+10    7.125E+00    2.996E+00    4.731E-18     r       4.6
5.524E+08    5.449E-04    6.240E+25    6.035E+05    5.887E+10    7.283E+00    2.985E+00    5.229E-18     r       4.6
5.510E+08    5.715E-04    6.240E+25    6.109E+05    6.225E+10    7.608E+00    2.965E+00    6.376E-18     r       4.6
5.503E+08    5.851E-04    6.240E+25    6.146E+05    6.401E+10    7.776E+00    2.954E+00    7.035E-18     r       4.6
5.489E+08    6.133E-04    6.240E+25    6.221E+05    6.765E+10    8.119E+00    2.934E+00    8.553E-18     r       4.6
5.482E+08    6.277E-04    6.240E+25    6.259E+05    6.954E+10    8.296E+00    2.924E+00    9.423E-18     r       4.6
5.468E+08    6.575E-04    6.240E+25    6.334E+05    7.345E+10    8.659E+00    2.904E+00    1.142E-17     r       4.6
5.461E+08    6.728E-04    6.240E+25    6.372E+05    7.548E+10    8.845E+00    2.894E+00    1.257E-17     r       4.6
5.447E+08    7.043E-04    6.240E+25    6.448E+05    7.969E+10    9.228E+00    2.875E+00    1.519E-17     r       4.6
5.440E+08    7.205E-04    6.240E+25    6.486E+05    8.187E+10    9.424E+00    2.865E+00    1.669E-17     r       4.6
5.426E+08    7.538E-04    6.240E+25    6.563E+05    8.638E+10    9.828E+00    2.846E+00    2.011E-17     r       4.6
5.419E+08    7.710E-04    6.240E+25    6.601E+05    8.872E+10    1.003E+01    2.837E+00    2.206E-17     r       4.6
5.405E+08    8.061E-04    6.240E+25    6.678E+05    9.356E+10    1.046E+01    2.818E+00    2.652E-17     r       4.6
5.398E+08    8.242E-04    6.240E+25    6.717E+05    9.606E+10    1.068E+01    2.809E+00    2.906E-17     r       4.6
5.385E+08    8.614E-04    6.240E+25    6.795E+05    1.013E+11    1.113E+01    2.791E+00    3.483E-17     r       4.6
5.378E+08    8.804E-04    6.240E+25    6.834E+05    1.039E+11    1.136E+01    2.782E+00    3.812E-17     r       4.6
5.364E+08    9.196E-04    6.240E+25    6.912E+05    1.095E+11    1.183E+01    2.764E+00    4.558E-17     r       4.6
5.357E+08    9.397E-04    6.240E+25    6.952E+05    1.124E+11    1.207E+01    2.755E+00    4.982E-17     r       4.6
5.343E+08    9.811E-04    6.240E+25    7.031E+05    1.183E+11    1.257E+01    2.737E+00    5.942E-17     r       4.6
5.336E+08    1.002E-03    6.240E+25    7.070E+05    1.214E+11    1.282E+01    2.729E+00    6.486E-17     r       4.6
5.322E+08    1.046E-03    6.240E+25    7.150E+05    1.278E+11    1.335E+01    2.711E+00    7.719E-17     r       4.6
5.315E+08    1.068E-03    6.240E+25    7.190E+05    1.311E+11    1.361E+01    2.703E+00    8.416E-17     r       4.6
5.301E+08    1.114E-03    6.240E+25    7.270E+05    1.379E+11    1.416E+01    2.686E+00    9.993E-17     r       4.6
5.294E+08    1.138E-03    6.240E+25    7.311E+05    1.414E+11    1.445E+01    2.677E+00    1.088E-16     r       4.6
5.280E+08    1.186E-03    6.240E+25    7.392E+05    1.487E+11    1.502E+01    2.661E+00    1.289E-16     r       4.6
5.273E+08    1.211E-03    6.240E+25    7.432E+05    1.525E+11    1.532E+01    2.653E+00    1.402E-16     r       4.6
5.259E+08    1.261E-03    6.240E+25    7.514E+05    1.603E+11    1.593E+01    2.636E+00    1.658E-16     r       4.6
5.252E+08    1.287E-03    6.240E+25    7.555E+05    1.643E+11    1.624E+01    2.628E+00    1.801E-16     r       4.6
5.238E+08    1.341E-03    6.240E+25    7.637E+05    1.726E+11    1.688E+01    2.612E+00    2.125E-16     r       4.6
5.232E+08    1.368E-03    6.240E+25    7.678E+05    1.770E+11    1.721E+01    2.604E+00    2.307E-16     r       4.6
5.218E+08    1.424E-03    6.240E+25    7.761E+05    1.858E+11    1.788E+01    2.589E+00    2.715E-16     r       4.6
5.211E+08    1.453E-03    6.240E+25    7.803E+05    1.904E+11    1.822E+01    2.581E+00    2.944E-16     r       4.6
5.197E+08    1.512E-03    6.240E+25    7.886E+05    1.999E+11    1.893E+01    2.565E+00    3.459E-16     r       4.6
5.169E+08    1.636E-03    6.240E+25    8.055E+05    2.202E+11    2.041E+01    2.535E+00    4.755E-16     r       4.6
5.155E+08    1.701E-03    6.240E+25    8.139E+05    2.310E+11    2.119E+01    2.520E+00    5.565E-16     r       4.6
5.127E+08    1.837E-03    6.240E+25    8.311E+05    2.540E+11    2.282E+01    2.491E+00    7.594E-16     r       4.6
5.113E+08    1.909E-03    6.240E+25    8.397E+05    2.662E+11    2.368E+01    2.476E+00    8.855E-16     r       4.6
5.085E+08    2.058E-03    6.240E+25    8.571E+05    2.924E+11    2.547E+01    2.448E+00    1.200E-15     r       4.6
5.071E+08    2.137E-03    6.240E+25    8.659E+05    3.063E+11    2.641E+01    2.434E+00    1.394E-15     r       4.6
5.044E+08    2.301E-03    6.240E+25    8.836E+05    3.359E+11    2.839E+01    2.406E+00    1.876E-15     r       4.6
5.030E+08    2.387E-03    6.240E+25    8.925E+05    3.516E+11    2.942E+01    2.393E+00    2.173E-15     r       4.6
5.002E+08    2.567E-03    6.240E+25    9.105E+05    3.851E+11    3.159E+01    2.366E+00    2.907E-15     r       4.6
4.988E+08    2.661E-03    6.240E+25    9.195E+05    4.029E+11    3.272E+01    2.353E+00    3.356E-15     r       4.6
4.960E+08    2.857E-03    6.240E+25    9.378E+05    4.408E+11    3.510E+01    2.327E+00    4.461E-15     r       4.6
4.946E+08    2.960E-03    6.240E+25    9.470E+05    4.609E+11    3.634E+01    2.315E+00    5.136E-15     r       4.6
4.918E+08    3.175E-03    6.240E+25    9.656E+05    5.036E+11    3.895E+01    2.290E+00    6.788E-15     r       4.6
4.904E+08    3.287E-03    6.240E+25    9.750E+05    5.263E+11    4.031E+01    2.277E+00    7.793E-15     r       4.6
4.877E+08    3.521E-03    6.240E+25    9.939E+05    5.745E+11    4.316E+01    2.253E+00    1.024E-14     r       4.6
4.863E+08    3.643E-03    6.240E+25    1.003E+06    6.000E+11    4.465E+01    2.241E+00    1.173E-14     r       4.6
4.835E+08    3.897E-03    6.240E+25    1.023E+06    6.543E+11    4.777E+01    2.217E+00    1.534E-14     r       4.6
4.821E+08    4.030E-03    6.240E+25    1.032E+06    6.830E+11    4.940E+01    2.206E+00    1.752E-14     r       4.6
4.793E+08    4.307E-03    6.240E+25    1.052E+06    7.440E+11    5.281E+01    2.183E+00    2.279E-14     r       4.6
4.779E+08    4.451E-03    6.240E+25    1.062E+06    7.763E+11    5.460E+01    2.171E+00    2.597E-14     r       4.6
4.751E+08    4.751E-03    6.240E+25    1.082E+06    8.449E+11    5.832E+01    2.149E+00    3.363E-14     r       4.6
4.738E+08    4.908E-03    6.240E+25    1.092E+06    8.812E+11    6.027E+01    2.138E+00    3.822E-14     r       4.6
4.710E+08    5.234E-03    6.240E+25    1.112E+06    9.582E+11    6.434E+01    2.116E+00    4.927E-14     r       4.5
4.696E+08    5.403E-03    6.240E+25    1.122E+06    9.989E+11    6.646E+01    2.105E+00    5.588E-14     r       4.5
4.668E+08    5.756E-03    6.240E+25    1.143E+06    1.085E+12    7.090E+01    2.084E+00    7.173E-14     r       4.5
4.654E+08    5.939E-03    6.240E+25    1.153E+06    1.131E+12    7.322E+01    2.074E+00    8.118E-14     r       4.5
4.626E+08    6.321E-03    6.240E+25    1.174E+06    1.228E+12    7.806E+01    2.053E+00    1.038E-13     r       4.5
4.612E+08    6.519E-03    6.240E+25    1.185E+06    1.279E+12    8.059E+01    2.043E+00    1.172E-13     r       4.5
4.584E+08    6.932E-03    6.240E+25    1.206E+06    1.387E+12    8.587E+01    2.023E+00    1.492E-13     r       4.5
4.571E+08    7.146E-03    6.240E+25    1.217E+06    1.444E+12    8.862E+01    2.013E+00    1.682E-13     r       4.5
4.543E+08    7.591E-03    6.240E+25    1.239E+06    1.565E+12    9.436E+01    1.993E+00    2.134E-13     r       4.5
4.529E+08    7.822E-03    6.240E+25    1.250E+06    1.630E+12    9.736E+01    1.983E+00    2.401E-13     r       4.5
4.501E+08    8.302E-03    6.240E+25    1.272E+06    1.765E+12    1.036E+02    1.964E+00    3.034E-13     r       4.5
4.487E+08    8.552E-03    6.240E+25    1.283E+06    1.837E+12    1.069E+02    1.954E+00    3.408E-13     r       4.5
4.459E+08    9.069E-03    6.240E+25    1.306E+06    1.988E+12    1.137E+02    1.936E+00    4.291E-13     r       4.5
4.445E+08    9.337E-03    6.240E+25    1.317E+06    2.068E+12    1.172E+02    1.926E+00    4.812E-13     r       4.5
4.417E+08    9.894E-03    6.240E+25    1.340E+06    2.237E+12    1.246E+02    1.908E+00    6.040E-13     r       4.5
4.404E+08    1.018E-02    6.240E+25    1.352E+06    2.326E+12    1.285E+02    1.899E+00    6.761E-13     r       4.5
4.376E+08    1.078E-02    6.240E+25    1.375E+06    2.515E+12    1.366E+02    1.881E+00    8.459E-13     r       4.5
4.362E+08    1.109E-02    6.240E+25    1.387E+06    2.614E+12    1.407E+02    1.872E+00    9.455E-13     r       4.5
4.334E+08    1.173E-02    6.240E+25    1.411E+06    2.824E+12    1.495E+02    1.854E+00    1.179E-12     r       4.5
4.320E+08    1.207E-02    6.240E+25    1.423E+06    2.935E+12    1.541E+02    1.846E+00    1.316E-12     r       4.5
4.292E+08    1.276E-02    6.240E+25    1.447E+06    3.170E+12    1.636E+02    1.828E+00    1.637E-12     r       4.5
4.278E+08    1.311E-02    6.240E+25    1.460E+06    3.293E+12    1.685E+02    1.820E+00    1.824E-12     r       4.5
4.250E+08    1.385E-02    6.240E+25    1.484E+06    3.554E+12    1.788E+02    1.803E+00    2.262E-12     r       4.5
4.237E+08    1.424E-02    6.240E+25    1.497E+06    3.692E+12    1.842E+02    1.794E+00    2.517E-12     r       4.5
4.209E+08    1.503E-02    6.240E+25    1.522E+06    3.982E+12    1.954E+02    1.778E+00    3.113E-12     r       4.5
4.195E+08    1.544E-02    6.240E+25    1.535E+06    4.136E+12    2.012E+02    1.770E+00    3.460E-12     r       4.5
4.167E+08    1.629E-02    6.240E+25    1.561E+06    4.459E+12    2.134E+02    1.753E+00    4.267E-12     r       4.5
4.153E+08    1.673E-02    6.240E+25    1.574E+06    4.629E+12    2.197E+02    1.745E+00    4.736E-12     r       4.5
4.125E+08    1.764E-02    6.240E+25    1.600E+06    4.989E+12    2.329E+02    1.729E+00    5.827E-12     r       4.5
4.111E+08    1.811E-02    6.240E+25    1.613E+06    5.178E+12    2.398E+02    1.721E+00    6.459E-12     r       4.5
4.083E+08    1.908E-02    6.240E+25    1.640E+06    5.578E+12    2.541E+02    1.706E+00    7.928E-12     r       4.5
4.070E+08    1.958E-02    6.240E+25    1.653E+06    5.789E+12    2.615E+02    1.698E+00    8.778E-12     r       4.5
4.042E+08    2.062E-02    6.240E+25    1.681E+06    6.233E+12    2.770E+02    1.683E+00    1.075E-11     r       4.5
4.028E+08    2.116E-02    6.240E+25    1.694E+06    6.467E+12    2.851E+02    1.675E+00    1.189E-11     r       4.5
4.000E+08    2.226E-02    6.240E+25    1.722E+06    6.961E+12    3.019E+02    1.660E+00    1.452E-11     r       4.5
3.986E+08    2.284E-02    6.240E+25    1.736E+06    7.221E+12    3.106E+02    1.652E+00    1.604E-11     r       4.5
3.958E+08    2.402E-02    6.240E+25    1.765E+06    7.769E+12    3.288E+02    1.638E+00    1.955E-11     r       4.5
3.944E+08    2.463E-02    6.240E+25    1.779E+06    8.058E+12    3.383E+02    1.630E+00    2.158E-11     r       4.5
3.917E+08    2.589E-02    6.240E+25    1.808E+06    8.666E+12    3.580E+02    1.616E+00    2.625E-11     r       4.5
3.903E+08    2.654E-02    6.240E+25    1.823E+06    8.987E+12    3.683E+02    1.608E+00    2.893E-11     r       4.5
3.875E+08    2.788E-02    6.240E+25    1.852E+06    9.662E+12    3.896E+02    1.594E+00    3.512E-11     r       4.5
3.861E+08    2.858E-02    6.240E+25    1.867E+06    1.002E+13    4.007E+02    1.587E+00    3.868E-11     r       4.5
3.833E+08    3.000E-02    6.240E+25    1.897E+06    1.077E+13    4.238E+02    1.573E+00    4.686E-11     r       4.5
3.819E+08    3.074E-02    6.240E+25    1.912E+06    1.116E+13    4.359E+02    1.566E+00    5.155E-11     r       4.5
3.791E+08    3.226E-02    6.240E+25    1.943E+06    1.199E+13    4.609E+02    1.552E+00    6.234E-11     r       4.5
3.777E+08    3.305E-02    6.240E+25    1.959E+06    1.243E+13    4.739E+02    1.545E+00    6.852E-11     r       4.5
3.750E+08    3.467E-02    6.240E+25    1.990E+06    1.335E+13    5.010E+02    1.531E+00    8.270E-11     r       4.5
3.736E+08    3.550E-02    6.240E+25    2.006E+06    1.384E+13    5.151E+02    1.524E+00    9.082E-11     r       4.5
3.708E+08    3.722E-02    6.240E+25    2.038E+06    1.486E+13    5.444E+02    1.511E+00    1.094E-10     r       4.5
3.694E+08    3.811E-02    6.240E+25    2.054E+06    1.539E+13    5.597E+02    1.504E+00    1.201E-10     r       4.5
3.666E+08    3.993E-02    6.240E+25    2.087E+06    1.652E+13    5.914E+02    1.490E+00    1.444E-10     r       4.5
3.652E+08    4.087E-02    6.240E+25    2.104E+06    1.712E+13    6.078E+02    1.484E+00    1.583E-10     r       4.5
3.624E+08    4.281E-02    6.240E+25    2.137E+06    1.837E+13    6.421E+02    1.471E+00    1.901E-10     r       4.5
3.610E+08    4.381E-02    6.240E+25    2.154E+06    1.903E+13    6.600E+02    1.464E+00    2.082E-10     r       4.5
3.583E+08    4.587E-02    6.240E+25    2.188E+06    2.042E+13    6.971E+02    1.451E+00    2.496E-10     r       4.5
3.569E+08    4.693E-02    6.240E+25    2.205E+06    2.115E+13    7.163E+02    1.444E+00    2.731E-10     r       4.5
3.541E+08    4.911E-02    6.240E+25    2.240E+06    2.269E+13    7.564E+02    1.432E+00    3.269E-10     r       4.5
3.527E+08    5.023E-02    6.240E+25    2.258E+06    2.350E+13    7.773E+02    1.425E+00    3.575E-10     r       4.5
3.499E+08    5.254E-02    6.240E+25    2.293E+06    2.520E+13    8.206E+02    1.412E+00    4.272E-10     r       4.5
3.485E+08    5.373E-02    6.240E+25    2.311E+06    2.609E+13    8.431E+02    1.406E+00    4.669E-10     r       4.5
3.457E+08    5.618E-02    6.240E+25    2.348E+06    2.797E+13    8.899E+02    1.394E+00    5.571E-10     r       4.5
3.443E+08    5.744E-02    6.240E+25    2.366E+06    2.896E+13    9.143E+02    1.387E+00    6.083E-10     r       4.5
3.416E+08    6.003E-02    6.240E+25    2.403E+06    3.105E+13    9.649E+02    1.375E+00    7.248E-10     r       4.5
3.402E+08    6.136E-02    6.240E+25    2.422E+06    3.214E+13    9.912E+02    1.369E+00    7.909E-10     r       4.5
3.374E+08    6.410E-02    6.240E+25    2.460E+06    3.445E+13    1.046E+03    1.356E+00    9.410E-10     r       4.4
3.360E+08    6.551E-02    6.240E+25    2.479E+06    3.566E+13    1.074E+03    1.350E+00    1.026E-09     r       4.4
3.332E+08    6.840E-02    6.240E+25    2.518E+06    3.821E+13    1.133E+03    1.338E+00    1.219E-09     r       4.4
3.318E+08    6.989E-02    6.240E+25    2.538E+06    3.955E+13    1.164E+03    1.332E+00    1.329E-09     r       4.4
3.290E+08    7.295E-02    6.240E+25    2.577E+06    4.236E+13    1.228E+03    1.320E+00    1.576E-09     r       4.4
3.276E+08    7.452E-02    6.240E+25    2.597E+06    4.384E+13    1.261E+03    1.314E+00    1.717E-09     r       4.4
3.249E+08    7.775E-02    6.240E+25    2.638E+06    4.696E+13    1.330E+03    1.302E+00    2.034E-09     r       4.4
3.235E+08    7.941E-02    6.240E+25    2.658E+06    4.859E+13    1.365E+03    1.296E+00    2.214E-09     r       4.4
3.207E+08    8.282E-02    6.240E+25    2.700E+06    5.204E+13    1.440E+03    1.284E+00    2.620E-09     r       4.4
3.193E+08    8.457E-02    6.240E+25    2.721E+06    5.384E+13    1.478E+03    1.278E+00    2.849E-09     r       4.4
3.165E+08    8.817E-02    6.240E+25    2.763E+06    5.765E+13    1.558E+03    1.266E+00    3.367E-09     r       4.4
3.151E+08    9.001E-02    6.240E+25    2.785E+06    5.964E+13    1.600E+03    1.261E+00    3.660E-09     r       4.4
3.123E+08    9.380E-02    6.240E+25    2.828E+06    6.384E+13    1.686E+03    1.249E+00    4.320E-09     r       4.4
3.109E+08    9.575E-02    6.240E+25    2.850E+06    6.605E+13    1.731E+03    1.243E+00    4.692E-09     r       4.4
3.082E+08    9.974E-02    6.240E+25    2.894E+06    7.069E+13    1.824E+03    1.232E+00    5.533E-09     r       4.4
3.068E+08    1.018E-01    6.240E+25    2.916E+06    7.312E+13    1.873E+03    1.226E+00    6.006E-09     r       4.4
3.040E+08    1.060E-01    6.240E+25    2.962E+06    7.824E+13    1.973E+03    1.214E+00    7.072E-09     r       4.4
3.026E+08    1.081E-01    6.240E+25    2.985E+06    8.093E+13    2.025E+03    1.209E+00    7.673E-09     r       4.4
2.998E+08    1.126E-01    6.240E+25    3.031E+06    8.658E+13    2.134E+03    1.197E+00    9.025E-09     r       4.4
2.984E+08    1.148E-01    6.240E+25    3.054E+06    8.954E+13    2.190E+03    1.191E+00    9.785E-09     r       4.4
2.956E+08    1.195E-01    6.240E+25    3.102E+06    9.578E+13    2.306E+03    1.180E+00    1.150E-08     r       4.4
2.942E+08    1.219E-01    6.240E+25    3.126E+06    9.905E+13    2.367E+03    1.174E+00    1.246E-08     r       4.4
2.915E+08    1.267E-01    6.239E+25    3.174E+06    1.059E+14    2.493E+03    1.163E+00    1.462E-08     r       4.4
2.901E+08    1.293E-01    6.239E+25    3.198E+06    1.095E+14    2.558E+03    1.158E+00    1.583E-08     r       4.4
2.873E+08    1.344E-01    6.239E+25    3.248E+06    1.171E+14    2.693E+03    1.146E+00    1.855E-08     r       4.4
2.859E+08    1.370E-01    6.239E+25    3.273E+06    1.211E+14    2.763E+03    1.141E+00    2.008E-08     r       4.3
2.831E+08    1.424E-01    6.239E+25    3.324E+06    1.294E+14    2.909E+03    1.129E+00    2.351E-08     r       4.3
2.817E+08    1.451E-01    6.239E+25    3.349E+06    1.338E+14    2.984E+03    1.124E+00    2.543E-08     r       4.3
2.789E+08    1.508E-01    6.239E+25    3.401E+06    1.430E+14    3.141E+03    1.113E+00    2.974E-08     r       4.3
2.775E+08    1.537E-01    6.239E+25    3.427E+06    1.478E+14    3.222E+03    1.107E+00    3.216E-08     r       4.3
2.748E+08    1.596E-01    6.239E+25    3.480E+06    1.580E+14    3.390E+03    1.096E+00    3.756E-08     r       4.3
2.734E+08    1.626E-01    6.239E+25    3.507E+06    1.633E+14    3.478E+03    1.091E+00    4.058E-08     r       4.3
2.706E+08    1.688E-01    6.239E+25    3.561E+06    1.744E+14    3.658E+03    1.080E+00    4.735E-08     r       4.3
2.692E+08    1.719E-01    6.239E+25    3.588E+06    1.803E+14    3.752E+03    1.074E+00    5.114E-08     r       4.3
2.664E+08    1.784E-01    6.239E+25    3.644E+06    1.925E+14    3.947E+03    1.063E+00    5.960E-08     r       4.3
2.650E+08    1.817E-01    6.239E+25    3.672E+06    1.990E+14    4.047E+03    1.058E+00    6.432E-08     r       4.3
2.622E+08    1.885E-01    6.239E+25    3.729E+06    2.125E+14    4.256E+03    1.047E+00    7.488E-08     r       4.3
2.608E+08    1.919E-01    6.239E+25    3.757E+06    2.195E+14    4.364E+03    1.041E+00    8.077E-08     r       4.3
2.581E+08    1.990E-01    6.239E+25    3.815E+06    2.343E+14    4.588E+03    1.030E+00    9.393E-08     r       4.3
2.567E+08    2.026E-01    6.239E+25    3.844E+06    2.421E+14    4.704E+03    1.025E+00    1.013E-07     r       4.3
2.539E+08    2.100E-01    6.239E+25    3.904E+06    2.584E+14    4.944E+03    1.014E+00    1.176E-07     r       4.3
2.525E+08    2.137E-01    6.239E+25    3.934E+06    2.669E+14    5.068E+03    1.008E+00    1.267E-07     r       4.2
2.497E+08    2.214E-01    6.239E+25    3.994E+06    2.848E+14    5.325E+03    9.973E-01    1.470E-07     r       4.2
2.483E+08    2.253E-01    6.239E+25    4.025E+06    2.941E+14    5.458E+03    9.919E-01    1.583E-07     r       4.2
2.455E+08    2.333E-01    6.238E+25    4.087E+06    3.137E+14    5.733E+03    9.810E-01    1.834E-07     r       4.2
2.441E+08    2.374E-01    6.238E+25    4.118E+06    3.240E+14    5.876E+03    9.755E-01    1.974E-07     r       4.2
2.414E+08    2.457E-01    6.238E+25    4.182E+06    3.454E+14    6.170E+03    9.647E-01    2.285E-07     r       4.2
2.400E+08    2.500E-01    6.238E+25    4.214E+06    3.567E+14    6.322E+03    9.592E-01    2.457E-07     r       4.2
2.372E+08    2.586E-01    6.237E+25    4.278E+06    3.802E+14    6.637E+03    9.483E-01    2.841E-07     r       4.2
2.358E+08    2.630E-01    6.237E+25    4.311E+06    3.925E+14    6.800E+03    9.429E-01    3.054E-07     r       4.2
2.330E+08    2.720E-01    6.237E+25    4.377E+06    4.182E+14    7.136E+03    9.320E-01    3.526E-07     r       4.2
2.316E+08    2.766E-01    6.237E+25    4.411E+06    4.317E+14    7.310E+03    9.266E-01    3.788E-07     r       4.2
2.288E+08    2.859E-01    6.236E+25    4.479E+06    4.598E+14    7.669E+03    9.157E-01    4.368E-07     r       4.1
2.275E+08    2.906E-01    6.236E+25    4.513E+06    4.745E+14    7.854E+03    9.103E-01    4.689E-07     r       4.1
2.247E+08    3.002E-01    6.235E+25    4.582E+06    5.052E+14    8.236E+03    8.994E-01    5.401E-07     r       4.1
2.233E+08    3.051E-01    6.235E+25    4.617E+06    5.213E+14    8.433E+03    8.939E-01    5.794E-07     r       4.1
2.205E+08    3.151E-01    6.234E+25    4.688E+06    5.548E+14    8.840E+03    8.831E-01    6.665E-07     r       4.1
2.191E+08    3.202E-01    6.233E+25    4.723E+06    5.723E+14    9.050E+03    8.776E-01    7.145E-07     r       4.1
2.163E+08    3.305E-01    6.232E+25    4.795E+06    6.089E+14    9.483E+03    8.667E-01    8.208E-07     r       4.1
2.149E+08    3.357E-01    6.231E+25    4.832E+06    6.279E+14    9.706E+03    8.613E-01    8.795E-07     r       4.1
2.121E+08    3.463E-01    6.230E+25    4.906E+06    6.677E+14    1.017E+04    8.504E-01    1.009E-06     r       4.1
2.108E+08    3.517E-01    6.229E+25    4.943E+06    6.885E+14    1.040E+04    8.450E-01    1.080E-06     r       4.0
2.080E+08    3.626E-01    6.227E+25    5.018E+06    7.317E+14    1.089E+04    8.341E-01    1.238E-06     r       4.0
2.066E+08    3.682E-01    6.226E+25    5.056E+06    7.543E+14    1.114E+04    8.286E-01    1.324E-06     r       4.0
2.038E+08    3.794E-01    6.224E+25    5.133E+06    8.012E+14    1.166E+04    8.177E-01    1.515E-06     r       4.0
2.024E+08    3.851E-01    6.222E+25    5.172E+06    8.257E+14    1.192E+04    8.123E-01    1.620E-06     r       4.0
1.996E+08    3.967E-01    6.219E+25    5.250E+06    8.766E+14    1.247E+04    8.014E-01    1.850E-06     r       4.0
1.982E+08    4.025E-01    6.218E+25    5.290E+06    9.031E+14    1.275E+04    7.959E-01    1.977E-06     r       4.0
1.954E+08    4.144E-01    6.214E+25    5.370E+06    9.583E+14    1.333E+04    7.851E-01    2.254E-06     r       3.9
1.941E+08    4.204E-01    6.212E+25    5.410E+06    9.870E+14    1.363E+04    7.796E-01    2.407E-06     r       3.9
1.913E+08    4.325E-01    6.207E+25    5.492E+06    1.047E+15    1.423E+04    7.687E-01    2.741E-06     r       3.9
1.899E+08    4.386E-01    6.205E+25    5.533E+06    1.078E+15    1.455E+04    7.633E-01    2.924E-06     r       3.9
1.871E+08    4.510E-01    6.199E+25    5.616E+06    1.142E+15    1.519E+04    7.524E-01    3.325E-06     r       3.9
1.857E+08    4.572E-01    6.196E+25    5.658E+06    1.175E+15    1.552E+04    7.469E-01    3.544E-06     r       3.9
1.829E+08    4.699E-01    6.188E+25    5.743E+06    1.245E+15    1.619E+04    7.361E-01    4.023E-06     r       3.9
1.815E+08    4.762E-01    6.185E+25    5.785E+06    1.281E+15    1.653E+04    7.306E-01    4.284E-06     r       3.8
1.787E+08    4.891E-01    6.176E+25    5.872E+06    1.355E+15    1.724E+04    7.198E-01    4.855E-06     r       3.8
1.774E+08    4.956E-01    6.171E+25    5.915E+06    1.394E+15    1.760E+04    7.144E-01    5.166E-06     r       3.8
1.746E+08    5.086E-01    6.160E+25    6.003E+06    1.474E+15    1.834E+04    7.035E-01    5.845E-06     r       3.8
1.732E+08    5.152E-01    6.154E+25    6.047E+06    1.515E+15    1.872E+04    6.981E-01    6.214E-06     r       3.8
1.704E+08    5.284E-01    6.141E+25    6.137E+06    1.601E+15    1.949E+04    6.873E-01    7.017E-06     r       3.8
1.690E+08    5.350E-01    6.134E+25    6.182E+06    1.646E+15    1.988E+04    6.819E-01    7.453E-06     r       3.7
1.662E+08    5.484E-01    6.118E+25    6.272E+06    1.737E+15    2.069E+04    6.712E-01    8.401E-06     r       3.7
1.648E+08    5.551E-01    6.110E+25    6.318E+06    1.785E+15    2.110E+04    6.658E-01    8.915E-06     r       3.7
1.620E+08    5.686E-01    6.091E+25    6.410E+06    1.882E+15    2.193E+04    6.551E-01    1.003E-05     r       3.7
1.607E+08    5.753E-01    6.080E+25    6.457E+06    1.933E+15    2.236E+04    6.498E-01    1.063E-05     r       3.7
1.579E+08    5.889E-01    6.057E+25    6.550E+06    2.037E+15    2.322E+04    6.392E-01    1.194E-05     r       3.6
1.565E+08    5.957E-01    6.045E+25    6.597E+06    2.090E+15    2.367E+04    6.339E-01    1.264E-05     r       3.6
1.537E+08    6.092E-01    6.018E+25    6.692E+06    2.201E+15    2.456E+04    6.233E-01    1.417E-05     r       3.6
1.523E+08    6.160E-01    6.003E+25    6.740E+06    2.258E+15    2.502E+04    6.181E-01    1.499E-05     r       3.6
1.495E+08    6.297E-01    5.971E+25    6.836E+06    2.374E+15    2.594E+04    6.076E-01    1.676E-05     r       3.6
1.481E+08    6.364E-01    5.953E+25    6.884E+06    2.435E+15    2.641E+04    6.024E-01    1.771E-05     r       3.5
1.453E+08    6.500E-01    5.916E+25    6.982E+06    2.558E+15    2.736E+04    5.921E-01    1.976E-05     r       3.5
1.440E+08    6.568E-01    5.895E+25    7.031E+06    2.621E+15    2.785E+04    5.869E-01    2.087E-05     r       3.5
1.412E+08    6.703E-01    5.851E+25    7.129E+06    2.751E+15    2.882E+04    5.767E-01    2.323E-05     r       3.5
1.384E+08    6.837E-01    5.802E+25    7.228E+06    2.886E+15    2.982E+04    5.666E-01    2.582E-05     r       3.5
1.356E+08    6.971E-01    5.747E+25    7.327E+06    3.024E+15    3.083E+04    5.565E-01    2.865E-05     r       3.4
1.328E+08    7.103E-01    5.688E+25    7.427E+06    3.167E+15    3.185E+04    5.466E-01    3.175E-05     r       3.4
1.300E+08    7.234E-01    5.623E+25    7.528E+06    3.314E+15    3.288E+04    5.368E-01    3.513E-05     r       3.4
1.273E+08    7.364E-01    5.551E+25    7.629E+06    3.465E+15    3.392E+04    5.271E-01    3.879E-05     r       3.3
1.245E+08    7.491E-01    5.473E+25    7.730E+06    3.620E+15    3.497E+04    5.176E-01    4.277E-05     r       3.3
1.217E+08    7.618E-01    5.389E+25    7.832E+06    3.779E+15    3.604E+04    5.081E-01    4.708E-05     r       3.3
1.203E+08    7.680E-01    5.344E+25    7.882E+06    3.859E+15    3.657E+04    5.035E-01    4.936E-05     r       3.3
1.189E+08    7.742E-01    5.298E+25    7.933E+06    3.941E+15    3.710E+04    4.989E-01    5.173E-05     r       3.3
1.175E+08    7.803E-01    5.249E+25    7.984E+06    4.023E+15    3.764E+04    4.943E-01    5.419E-05     r       3.2
1.161E+08    7.863E-01    5.199E+25    8.035E+06    4.107E+15    3.817E+04    4.898E-01    5.674E-05     r       3.2
1.147E+08    7.924E-01    5.147E+25    8.086E+06    4.191E+15    3.871E+04    4.853E-01    5.939E-05     r       3.2
1.133E+08    7.983E-01    5.093E+25    8.137E+06    4.276E+15    3.925E+04    4.808E-01    6.213E-05     r       3.2
1.120E+08    8.042E-01    5.037E+25    8.188E+06    4.362E+15    3.979E+04    4.764E-01    6.496E-05     r       3.2
1.106E+08    8.100E-01    4.980E+25    8.238E+06    4.448E+15    4.033E+04    4.720E-01    6.790E-05     r       3.2
1.092E+08    8.157E-01    4.920E+25    8.289E+06    4.535E+15    4.087E+04    4.677E-01    7.093E-05     r       3.2
1.078E+08    8.214E-01    4.859E+25    8.340E+06    4.623E+15    4.140E+04    4.634E-01    7.407E-05     r       3.1
1.064E+08    8.270E-01    4.796E+25    8.390E+06    4.712E+15    4.194E+04    4.591E-01    7.730E-05     r       3.1
1.050E+08    8.325E-01    4.731E+25    8.441E+06    4.801E+15    4.248E+04    4.549E-01    8.064E-05     r       3.1
1.036E+08    8.380E-01    4.664E+25    8.491E+06    4.890E+15    4.302E+04    4.508E-01    8.409E-05     r       3.1
1.022E+08    8.434E-01    4.595E+25    8.542E+06    4.981E+15    4.355E+04    4.467E-01    8.764E-05     r       3.1
1.008E+08    8.486E-01    4.524E+25    8.592E+06    5.071E+15    4.408E+04    4.426E-01    9.130E-05     r       3.1
9.943E+07    8.539E-01    4.452E+25    8.642E+06    5.163E+15    4.462E+04    4.386E-01    9.506E-05     r       3.1
9.804E+07    8.590E-01    4.378E+25    8.692E+06    5.254E+15    4.515E+04    4.346E-01    9.893E-05     r       3.1
9.665E+07    8.640E-01    4.302E+25    8.742E+06    5.346E+15    4.568E+04    4.307E-01    1.029E-04     r       3.0
9.525E+07    8.690E-01    4.224E+25    8.791E+06    5.438E+15    4.620E+04    4.269E-01    1.070E-04     r       3.0
9.386E+07    8.739E-01    4.145E+25    8.841E+06    5.531E+15    4.673E+04    4.230E-01    1.112E-04     r       3.0
9.247E+07    8.786E-01    4.064E+25    8.890E+06    5.624E+15    4.725E+04    4.193E-01    1.155E-04     r       3.0
9.108E+07    8.833E-01    3.982E+25    8.939E+06    5.717E+15    4.776E+04    4.155E-01    1.199E-04     r       3.0
8.969E+07    8.879E-01    3.898E+25    8.987E+06    5.810E+15    4.828E+04    4.119E-01    1.244E-04     r       3.0
8.830E+07    8.924E-01    3.813E+25    9.036E+06    5.903E+15    4.879E+04    4.083E-01    1.290E-04     r       3.0
8.691E+07    8.968E-01    3.726E+25    9.084E+06    5.996E+15    4.930E+04    4.047E-01    1.337E-04     r       2.9
8.551E+07    9.012E-01    3.639E+25    9.132E+06    6.089E+15    4.980E+04    4.012E-01    1.385E-04     r       2.9
8.412E+07    9.054E-01    3.550E+25    9.180E+06    6.183E+15    5.030E+04    3.977E-01    1.435E-04     r       2.9
8.273E+07    9.095E-01    3.460E+25    9.227E+06    6.276E+15    5.080E+04    3.943E-01    1.485E-04     r       2.9
8.134E+07    9.135E-01    3.370E+25    9.274E+06    6.369E+15    5.129E+04    3.909E-01    1.536E-04     r       2.9
7.995E+07    9.175E-01    3.278E+25    9.321E+06    6.462E+15    5.177E+04    3.876E-01    1.588E-04     r       2.9
7.856E+07    9.213E-01    3.186E+25    9.367E+06    6.554E+15    5.226E+04    3.843E-01    1.641E-04     r       2.9
7.577E+07    9.286E-01    3.000E+25    9.459E+06    6.738E+15    5.320E+04    3.779E-01    1.749E-04     r       2.8
7.438E+07    9.322E-01    2.906E+25    9.504E+06    6.829E+15    5.367E+04    3.748E-01    1.805E-04     r       2.8
7.160E+07    9.389E-01    2.718E+25    9.593E+06    7.011E+15    5.458E+04    3.687E-01    1.919E-04     r       2.8
7.021E+07    9.422E-01    2.625E+25    9.637E+06    7.100E+15    5.502E+04    3.657E-01    1.976E-04     r       2.8
6.951E+07    9.437E-01    2.578E+25    9.659E+06    7.145E+15    5.524E+04    3.643E-01    2.006E-04     r       2.8
6.812E+07    9.468E-01    2.484E+25    9.703E+06    7.234E+15    5.568E+04    3.614E-01    2.064E-04     r       2.8
6.742E+07    9.483E-01    2.438E+25    9.724E+06    7.278E+15    5.589E+04    3.599E-01    2.094E-04     r       2.7
6.603E+07    9.513E-01    2.345E+25    9.767E+06    7.365E+15    5.632E+04    3.571E-01    2.154E-04     r       2.7
6.534E+07    9.527E-01    2.299E+25    9.788E+06    7.409E+15    5.653E+04    3.557E-01    2.184E-04     r       2.7
6.395E+07    9.555E-01    2.207E+25    9.830E+06    7.495E+15    5.694E+04    3.530E-01    2.244E-04     r       2.7
6.325E+07    9.568E-01    2.161E+25    9.851E+06    7.538E+15    5.715E+04    3.516E-01    2.275E-04     r       2.7
6.186E+07    9.594E-01    2.071E+25    9.892E+06    7.623E+15    5.755E+04    3.489E-01    2.336E-04     r       2.7
6.116E+07    9.607E-01    2.026E+25    9.913E+06    7.665E+15    5.775E+04    3.476E-01    2.367E-04     r       2.7
5.977E+07    9.632E-01    1.937E+25    9.954E+06    7.749E+15    5.814E+04    3.449E-01    2.429E-04     r       2.6
5.907E+07    9.644E-01    1.893E+25    9.974E+06    7.790E+15    5.833E+04    3.436E-01    2.460E-04     r       2.6
5.768E+07    9.667E-01    1.807E+25    1.001E+07    7.872E+15    5.871E+04    3.411E-01    2.522E-04     r       2.6
5.699E+07    9.679E-01    1.764E+25    1.003E+07    7.912E+15    5.890E+04    3.398E-01    2.553E-04     r       2.6
5.560E+07    9.701E-01    1.679E+25    1.007E+07    7.992E+15    5.926E+04    3.373E-01    2.616E-04     r       2.6
5.490E+07    9.711E-01    1.637E+25    1.009E+07    8.032E+15    5.944E+04    3.361E-01    2.648E-04     r       2.6
5.351E+07    9.732E-01    1.555E+25    1.013E+07    8.110E+15    5.979E+04    3.336E-01    2.711E-04     r       2.6
5.281E+07    9.742E-01    1.515E+25    1.015E+07    8.149E+15    5.996E+04    3.324E-01    2.742E-04     r       2.5
5.142E+07    9.761E-01    1.436E+25    1.019E+07    8.225E+15    6.030E+04    3.300E-01    2.805E-04     r       2.5
5.073E+07    9.770E-01    1.397E+25    1.021E+07    8.263E+15    6.046E+04    3.288E-01    2.837E-04     r       2.5
4.933E+07    9.788E-01    1.321E+25    1.024E+07    8.337E+15    6.079E+04    3.265E-01    2.899E-04     r       2.5
4.864E+07    9.797E-01    1.284E+25    1.026E+07    8.373E+15    6.095E+04    3.254E-01    2.931E-04     r       2.5
4.725E+07    9.813E-01    1.211E+25    1.030E+07    8.445E+15    6.126E+04    3.232E-01    2.993E-04     r       2.5
4.655E+07    9.821E-01    1.175E+25    1.031E+07    8.480E+15    6.141E+04    3.221E-01    3.024E-04     r       2.5
4.516E+07    9.836E-01    1.106E+25    1.035E+07    8.550E+15    6.171E+04    3.199E-01    3.086E-04     r       2.5
4.446E+07    9.843E-01    1.073E+25    1.036E+07    8.584E+15    6.185E+04    3.189E-01    3.116E-04     r       2.4
4.307E+07    9.857E-01    1.007E+25    1.040E+07    8.651E+15    6.214E+04    3.169E-01    3.177E-04     r       2.4
4.238E+07    9.864E-01    9.755E+24    1.041E+07    8.684E+15    6.228E+04    3.159E-01    3.207E-04     r       2.4
4.098E+07    9.877E-01    9.141E+24    1.045E+07    8.749E+15    6.255E+04    3.139E-01    3.267E-04     r       2.4
4.029E+07    9.883E-01    8.845E+24    1.046E+07    8.780E+15    6.268E+04    3.129E-01    3.296E-04     r       2.4
3.890E+07    9.894E-01    8.272E+24    1.049E+07    8.842E+15    6.293E+04    3.110E-01    3.355E-04     r       2.4
3.820E+07    9.900E-01    7.996E+24    1.051E+07    8.872E+15    6.306E+04    3.101E-01    3.384E-04     r       2.4
3.785E+07    9.902E-01    7.861E+24    1.052E+07    8.887E+15    6.312E+04    3.097E-01    3.398E-04     r       2.5
3.716E+07    9.908E-01    7.596E+24    1.053E+07    8.917E+15    6.324E+04    3.088E-01    3.426E-04     r       2.3
3.681E+07    9.910E-01    7.466E+24    1.054E+07    8.931E+15    6.330E+04    3.084E-01    3.440E-04     r       2.5
3.611E+07    9.915E-01    7.212E+24    1.055E+07    8.960E+15    6.342E+04    3.075E-01    3.468E-04     r       2.3
3.577E+07    9.917E-01    7.087E+24    1.056E+07    8.974E+15    6.348E+04    3.071E-01    3.482E-04     r       2.5
3.507E+07    9.922E-01    6.844E+24    1.057E+07    9.002E+15    6.359E+04    3.063E-01    3.510E-04     r       2.3
3.472E+07    9.924E-01    6.725E+24    1.058E+07    9.016E+15    6.365E+04    3.059E-01    3.523E-04     r       2.5
3.403E+07    9.929E-01    6.492E+24    1.059E+07    9.044E+15    6.376E+04    3.050E-01    3.551E-04     r       2.3
3.368E+07    9.931E-01    6.378E+24    1.060E+07    9.057E+15    6.381E+04    3.047E-01    3.564E-04     r       2.5
3.298E+07    9.935E-01    6.156E+24    1.061E+07    9.084E+15    6.392E+04    3.038E-01    3.591E-04     r       2.2
3.264E+07    9.937E-01    6.048E+24    1.062E+07    9.097E+15    6.397E+04    3.035E-01    3.603E-04     r       2.5
3.194E+07    9.941E-01    5.837E+24    1.063E+07    9.123E+15    6.407E+04    3.026E-01    3.630E-04     r       2.2
3.159E+07    9.943E-01    5.734E+24    1.064E+07    9.136E+15    6.413E+04    3.023E-01    3.643E-04     r       2.5
3.090E+07    9.947E-01    5.534E+24    1.065E+07    9.161E+15    6.422E+04    3.015E-01    3.669E-04     r       2.2
3.055E+07    9.948E-01    5.436E+24    1.066E+07    9.173E+15    6.427E+04    3.011E-01    3.681E-04     r       2.5
2.985E+07    9.952E-01    5.247E+24    1.067E+07    9.198E+15    6.436E+04    3.003E-01    3.707E-04     r       2.1
2.950E+07    9.954E-01    5.155E+24    1.068E+07    9.209E+15    6.441E+04    3.000E-01    3.719E-04     r       2.5
2.881E+07    9.957E-01    4.976E+24    1.069E+07    9.233E+15    6.450E+04    2.992E-01    3.745E-04     r       2.1
2.846E+07    9.958E-01    4.889E+24    1.070E+07    9.245E+15    6.455E+04    2.989E-01    3.756E-04     r       2.5
2.777E+07    9.961E-01    4.721E+24    1.071E+07    9.267E+15    6.463E+04    2.981E-01    3.782E-04     r       2.0
2.742E+07    9.963E-01    4.640E+24    1.071E+07    9.279E+15    6.468E+04    2.978E-01    3.793E-04     r       2.5
2.672E+07    9.965E-01    4.482E+24    1.073E+07    9.301E+15    6.475E+04    2.970E-01    3.818E-04     r       2.0
2.637E+07    9.967E-01    4.405E+24    1.073E+07    9.311E+15    6.480E+04    2.967E-01    3.828E-04     r       2.5
2.568E+07    9.969E-01    4.258E+24    1.074E+07    9.332E+15    6.489E+04    2.962E-01    3.850E-04     r       2.5
2.533E+07    9.971E-01    4.187E+24    1.075E+07    9.343E+15    6.493E+04    2.959E-01    3.860E-04     r       2.5
2.463E+07    9.973E-01    4.050E+24    1.076E+07    9.363E+15    6.501E+04    2.954E-01    3.880E-04     r       2.5
2.429E+07    9.974E-01    3.984E+24    1.076E+07    9.373E+15    6.505E+04    2.952E-01    3.890E-04     r       2.5
2.359E+07    9.976E-01    3.856E+24    1.077E+07    9.392E+15    6.514E+04    2.947E-01    3.910E-04     r       2.5
2.324E+07    9.977E-01    3.795E+24    1.077E+07    9.402E+15    6.517E+04    2.945E-01    3.919E-04     r       2.5
2.255E+07    9.979E-01    3.678E+24    1.078E+07    9.421E+15    6.525E+04    2.940E-01    3.938E-04     r       2.5
2.220E+07    9.980E-01    3.622E+24    1.079E+07    9.430E+15    6.529E+04    2.938E-01    3.948E-04     r       2.5
2.150E+07    9.982E-01    3.514E+24    1.079E+07    9.447E+15    6.536E+04    2.934E-01    3.966E-04     r       2.5
2.116E+07    9.983E-01    3.462E+24    1.080E+07    9.456E+15    6.540E+04    2.932E-01    3.974E-04     r       2.5
2.046E+07    9.985E-01    3.363E+24    1.081E+07    9.473E+15    6.547E+04    2.928E-01    3.991E-04     r       2.5
2.011E+07    9.986E-01    3.316E+24    1.081E+07    9.481E+15    6.550E+04    2.926E-01    4.000E-04     r       2.5
1.994E+07    9.986E-01    3.293E+24    1.081E+07    9.485E+15    6.552E+04    2.925E-01    4.004E-04     r       2.5
1.959E+07    9.987E-01    3.248E+24    1.082E+07    9.493E+15    6.555E+04    2.923E-01    4.012E-04     r       2.5
1.942E+07    9.987E-01    3.227E+24    1.082E+07    9.497E+15    6.557E+04    2.922E-01    4.016E-04     r       2.5
1.907E+07    9.988E-01    3.184E+24    1.082E+07    9.505E+15    6.560E+04    2.920E-01    4.024E-04     r       2.5
1.889E+07    9.988E-01    3.163E+24    1.082E+07    9.509E+15    6.562E+04    2.919E-01    4.028E-04     r       2.5
1.855E+07    9.989E-01    3.122E+24    1.083E+07    9.516E+15    6.565E+04    2.917E-01    4.036E-04     r       2.5
1.837E+07    9.989E-01    3.103E+24    1.083E+07    9.520E+15    6.566E+04    2.917E-01    4.040E-04     r       2.5
1.802E+07    9.990E-01    3.064E+24    1.083E+07    9.527E+15    6.569E+04    2.915E-01    4.047E-04     r       2.5
1.785E+07    9.990E-01    3.046E+24    1.083E+07    9.531E+15    6.571E+04    2.914E-01    4.051E-04     r       2.5
1.750E+07    9.991E-01    3.009E+24    1.084E+07    9.538E+15    6.574E+04    2.912E-01    4.058E-04     r       2.5
1.733E+07    9.991E-01    2.991E+24    1.084E+07    9.541E+15    6.575E+04    2.911E-01    4.062E-04     r       2.5
1.698E+07    9.991E-01    2.957E+24    1.084E+07    9.548E+15    6.578E+04    2.910E-01    4.069E-04     r       2.5
1.681E+07    9.992E-01    2.940E+24    1.084E+07    9.551E+15    6.579E+04    2.909E-01    4.072E-04     r       2.5
1.646E+07    9.992E-01    2.908E+24    1.084E+07    9.558E+15    6.582E+04    2.908E-01    4.079E-04     r       2.5
1.629E+07    9.993E-01    2.892E+24    1.085E+07    9.561E+15    6.583E+04    2.907E-01    4.082E-04     r       2.5
1.594E+07    9.993E-01    2.862E+24    1.085E+07    9.568E+15    6.586E+04    2.905E-01    4.089E-04     r       2.5
1.576E+07    9.993E-01    2.847E+24    1.085E+07    9.571E+15    6.587E+04    2.905E-01    4.092E-04     r       2.5
1.542E+07    9.994E-01    2.818E+24    1.085E+07    9.577E+15    6.590E+04    2.903E-01    4.098E-04     r       2.5
1.524E+07    9.994E-01    2.804E+24    1.085E+07    9.580E+15    6.591E+04    2.902E-01    4.101E-04     r       2.5
1.489E+07    9.994E-01    2.777E+24    1.086E+07    9.586E+15    6.594E+04    2.901E-01    4.107E-04     r       2.5
1.472E+07    9.995E-01    2.765E+24    1.086E+07    9.588E+15    6.595E+04    2.900E-01    4.110E-04     r       2.5
1.437E+07    9.995E-01    2.739E+24    1.086E+07    9.594E+15    6.597E+04    2.899E-01    4.116E-04     r       2.5
1.420E+07    9.995E-01    2.727E+24    1.086E+07    9.597E+15    6.598E+04    2.898E-01    4.119E-04     r       2.5
1.385E+07    9.996E-01    2.704E+24    1.086E+07    9.602E+15    6.600E+04    2.897E-01    4.124E-04     r       2.5
1.368E+07    9.996E-01    2.693E+24    1.087E+07    9.605E+15    6.601E+04    2.897E-01    4.127E-04     r       2.5
1.333E+07    9.996E-01    2.671E+24    1.087E+07    9.610E+15    6.603E+04    2.895E-01    4.132E-04     r       2.5
1.315E+07    9.996E-01    2.660E+24    1.087E+07    9.612E+15    6.604E+04    2.895E-01    4.135E-04     r       2.5
1.281E+07    9.997E-01    2.640E+24    1.087E+07    9.617E+15    6.606E+04    2.894E-01    4.140E-04     r       2.5
1.263E+07    9.997E-01    2.631E+24    1.087E+07    9.619E+15    6.607E+04    2.893E-01    4.142E-04     r       2.5
1.228E+07    9.997E-01    2.612E+24    1.087E+07    9.624E+15    6.609E+04    2.892E-01    4.147E-04     r       2.5
1.211E+07    9.997E-01    2.603E+24    1.088E+07    9.626E+15    6.610E+04    2.892E-01    4.149E-04     r       2.5
1.176E+07    9.998E-01    2.586E+24    1.088E+07    9.630E+15    6.612E+04    2.891E-01    4.154E-04     r       2.5
1.159E+07    9.998E-01    2.578E+24    1.088E+07    9.632E+15    6.613E+04    2.890E-01    4.156E-04     r       2.5
1.150E+07    9.998E-01    2.574E+24    1.088E+07    9.633E+15    6.613E+04    2.890E-01    4.157E-04     r       2.5
1.133E+07    9.998E-01    2.566E+24    1.088E+07    9.635E+15    6.614E+04    2.890E-01    4.159E-04     r       2.5
1.124E+07    9.998E-01    2.562E+24    1.088E+07    9.636E+15    6.614E+04    2.889E-01    4.160E-04     r       2.5
1.107E+07    9.998E-01    2.555E+24    1.088E+07    9.638E+15    6.615E+04    2.889E-01    4.162E-04     r       2.5
1.098E+07    9.998E-01    2.551E+24    1.088E+07    9.639E+15    6.615E+04    2.889E-01    4.163E-04     r       2.5
1.081E+07    9.998E-01    2.544E+24    1.088E+07    9.641E+15    6.616E+04    2.888E-01    4.165E-04     r       2.5
1.072E+07    9.998E-01    2.540E+24    1.088E+07    9.642E+15    6.617E+04    2.888E-01    4.165E-04     r       2.5
1.055E+07    9.998E-01    2.534E+24    1.088E+07    9.643E+15    6.617E+04    2.888E-01    4.167E-04     r       2.5
1.046E+07    9.998E-01    2.530E+24    1.088E+07    9.644E+15    6.618E+04    2.887E-01    4.168E-04     r       2.5
1.028E+07    9.999E-01    2.524E+24    1.088E+07    9.646E+15    6.618E+04    2.887E-01    4.170E-04     r       2.5
1.020E+07    9.999E-01    2.521E+24    1.088E+07    9.646E+15    6.619E+04    2.887E-01    4.171E-04     r       2.5
1.002E+07    9.999E-01    2.514E+24    1.089E+07    9.648E+15    6.619E+04    2.887E-01    4.172E-04     r       2.5
9.936E+06    9.999E-01    2.511E+24    1.089E+07    9.649E+15    6.620E+04    2.886E-01    4.173E-04     r       2.5
9.762E+06    9.999E-01    2.506E+24    1.089E+07    9.650E+15    6.620E+04    2.886E-01    4.175E-04     r       2.5
9.675E+06    9.999E-01    2.503E+24    1.089E+07    9.651E+15    6.620E+04    2.886E-01    4.175E-04     r       2.5
9.502E+06    9.999E-01    2.497E+24    1.089E+07    9.652E+15    6.621E+04    2.886E-01    4.177E-04     r       2.5
9.415E+06    9.999E-01    2.494E+24    1.089E+07    9.653E+15    6.621E+04    2.885E-01    4.177E-04     r       2.5
9.241E+06    9.999E-01    2.489E+24    1.089E+07    9.654E+15    6.622E+04    2.885E-01    4.179E-04     r       2.5
9.154E+06    9.999E-01    2.487E+24    1.089E+07    9.655E+15    6.622E+04    2.885E-01    4.179E-04     r       2.5
8.980E+06    9.999E-01    2.482E+24    1.089E+07    9.656E+15    6.622E+04    2.885E-01    4.181E-04     r       2.5
8.893E+06    9.999E-01    2.479E+24    1.089E+07    9.657E+15    6.623E+04    2.885E-01    4.181E-04     r       2.5
8.719E+06    9.999E-01    2.475E+24    1.089E+07    9.658E+15    6.623E+04    2.884E-01    4.182E-04     r       2.5
8.632E+06    9.999E-01    2.472E+24    1.089E+07    9.658E+15    6.623E+04    2.884E-01    4.183E-04     r       2.5
8.588E+06    9.999E-01    2.471E+24    1.089E+07    9.658E+15    6.623E+04    2.884E-01    4.183E-04     r       2.5
8.501E+06    9.999E-01    2.469E+24    1.089E+07    9.659E+15    6.624E+04    2.884E-01    4.184E-04     r       2.5
8.458E+06    9.999E-01    2.468E+24    1.089E+07    9.659E+15    6.624E+04    2.884E-01    4.184E-04     r       2.5
8.371E+06    9.999E-01    2.466E+24    1.089E+07    9.660E+15    6.624E+04    2.884E-01    4.184E-04     r       2.5
8.327E+06    9.999E-01    2.465E+24    1.089E+07    9.660E+15    6.624E+04    2.884E-01    4.185E-04     r       2.5
8.240E+06    1.000E+00    2.463E+24    1.089E+07    9.660E+15    6.624E+04    2.884E-01    4.185E-04     r       2.5
8.197E+06    1.000E+00    2.462E+24    1.089E+07    9.660E+15    6.624E+04    2.884E-01    4.185E-04     r       2.5
8.110E+06    1.000E+00    2.460E+24    1.089E+07    9.661E+15    6.624E+04    2.884E-01    4.186E-04     r       2.5
8.067E+06    1.000E+00    2.459E+24    1.089E+07    9.661E+15    6.625E+04    2.884E-01    4.186E-04     r       2.5
7.980E+06    1.000E+00    2.457E+24    1.089E+07    9.661E+15    6.625E+04    2.883E-01    4.186E-04     r       2.5
7.936E+06    1.000E+00    2.456E+24    1.089E+07    9.662E+15    6.625E+04    2.883E-01    4.186E-04     r       2.5
7.849E+06    1.000E+00    2.454E+24    1.089E+07    9.662E+15    6.625E+04    2.883E-01    4.187E-04     r       2.5
7.806E+06    1.000E+00    2.453E+24    1.089E+07    9.662E+15    6.625E+04    2.883E-01    4.187E-04     r       2.5
7.719E+06    1.000E+00    2.451E+24    1.089E+07    9.662E+15    6.625E+04    2.883E-01    4.187E-04     r       2.5
7.675E+06    1.000E+00    2.450E+24    1.089E+07    9.662E+15    6.625E+04    2.883E-01    4.187E-04     r       2.5
7.588E+06    1.000E+00    2.448E+24    1.089E+07    9.663E+15    6.625E+04    2.883E-01    4.188E-04     r       2.5
7.545E+06    1.000E+00    2.447E+24    1.089E+07    9.663E+15    6.625E+04    2.883E-01    4.188E-04     r       2.5
7.523E+06    1.000E+00    2.447E+24    1.089E+07    9.663E+15    6.625E+04    2.883E-01    4.188E-04     r       2.5
7.479E+06    1.000E+00    2.446E+24    1.089E+07    9.663E+15    6.625E+04    2.883E-01    4.188E-04     r       2.5
7.458E+06    1.000E+00    2.446E+24    1.089E+07    9.663E+15    6.625E+04    2.883E-01    4.188E-04     r       2.5
7.414E+06    1.000E+00    2.445E+24    1.089E+07    9.663E+15    6.625E+04    2.883E-01    4.188E-04     r       2.5
7.393E+06    1.000E+00    2.445E+24    1.089E+07    9.663E+15    6.625E+04    2.883E-01    4.188E-04     r       2.5
7.349E+06    1.000E+00    2.444E+24    1.089E+07    9.663E+15    6.626E+04    2.883E-01    4.188E-04     r       2.5
7.327E+06    1.000E+00    2.443E+24    1.089E+07    9.663E+15    6.626E+04    2.883E-01    4.188E-04     r       2.5
7.284E+06    1.000E+00    2.442E+24    1.089E+07    9.664E+15    6.626E+04    2.883E-01    4.189E-04     r       2.5
7.262E+06    1.000E+00    2.442E+24    1.089E+07    9.664E+15    6.626E+04    2.883E-01    4.189E-04     r       2.5
7.219E+06    1.000E+00    2.441E+24    1.089E+07    9.664E+15    6.626E+04    2.883E-01    4.189E-04     r       2.5
7.197E+06    1.000E+00    2.441E+24    1.089E+07    9.664E+15    6.626E+04    2.883E-01    4.189E-04     r       2.5
7.153E+06    1.000E+00    2.440E+24    1.089E+07    9.664E+15    6.626E+04    2.883E-01    4.189E-04     r       2.5
7.132E+06    1.000E+00    2.440E+24    1.089E+07    9.664E+15    6.626E+04    2.883E-01    4.189E-04     r       2.5
7.088E+06    1.000E+00    2.439E+24    1.089E+07    9.664E+15    6.626E+04    2.883E-01    4.189E-04     r       2.5
7.066E+06    1.000E+00    2.439E+24    1.089E+07    9.664E+15    6.626E+04    2.883E-01    4.189E-04     r       2.5
7.055E+06    1.000E+00    2.438E+24    1.089E+07    9.664E+15    6.626E+04    2.883E-01    4.189E-04     r       2.5
7.034E+06    1.000E+00    2.438E+24    1.089E+07    9.664E+15    6.626E+04    2.883E-01    4.189E-04     r       2.5
7.023E+06    1.000E+00    2.438E+24    1.089E+07    9.664E+15    6.626E+04    2.883E-01    4.189E-04     r       2.5
7.001E+06    1.000E+00    2.437E+24    1.089E+07    9.664E+15    6.626E+04    2.883E-01    4.189E-04     r       2.5
6.990E+06    1.000E+00    2.437E+24    1.089E+07    9.664E+15    6.626E+04    2.883E-01    4.189E-04     r       2.5
6.969E+06    1.000E+00    2.437E+24    1.089E+07    9.664E+15    6.626E+04    2.883E-01    4.189E-04     r       2.5
6.958E+06    1.000E+00    2.437E+24    1.089E+07    9.664E+15    6.626E+04    2.883E-01    4.189E-04     r       2.5
