   r        Qm       L_r       T        P        rho      kap      eps     fl   dlnPdlnT
1.779E+09    0.000E+00    5.070E+29    2.177E+04    3.128E+03    0.000E+00    5.363E-02    0.000E+00     *      99.9
1.777E+09    4.829E-14    5.070E+29    7.877E+03    1.830E+00    8.149E-09    7.654E-01    4.076E-82     r       2.1
1.776E+09    2.085E-13    5.070E+29    2.129E+04    1.400E+01    4.913E-08    1.288E-01    8.313E-61     r       1.7
1.775E+09    4.008E-13    5.070E+29    2.467E+04    2.866E+01    8.678E-08    1.233E-01    4.573E-58     r       4.7
1.774E+09    5.532E-13    5.070E+29    2.469E+04    4.028E+01    1.219E-07    1.510E-01    6.602E-58     *      99.9
1.774E+09    6.511E-13    5.070E+29    2.470E+04    4.776E+01    1.444E-07    1.677E-01    7.984E-58     *      99.9
1.774E+09    7.065E-13    5.070E+29    2.471E+04    5.200E+01    1.572E-07    1.770E-01    8.800E-58     *      99.9
1.774E+09    7.362E-13    5.070E+29    2.471E+04    5.426E+01    1.640E-07    1.818E-01    9.244E-58     *      99.9
1.774E+09    7.992E-13    5.070E+29    2.472E+04    5.908E+01    1.785E-07    1.919E-01    1.022E-57     *      99.9
1.774E+09    8.328E-13    5.070E+29    2.473E+04    6.164E+01    1.862E-07    1.972E-01    1.075E-57     *      99.9
1.774E+09    9.044E-13    5.070E+29    2.474E+04    6.711E+01    2.026E-07    2.084E-01    1.192E-57     *      99.9
1.773E+09    9.425E-13    5.070E+29    2.475E+04    7.003E+01    2.114E-07    2.142E-01    1.256E-57     *      99.9
1.773E+09    1.024E-12    5.070E+29    2.476E+04    7.624E+01    2.300E-07    2.264E-01    1.399E-57     *      99.9
1.773E+09    1.067E-12    5.070E+29    2.477E+04    7.955E+01    2.399E-07    2.327E-01    1.478E-57     *      99.9
1.773E+09    1.159E-12    5.070E+29    2.479E+04    8.659E+01    2.610E-07    2.460E-01    1.654E-57     *      99.9
1.773E+09    1.208E-12    5.070E+29    2.480E+04    9.035E+01    2.721E-07    2.530E-01    1.753E-57     *      99.9
1.773E+09    1.295E-12    5.070E+29    2.482E+04    9.699E+01    3.857E-09    4.124E-02    2.557E-59     r      93.8
1.773E+09    1.296E-12    5.070E+29    2.482E+04    9.705E+01    4.023E-09    4.149E-02    2.667E-59     *      99.9
1.773E+09    1.297E-12    5.070E+29    2.482E+04    9.716E+01    4.377E-09    4.201E-02    2.901E-59     *      99.9
1.773E+09    1.301E-12    5.070E+29    2.482E+04    9.743E+01    5.179E-09    4.316E-02    3.434E-59     *      99.9
1.772E+09    1.310E-12    5.070E+29    2.482E+04    9.813E+01    7.253E-09    4.600E-02    4.812E-59     *      99.9
1.771E+09    1.340E-12    5.070E+29    2.482E+04    1.005E+02    1.422E-08    5.455E-02    9.448E-59     *      99.9
1.770E+09    1.513E-12    5.070E+29    2.483E+04    1.138E+02    5.383E-08    9.357E-02    3.638E-58     *      99.9
1.769E+09    1.737E-12    5.070E+29    2.485E+04    1.311E+02    1.048E-07    1.352E-01    7.323E-58     *      99.9
1.768E+09    1.919E-12    5.070E+29    2.488E+04    1.452E+02    1.459E-07    1.655E-01    1.056E-57     *      99.9
1.768E+09    2.035E-12    5.070E+29    2.489E+04    1.542E+02    1.719E-07    1.836E-01    1.277E-57     r      87.6
1.768E+09    2.101E-12    5.070E+29    2.491E+04    1.592E+02    1.866E-07    1.935E-01    1.408E-57     r      77.7
1.768E+09    2.249E-12    5.070E+29    2.493E+04    1.707E+02    2.197E-07    2.151E-01    1.723E-57     r      68.2
1.768E+09    2.333E-12    5.070E+29    2.495E+04    1.772E+02    2.382E-07    2.269E-01    1.913E-57     r      60.1
1.767E+09    2.522E-12    5.070E+29    2.498E+04    1.919E+02    2.799E-07    2.523E-01    2.381E-57     r      52.4
1.767E+09    2.629E-12    5.070E+29    2.501E+04    2.001E+02    3.033E-07    2.660E-01    2.671E-57     r      45.9
1.767E+09    2.869E-12    5.070E+29    2.506E+04    2.188E+02    3.555E-07    2.954E-01    3.408E-57     r      39.9
1.767E+09    3.004E-12    5.070E+29    2.510E+04    2.293E+02    3.847E-07    3.112E-01    3.880E-57     r      34.8
1.767E+09    3.309E-12    5.070E+29    2.518E+04    2.529E+02    4.497E-07    3.445E-01    5.128E-57     r      30.1
1.767E+09    3.479E-12    5.070E+29    2.523E+04    2.662E+02    4.857E-07    3.620E-01    5.962E-57     r      26.3
1.766E+09    3.570E-12    5.070E+29    2.525E+04    2.732E+02    5.047E-07    3.710E-01    6.448E-57     r      24.5
1.766E+09    3.761E-12    5.070E+29    2.531E+04    2.881E+02    5.446E-07    3.893E-01    7.595E-57     r      22.9
1.766E+09    3.863E-12    5.070E+29    2.534E+04    2.960E+02    5.656E-07    3.986E-01    8.272E-57     r      21.4
1.766E+09    4.077E-12    5.070E+29    2.541E+04    3.126E+02    6.097E-07    4.175E-01    9.889E-57     r      19.9
1.766E+09    4.191E-12    5.070E+29    2.545E+04    3.214E+02    6.328E-07    4.270E-01    1.086E-56     r      18.7
1.766E+09    4.430E-12    5.070E+29    2.553E+04    3.401E+02    6.813E-07    4.463E-01    1.320E-56     r      17.5
1.766E+09    4.557E-12    5.070E+29    2.558E+04    3.499E+02    7.067E-07    4.560E-01    1.462E-56     r      16.4
1.766E+09    4.824E-12    5.070E+29    2.568E+04    3.708E+02    7.599E-07    4.753E-01    1.810E-56     r      15.3
1.766E+09    4.966E-12    5.070E+29    2.573E+04    3.817E+02    7.876E-07    4.850E-01    2.025E-56     r      14.4
1.766E+09    5.264E-12    5.070E+29    2.584E+04    4.049E+02    8.457E-07    5.042E-01    2.558E-56     r      13.6
1.766E+09    5.421E-12    5.070E+29    2.590E+04    4.172E+02    8.759E-07    5.137E-01    2.891E-56     r      12.8
1.766E+09    5.752E-12    5.070E+29    2.603E+04    4.429E+02    9.390E-07    5.324E-01    3.732E-56     r      12.1
1.765E+09    5.926E-12    5.070E+29    2.610E+04    4.565E+02    9.718E-07    5.416E-01    4.263E-56     r      11.4
1.765E+09    6.293E-12    5.070E+29    2.625E+04    4.851E+02    1.040E-06    5.596E-01    5.627E-56     r      10.8
1.765E+09    6.486E-12    5.070E+29    2.632E+04    5.001E+02    1.076E-06    5.683E-01    6.500E-56     r      10.3
1.765E+09    6.892E-12    5.070E+29    2.649E+04    5.317E+02    1.149E-06    5.852E-01    8.772E-56     r       9.8
1.765E+09    7.105E-12    5.070E+29    2.658E+04    5.483E+02    1.188E-06    5.933E-01    1.025E-55     r       9.3
1.765E+09    7.553E-12    5.070E+29    2.676E+04    5.832E+02    1.267E-06    6.089E-01    1.414E-55     r       8.9
1.765E+09    7.788E-12    5.070E+29    2.686E+04    6.015E+02    1.308E-06    6.163E-01    1.669E-55     r       8.5
1.765E+09    8.280E-12    5.070E+29    2.706E+04    6.399E+02    1.393E-06    6.303E-01    2.352E-55     r       8.2
1.765E+09    8.538E-12    5.070E+29    2.717E+04    6.600E+02    1.437E-06    6.369E-01    2.806E-55     r       7.8
1.765E+09    9.078E-12    5.070E+29    2.739E+04    7.021E+02    1.527E-06    6.493E-01    4.031E-55     r       7.6
1.765E+09    9.361E-12    5.070E+29    2.751E+04    7.242E+02    1.574E-06    6.551E-01    4.854E-55     r       7.3
1.765E+09    9.952E-12    5.070E+29    2.775E+04    7.703E+02    1.671E-06    6.658E-01    7.098E-55     r       7.1
1.764E+09    1.026E-11    5.070E+29    2.788E+04    7.944E+02    1.721E-06    6.707E-01    8.618E-55     r       6.8
1.764E+09    1.091E-11    5.070E+29    2.814E+04    8.448E+02    1.823E-06    6.797E-01    1.280E-54     r       6.6
1.764E+09    1.124E-11    5.070E+29    2.827E+04    8.711E+02    1.876E-06    6.837E-01    1.565E-54     r       6.5
1.764E+09    1.195E-11    5.070E+29    2.855E+04    9.260E+02    1.985E-06    6.911E-01    2.354E-54     r       6.3
1.764E+09    1.231E-11    5.070E+29    2.869E+04    9.547E+02    2.041E-06    6.943E-01    2.896E-54     r       6.1
1.764E+09    1.308E-11    5.070E+29    2.898E+04    1.014E+03    2.156E-06    7.001E-01    4.402E-54     r       6.0
1.764E+09    1.348E-11    5.070E+29    2.913E+04    1.045E+03    2.216E-06    7.026E-01    5.440E-54     r       5.9
1.764E+09    1.431E-11    5.070E+29    2.943E+04    1.110E+03    2.338E-06    7.070E-01    8.337E-54     r       5.8
1.764E+09    1.474E-11    5.070E+29    2.959E+04    1.144E+03    2.400E-06    7.088E-01    1.034E-53     r       5.7
1.764E+09    1.563E-11    5.070E+29    2.991E+04    1.214E+03    2.529E-06    7.119E-01    1.594E-53     r       5.6
1.764E+09    1.610E-11    5.070E+29    3.007E+04    1.251E+03    2.595E-06    7.131E-01    1.981E-53     r       5.5
1.764E+09    1.707E-11    5.070E+29    3.040E+04    1.326E+03    2.731E-06    7.151E-01    3.064E-53     r       5.4
1.763E+09    1.757E-11    5.070E+29    3.056E+04    1.366E+03    2.801E-06    7.158E-01    3.814E-53     r       5.4
1.763E+09    1.862E-11    5.070E+29    3.090E+04    1.448E+03    2.944E-06    7.168E-01    5.911E-53     r       5.3
1.763E+09    1.916E-11    5.070E+29    3.107E+04    1.490E+03    3.017E-06    7.171E-01    7.361E-53     r       5.2
1.763E+09    2.029E-11    5.070E+29    3.142E+04    1.578E+03    3.168E-06    7.172E-01    1.141E-52     r       5.2
1.763E+09    2.087E-11    5.070E+29    3.159E+04    1.624E+03    3.245E-06    7.171E-01    1.420E-52     r       5.1
1.763E+09    2.208E-11    5.070E+29    3.195E+04    1.718E+03    3.404E-06    7.165E-01    2.199E-52     r       5.1
1.763E+09    2.271E-11    5.070E+29    3.213E+04    1.768E+03    3.485E-06    7.161E-01    2.736E-52     r       5.0
1.763E+09    2.401E-11    5.070E+29    3.249E+04    1.869E+03    3.652E-06    7.149E-01    4.226E-52     r       5.0
1.763E+09    2.468E-11    5.070E+29    3.267E+04    1.922E+03    3.737E-06    7.142E-01    5.248E-52     r       5.0
1.763E+09    2.607E-11    5.070E+29    3.304E+04    2.031E+03    3.913E-06    7.126E-01    8.081E-52     r       4.9
1.763E+09    2.679E-11    5.070E+29    3.322E+04    2.087E+03    4.002E-06    7.116E-01    1.002E-51     r       4.9
1.763E+09    2.828E-11    5.070E+29    3.360E+04    2.204E+03    4.186E-06    7.096E-01    1.536E-51     r       4.9
1.762E+09    2.905E-11    5.070E+29    3.378E+04    2.264E+03    4.281E-06    7.085E-01    1.900E-51     r       4.9
1.762E+09    3.064E-11    5.070E+29    3.416E+04    2.389E+03    4.474E-06    7.061E-01    2.900E-51     r       4.8
1.762E+09    3.146E-11    5.070E+29    3.435E+04    2.453E+03    4.572E-06    7.049E-01    3.578E-51     r       4.8
1.762E+09    3.316E-11    5.070E+29    3.473E+04    2.587E+03    4.775E-06    7.022E-01    5.433E-51     r       4.8
1.762E+09    3.404E-11    5.070E+29    3.492E+04    2.656E+03    4.878E-06    7.009E-01    6.685E-51     r       4.8
1.762E+09    3.585E-11    5.070E+29    3.531E+04    2.798E+03    5.091E-06    6.981E-01    1.010E-50     r       4.8
1.762E+09    3.678E-11    5.070E+29    3.550E+04    2.871E+03    5.199E-06    6.966E-01    1.239E-50     r       4.7
1.762E+09    3.871E-11    5.070E+29    3.589E+04    3.023E+03    5.421E-06    6.936E-01    1.860E-50     r       4.7
1.762E+09    3.971E-11    5.070E+29    3.608E+04    3.101E+03    5.535E-06    6.921E-01    2.275E-50     r       4.7
1.762E+09    4.176E-11    5.070E+29    3.647E+04    3.262E+03    5.767E-06    6.890E-01    3.396E-50     r       4.7
1.762E+09    4.282E-11    5.070E+29    3.667E+04    3.345E+03    5.886E-06    6.874E-01    4.142E-50     r       4.7
1.762E+09    4.500E-11    5.070E+29    3.706E+04    3.516E+03    6.129E-06    6.842E-01    6.144E-50     r       4.7
1.761E+09    4.613E-11    5.070E+29    3.726E+04    3.605E+03    6.253E-06    6.826E-01    7.471E-50     r       4.7
1.761E+09    4.845E-11    5.070E+29    3.765E+04    3.787E+03    6.507E-06    6.794E-01    1.101E-49     r       4.7
1.761E+09    4.964E-11    5.070E+29    3.785E+04    3.881E+03    6.637E-06    6.777E-01    1.335E-49     r       4.7
1.761E+09    5.210E-11    5.070E+29    3.825E+04    4.074E+03    6.903E-06    6.745E-01    1.956E-49     r       4.7
1.761E+09    5.731E-11    5.070E+29    3.905E+04    4.484E+03    7.457E-06    6.678E-01    4.148E-49     r       4.6
1.761E+09    6.007E-11    5.070E+29    3.945E+04    4.701E+03    7.746E-06    6.645E-01    6.003E-49     r       4.6
1.761E+09    6.591E-11    5.070E+29    4.025E+04    5.160E+03    8.349E-06    6.579E-01    1.242E-48     r       4.6
1.761E+09    6.900E-11    5.070E+29    4.066E+04    5.403E+03    8.663E-06    6.546E-01    1.776E-48     r       4.6
1.760E+09    7.552E-11    5.070E+29    4.147E+04    5.917E+03    9.318E-06    6.480E-01    3.589E-48     r       4.6
1.760E+09    7.896E-11    5.070E+29    4.187E+04    6.188E+03    9.658E-06    6.448E-01    5.073E-48     r       4.6
1.760E+09    8.622E-11    5.070E+29    4.268E+04    6.760E+03    1.037E-05    6.383E-01    1.002E-47     r       4.6
1.760E+09    9.005E-11    5.070E+29    4.309E+04    7.062E+03    1.074E-05    6.351E-01    1.400E-47     r       4.6
1.760E+09    9.811E-11    5.070E+29    4.391E+04    7.698E+03    1.150E-05    6.289E-01    2.704E-47     r       4.6
1.760E+09    1.023E-10    5.070E+29    4.432E+04    8.032E+03    1.190E-05    6.258E-01    3.739E-47     r       4.6
1.759E+09    1.113E-10    5.070E+29    4.514E+04    8.737E+03    1.273E-05    6.196E-01    7.072E-47     r       4.6
1.759E+09    1.160E-10    5.070E+29    4.555E+04    9.107E+03    1.316E-05    6.166E-01    9.676E-47     r       4.6
1.759E+09    1.258E-10    5.070E+29    4.637E+04    9.885E+03    1.405E-05    6.107E-01    1.794E-46     r       4.6
1.759E+09    1.310E-10    5.070E+29    4.679E+04    1.029E+04    1.451E-05    6.077E-01    2.430E-46     r       4.6
1.759E+09    1.418E-10    5.070E+29    4.761E+04    1.115E+04    1.546E-05    6.020E-01    4.420E-46     r       4.6
1.759E+09    1.475E-10    5.070E+29    4.803E+04    1.160E+04    1.596E-05    5.991E-01    5.933E-46     r       4.6
1.758E+09    1.594E-10    5.070E+29    4.886E+04    1.254E+04    1.699E-05    5.936E-01    1.059E-45     r       4.6
1.758E+09    1.657E-10    5.070E+29    4.927E+04    1.304E+04    1.752E-05    5.908E-01    1.409E-45     r       4.6
1.758E+09    1.788E-10    5.070E+29    5.010E+04    1.407E+04    1.862E-05    5.854E-01    2.473E-45     r       4.6
1.758E+09    1.856E-10    5.070E+29    5.052E+04    1.462E+04    1.918E-05    5.827E-01    3.263E-45     r       4.6
1.758E+09    1.999E-10    5.070E+29    5.135E+04    1.575E+04    2.036E-05    5.775E-01    5.631E-45     r       4.6
1.758E+09    2.074E-10    5.070E+29    5.177E+04    1.634E+04    2.097E-05    5.749E-01    7.369E-45     r       4.6
1.757E+09    2.230E-10    5.070E+29    5.260E+04    1.758E+04    2.222E-05    5.699E-01    1.252E-44     r       4.6
1.757E+09    2.311E-10    5.070E+29    5.302E+04    1.823E+04    2.287E-05    5.674E-01    1.626E-44     r       4.6
1.757E+09    2.482E-10    5.070E+29    5.386E+04    1.958E+04    2.421E-05    5.625E-01    2.721E-44     r       4.6
1.757E+09    2.570E-10    5.070E+29    5.428E+04    2.028E+04    2.490E-05    5.601E-01    3.507E-44     r       4.6
1.757E+09    2.755E-10    5.070E+29    5.512E+04    2.175E+04    2.633E-05    5.553E-01    5.786E-44     r       4.6
1.757E+09    2.852E-10    5.070E+29    5.554E+04    2.252E+04    2.706E-05    5.530E-01    7.406E-44     r       4.6
1.756E+09    3.053E-10    5.070E+29    5.638E+04    2.411E+04    2.858E-05    5.484E-01    1.205E-43     r       4.6
1.756E+09    3.157E-10    5.070E+29    5.680E+04    2.494E+04    2.936E-05    5.461E-01    1.533E-43     r       4.6
1.756E+09    3.375E-10    5.070E+29    5.764E+04    2.668E+04    3.097E-05    5.417E-01    2.462E-43     r       4.6
1.756E+09    3.488E-10    5.070E+29    5.806E+04    2.758E+04    3.180E-05    5.395E-01    3.111E-43     r       4.6
1.756E+09    3.724E-10    5.070E+29    5.891E+04    2.945E+04    3.350E-05    5.352E-01    4.935E-43     r       4.6
1.756E+09    3.846E-10    5.070E+29    5.933E+04    3.043E+04    3.438E-05    5.331E-01    6.197E-43     r       4.6
1.755E+09    4.101E-10    5.070E+29    6.017E+04    3.246E+04    3.619E-05    5.289E-01    9.715E-43     r       4.6
1.755E+09    4.233E-10    5.070E+29    6.060E+04    3.351E+04    3.712E-05    5.268E-01    1.213E-42     r       4.6
1.755E+09    4.508E-10    5.070E+29    6.144E+04    3.570E+04    3.904E-05    5.228E-01    1.880E-42     r       4.6
1.755E+09    4.650E-10    5.070E+29    6.187E+04    3.684E+04    4.002E-05    5.208E-01    2.334E-42     r       4.6
1.755E+09    4.946E-10    5.070E+29    6.272E+04    3.920E+04    4.204E-05    5.168E-01    3.579E-42     r       4.6
1.755E+09    5.100E-10    5.070E+29    6.314E+04    4.042E+04    4.308E-05    5.149E-01    4.420E-42     r       4.6
1.754E+09    5.418E-10    5.070E+29    6.399E+04    4.296E+04    4.522E-05    5.111E-01    6.706E-42     r       4.6
1.754E+09    5.583E-10    5.070E+29    6.441E+04    4.428E+04    4.632E-05    5.092E-01    8.239E-42     r       4.6
1.754E+09    5.924E-10    5.070E+29    6.527E+04    4.701E+04    4.857E-05    5.055E-01    1.238E-41     r       4.6
1.754E+09    6.101E-10    5.070E+29    6.569E+04    4.842E+04    4.973E-05    5.036E-01    1.513E-41     r       4.6
1.754E+09    6.468E-10    5.070E+29    6.654E+04    5.135E+04    5.210E-05    5.000E-01    2.252E-41     r       4.6
1.754E+09    6.658E-10    5.070E+29    6.697E+04    5.287E+04    5.332E-05    4.982E-01    2.740E-41     r       4.6
1.753E+09    7.051E-10    5.070E+29    6.782E+04    5.602E+04    5.582E-05    4.947E-01    4.040E-41     r       4.6
1.753E+09    7.254E-10    5.070E+29    6.825E+04    5.764E+04    5.710E-05    4.930E-01    4.894E-41     r       4.6
1.753E+09    7.674E-10    5.070E+29    6.911E+04    6.101E+04    5.974E-05    4.896E-01    7.151E-41     r       4.6
1.753E+09    7.891E-10    5.070E+29    6.953E+04    6.275E+04    6.108E-05    4.879E-01    8.626E-41     r       4.6
1.753E+09    8.341E-10    5.070E+29    7.039E+04    6.635E+04    6.385E-05    4.846E-01    1.250E-40     r       4.6
1.753E+09    8.573E-10    5.070E+29    7.082E+04    6.821E+04    6.526E-05    4.829E-01    1.501E-40     r       4.6
1.752E+09    9.052E-10    5.070E+29    7.168E+04    7.206E+04    6.817E-05    4.797E-01    2.158E-40     r       4.6
1.752E+09    9.300E-10    5.070E+29    7.211E+04    7.405E+04    6.965E-05    4.781E-01    2.581E-40     r       4.6
1.752E+09    9.812E-10    5.070E+29    7.296E+04    7.815E+04    7.270E-05    4.750E-01    3.681E-40     r       4.6
1.752E+09    1.008E-09    5.070E+29    7.339E+04    8.027E+04    7.426E-05    4.734E-01    4.387E-40     r       4.6
1.752E+09    1.062E-09    5.070E+29    7.425E+04    8.465E+04    7.745E-05    4.703E-01    6.208E-40     r       4.6
1.752E+09    1.090E-09    5.070E+29    7.468E+04    8.691E+04    7.909E-05    4.688E-01    7.371E-40     r       4.6
1.751E+09    1.148E-09    5.070E+29    7.555E+04    9.157E+04    8.243E-05    4.658E-01    1.036E-39     r       4.6
1.751E+09    1.178E-09    5.070E+29    7.598E+04    9.398E+04    8.414E-05    4.644E-01    1.225E-39     r       4.6
1.751E+09    1.240E-09    5.070E+29    7.684E+04    9.894E+04    8.765E-05    4.614E-01    1.709E-39     r       4.6
1.751E+09    1.272E-09    5.070E+29    7.727E+04    1.015E+05    8.944E-05    4.600E-01    2.015E-39     r       4.6
1.751E+09    1.337E-09    5.070E+29    7.813E+04    1.068E+05    9.310E-05    4.572E-01    2.792E-39     r       4.6
1.751E+09    1.371E-09    5.070E+29    7.857E+04    1.095E+05    9.497E-05    4.558E-01    3.282E-39     r       4.6
1.750E+09    1.440E-09    5.070E+29    7.943E+04    1.151E+05    9.880E-05    4.530E-01    4.517E-39     r       4.6
1.750E+09    1.476E-09    5.070E+29    7.986E+04    1.180E+05    1.008E-04    4.516E-01    5.292E-39     r       4.6
1.750E+09    1.550E-09    5.070E+29    8.073E+04    1.239E+05    1.048E-04    4.489E-01    7.239E-39     r       4.6
1.750E+09    1.588E-09    5.070E+29    8.116E+04    1.270E+05    1.068E-04    4.476E-01    8.453E-39     r       4.6
1.750E+09    1.666E-09    5.070E+29    8.203E+04    1.333E+05    1.110E-04    4.449E-01    1.149E-38     r       4.6
1.749E+09    1.831E-09    5.070E+29    8.376E+04    1.466E+05    1.197E-04    4.398E-01    2.100E-38     r       4.6
1.749E+09    1.918E-09    5.070E+29    8.463E+04    1.537E+05    1.242E-04    4.372E-01    2.822E-38     r       4.6
1.749E+09    2.103E-09    5.070E+29    8.637E+04    1.686E+05    1.337E-04    4.323E-01    5.042E-38     r       4.6
1.748E+09    2.200E-09    5.070E+29    8.724E+04    1.765E+05    1.386E-04    4.299E-01    6.703E-38     r       4.6
1.748E+09    2.406E-09    5.070E+29    8.899E+04    1.932E+05    1.489E-04    4.252E-01    1.173E-37     r       4.6
1.748E+09    2.514E-09    5.070E+29    8.986E+04    2.019E+05    1.542E-04    4.229E-01    1.543E-37     r       4.6
1.747E+09    2.743E-09    5.070E+29    9.161E+04    2.205E+05    1.653E-04    4.184E-01    2.647E-37     r       4.6
1.747E+09    2.863E-09    5.070E+29    9.248E+04    2.302E+05    1.711E-04    4.162E-01    3.451E-37     r       4.6
1.747E+09    3.116E-09    5.070E+29    9.423E+04    2.508E+05    1.831E-04    4.118E-01    5.811E-37     r       4.6
1.746E+09    3.249E-09    5.070E+29    9.511E+04    2.616E+05    1.893E-04    4.097E-01    7.507E-37     r       4.6
1.746E+09    3.528E-09    5.070E+29    9.686E+04    2.843E+05    2.022E-04    4.056E-01    1.242E-36     r       4.6
1.746E+09    3.675E-09    5.070E+29    9.774E+04    2.963E+05    2.089E-04    4.035E-01    1.592E-36     r       4.6
1.745E+09    3.983E-09    5.070E+29    9.950E+04    3.213E+05    2.227E-04    3.996E-01    2.591E-36     r       4.6
1.745E+09    4.144E-09    5.070E+29    1.004E+05    3.345E+05    2.299E-04    3.976E-01    3.293E-36     r       4.6
1.744E+09    4.482E-09    5.070E+29    1.021E+05    3.621E+05    2.448E-04    3.938E-01    5.278E-36     r       4.6
1.744E+09    4.659E-09    5.070E+29    1.030E+05    3.766E+05    2.525E-04    3.919E-01    6.658E-36     r       4.6
1.744E+09    5.030E-09    5.070E+29    1.048E+05    4.069E+05    2.684E-04    3.882E-01    1.052E-35     r       4.6
1.744E+09    5.224E-09    5.070E+29    1.057E+05    4.228E+05    2.767E-04    3.864E-01    1.317E-35     r       4.6
1.743E+09    5.630E-09    5.070E+29    1.074E+05    4.560E+05    2.937E-04    3.829E-01    2.052E-35     r       4.6
1.743E+09    5.842E-09    5.070E+29    1.083E+05    4.734E+05    3.025E-04    3.811E-01    2.553E-35     r       4.6
1.742E+09    6.285E-09    5.070E+29    1.101E+05    5.097E+05    3.207E-04    3.777E-01    3.925E-35     r       4.6
1.742E+09    6.517E-09    5.070E+29    1.110E+05    5.287E+05    3.301E-04    3.760E-01    4.852E-35     r       4.6
1.742E+09    7.000E-09    5.070E+29    1.128E+05    5.684E+05    3.495E-04    3.727E-01    7.367E-35     r       4.6
1.742E+09    7.252E-09    5.070E+29    1.137E+05    5.891E+05    3.596E-04    3.711E-01    9.052E-35     r       4.6
1.741E+09    7.777E-09    5.070E+29    1.154E+05    6.323E+05    3.802E-04    3.679E-01    1.358E-34     r       4.6
1.741E+09    8.050E-09    5.070E+29    1.163E+05    6.548E+05    3.909E-04    3.663E-01    1.659E-34     r       4.6
1.740E+09    8.621E-09    5.070E+29    1.181E+05    7.018E+05    4.129E-04    3.633E-01    2.462E-34     r       4.6
1.740E+09    8.917E-09    5.070E+29    1.190E+05    7.262E+05    4.242E-04    3.618E-01    2.991E-34     r       4.6
1.740E+09    9.535E-09    5.070E+29    1.208E+05    7.772E+05    4.475E-04    3.588E-01    4.391E-34     r       4.6
1.740E+09    9.857E-09    5.070E+29    1.217E+05    8.038E+05    4.596E-04    3.573E-01    5.307E-34     r       4.6
1.739E+09    1.053E-08    5.070E+29    1.235E+05    8.590E+05    4.843E-04    3.544E-01    7.712E-34     r       4.6
1.739E+09    1.087E-08    5.070E+29    1.244E+05    8.877E+05    4.971E-04    3.530E-01    9.274E-34     r       4.6
1.738E+09    1.160E-08    5.070E+29    1.261E+05    9.475E+05    5.233E-04    3.502E-01    1.335E-33     r       4.6
1.738E+09    1.197E-08    5.070E+29    1.270E+05    9.786E+05    5.368E-04    3.489E-01    1.597E-33     r       4.6
1.738E+09    1.275E-08    5.070E+29    1.288E+05    1.043E+06    5.646E-04    3.462E-01    2.277E-33     r       4.6
1.738E+09    1.315E-08    5.070E+29    1.297E+05    1.077E+06    5.788E-04    3.449E-01    2.713E-33     r       4.6
1.737E+09    1.399E-08    5.070E+29    1.315E+05    1.146E+06    6.082E-04    3.422E-01    3.834E-33     r       4.6
1.737E+09    1.443E-08    5.070E+29    1.324E+05    1.182E+06    6.233E-04    3.410E-01    4.548E-33     r       4.6
1.736E+09    1.533E-08    5.070E+29    1.342E+05    1.257E+06    6.543E-04    3.384E-01    6.373E-33     r       4.6
1.736E+09    1.580E-08    5.070E+29    1.351E+05    1.296E+06    6.702E-04    3.372E-01    7.528E-33     r       4.6
1.736E+09    1.677E-08    5.070E+29    1.369E+05    1.377E+06    7.029E-04    3.347E-01    1.046E-32     r       4.6
1.736E+09    1.727E-08    5.070E+29    1.378E+05    1.419E+06    7.196E-04    3.335E-01    1.231E-32     r       4.6
1.735E+09    1.831E-08    5.070E+29    1.396E+05    1.505E+06    7.541E-04    3.311E-01    1.698E-32     r       4.6
1.735E+09    1.884E-08    5.070E+29    1.405E+05    1.550E+06    7.718E-04    3.299E-01    1.990E-32     r       4.6
1.734E+09    1.996E-08    5.070E+29    1.424E+05    1.643E+06    8.080E-04    3.276E-01    2.724E-32     r       4.6
1.734E+09    2.053E-08    5.070E+29    1.433E+05    1.691E+06    8.267E-04    3.265E-01    3.181E-32     r       4.6
1.734E+09    2.172E-08    5.070E+29    1.451E+05    1.791E+06    8.648E-04    3.242E-01    4.323E-32     r       4.6
1.734E+09    2.234E-08    5.070E+29    1.460E+05    1.843E+06    8.844E-04    3.231E-01    5.031E-32     r       4.6
1.733E+09    2.361E-08    5.070E+29    1.478E+05    1.949E+06    9.245E-04    3.209E-01    6.791E-32     r       4.6
1.733E+09    2.427E-08    5.070E+29    1.487E+05    2.004E+06    9.450E-04    3.198E-01    7.877E-32     r       4.6
1.732E+09    2.563E-08    5.070E+29    1.505E+05    2.118E+06    9.871E-04    3.177E-01    1.056E-31     r       4.6
1.732E+09    2.633E-08    5.070E+29    1.514E+05    2.177E+06    1.009E-03    3.167E-01    1.221E-31     r       4.6
1.732E+09    2.778E-08    5.070E+29    1.532E+05    2.299E+06    1.053E-03    3.146E-01    1.627E-31     r       4.6
1.732E+09    2.852E-08    5.070E+29    1.542E+05    2.362E+06    1.076E-03    3.136E-01    1.875E-31     r       4.6
1.731E+09    3.007E-08    5.070E+29    1.560E+05    2.492E+06    1.122E-03    3.115E-01    2.483E-31     r       4.6
1.731E+09    3.086E-08    5.070E+29    1.569E+05    2.559E+06    1.146E-03    3.105E-01    2.853E-31     r       4.6
1.730E+09    3.250E-08    5.070E+29    1.587E+05    2.697E+06    1.194E-03    3.086E-01    3.755E-31     r       4.6
1.730E+09    3.335E-08    5.070E+29    1.596E+05    2.768E+06    1.219E-03    3.076E-01    4.303E-31     r       4.6
1.730E+09    3.509E-08    5.070E+29    1.615E+05    2.915E+06    1.270E-03    3.057E-01    5.632E-31     r       4.6
1.730E+09    3.599E-08    5.070E+29    1.624E+05    2.991E+06    1.296E-03    3.047E-01    6.435E-31     r       4.6
1.729E+09    3.784E-08    5.070E+29    1.642E+05    3.148E+06    1.349E-03    3.029E-01    8.378E-31     r       4.6
1.729E+09    3.880E-08    5.070E+29    1.651E+05    3.229E+06    1.376E-03    3.019E-01    9.546E-31     r       4.6
1.728E+09    4.076E-08    5.070E+29    1.670E+05    3.395E+06    1.432E-03    3.001E-01    1.236E-30     r       4.6
1.728E+09    4.177E-08    5.070E+29    1.679E+05    3.481E+06    1.460E-03    2.992E-01    1.405E-30     r       4.6
1.728E+09    4.385E-08    5.070E+29    1.697E+05    3.657E+06    1.518E-03    2.974E-01    1.810E-30     r       4.6
1.728E+09    4.493E-08    5.070E+29    1.706E+05    3.748E+06    1.548E-03    2.966E-01    2.052E-30     r       4.6
1.727E+09    4.713E-08    5.070E+29    1.725E+05    3.936E+06    1.608E-03    2.948E-01    2.631E-30     r       4.6
1.726E+09    5.180E-08    5.070E+29    1.761E+05    4.333E+06    1.735E-03    2.914E-01    4.285E-30     r       4.5
1.726E+09    5.426E-08    5.070E+29    1.780E+05    4.543E+06    1.801E-03    2.898E-01    5.443E-30     r       4.6
1.725E+09    5.947E-08    5.070E+29    1.817E+05    4.987E+06    1.938E-03    2.865E-01    8.705E-30     r       4.5
1.724E+09    6.222E-08    5.070E+29    1.835E+05    5.222E+06    2.010E-03    2.850E-01    1.096E-29     r       4.5
1.724E+09    6.802E-08    5.070E+29    1.872E+05    5.719E+06    2.158E-03    2.819E-01    1.724E-29     r       4.5
1.723E+09    7.108E-08    5.070E+29    1.891E+05    5.981E+06    2.236E-03    2.804E-01    2.153E-29     r       4.5
1.722E+09    7.751E-08    5.070E+29    1.928E+05    6.534E+06    2.397E-03    2.774E-01    3.333E-29     r       4.5
1.722E+09    8.090E-08    5.070E+29    1.946E+05    6.825E+06    2.481E-03    2.760E-01    4.131E-29     r       4.5
1.721E+09    8.803E-08    5.070E+29    1.984E+05    7.439E+06    2.655E-03    2.731E-01    6.300E-29     r       4.5
1.720E+09    9.177E-08    5.070E+29    2.002E+05    7.762E+06    2.745E-03    2.717E-01    7.752E-29     r       4.5
1.720E+09    9.963E-08    5.070E+29    2.039E+05    8.441E+06    2.932E-03    2.690E-01    1.166E-28     r       4.5
1.719E+09    1.038E-07    5.070E+29    2.058E+05    8.799E+06    3.029E-03    2.677E-01    1.425E-28     r       4.5
1.718E+09    1.124E-07    5.070E+29    2.096E+05    9.549E+06    3.231E-03    2.651E-01    2.115E-28     r       4.5
1.718E+09    1.170E-07    5.070E+29    2.114E+05    9.943E+06    3.335E-03    2.638E-01    2.568E-28     r       4.5
1.717E+09    1.265E-07    5.070E+29    2.152E+05    1.077E+07    3.552E-03    2.613E-01    3.765E-28     r       4.5
1.716E+09    1.314E-07    5.070E+29    2.170E+05    1.120E+07    3.664E-03    2.601E-01    4.545E-28     r       4.5
1.716E+09    1.419E-07    5.070E+29    2.208E+05    1.211E+07    3.895E-03    2.577E-01    6.585E-28     r       4.5
1.715E+09    1.473E-07    5.070E+29    2.227E+05    1.259E+07    4.015E-03    2.565E-01    7.904E-28     r       4.5
1.714E+09    1.587E-07    5.070E+29    2.264E+05    1.359E+07    4.263E-03    2.542E-01    1.132E-27     r       4.5
1.714E+09    1.647E-07    5.070E+29    2.283E+05    1.411E+07    4.392E-03    2.530E-01    1.352E-27     r       4.5
1.713E+09    1.771E-07    5.070E+29    2.321E+05    1.520E+07    4.656E-03    2.508E-01    1.917E-27     r       4.5
1.712E+09    1.836E-07    5.070E+29    2.340E+05    1.577E+07    4.793E-03    2.497E-01    2.277E-27     r       4.5
1.712E+09    1.971E-07    5.070E+29    2.378E+05    1.696E+07    5.076E-03    2.475E-01    3.196E-27     r       4.5
1.711E+09    2.042E-07    5.070E+29    2.397E+05    1.758E+07    5.222E-03    2.465E-01    3.777E-27     r       4.5
1.710E+09    2.189E-07    5.070E+29    2.435E+05    1.888E+07    5.523E-03    2.444E-01    5.252E-27     r       4.5
1.710E+09    2.266E-07    5.070E+29    2.454E+05    1.956E+07    5.678E-03    2.434E-01    6.179E-27     r       4.5
1.709E+09    2.426E-07    5.070E+29    2.492E+05    2.098E+07    5.999E-03    2.414E-01    8.514E-27     r       4.5
1.708E+09    2.509E-07    5.070E+29    2.511E+05    2.172E+07    6.164E-03    2.404E-01    9.973E-27     r       4.5
1.708E+09    2.682E-07    5.070E+29    2.549E+05    2.325E+07    6.504E-03    2.385E-01    1.363E-26     r       4.5
1.707E+09    2.772E-07    5.070E+29    2.568E+05    2.406E+07    6.680E-03    2.375E-01    1.589E-26     r       4.5
1.706E+09    2.959E-07    5.070E+29    2.606E+05    2.572E+07    7.041E-03    2.356E-01    2.154E-26     r       4.5
1.706E+09    3.056E-07    5.070E+29    2.625E+05    2.659E+07    7.227E-03    2.347E-01    2.502E-26     r       4.5
1.705E+09    3.258E-07    5.070E+29    2.663E+05    2.840E+07    7.610E-03    2.329E-01    3.364E-26     r       4.5
1.704E+09    3.363E-07    5.070E+29    2.683E+05    2.934E+07    7.807E-03    2.320E-01    3.894E-26     r       4.5
1.704E+09    3.581E-07    5.070E+29    2.721E+05    3.129E+07    8.212E-03    2.302E-01    5.197E-26     r       4.5
1.703E+09    3.694E-07    5.070E+29    2.740E+05    3.231E+07    8.421E-03    2.294E-01    5.993E-26     r       4.5
1.702E+09    3.928E-07    5.070E+29    2.779E+05    3.442E+07    8.850E-03    2.277E-01    7.942E-26     r       4.5
1.702E+09    4.050E-07    5.070E+29    2.798E+05    3.551E+07    9.070E-03    2.268E-01    9.127E-26     r       4.5
1.701E+09    4.302E-07    5.070E+29    2.836E+05    3.779E+07    9.523E-03    2.252E-01    1.201E-25     r       4.5
1.700E+09    4.433E-07    5.070E+29    2.856E+05    3.897E+07    9.756E-03    2.244E-01    1.376E-25     r       4.5
1.700E+09    4.703E-07    5.070E+29    2.894E+05    4.142E+07    1.023E-02    2.227E-01    1.799E-25     r       4.5
1.699E+09    4.843E-07    5.070E+29    2.913E+05    4.269E+07    1.048E-02    2.220E-01    2.054E-25     r       4.5
1.698E+09    5.133E-07    5.070E+29    2.952E+05    4.532E+07    1.098E-02    2.204E-01    2.669E-25     r       4.5
1.698E+09    5.283E-07    5.070E+29    2.972E+05    4.669E+07    1.124E-02    2.196E-01    3.038E-25     r       4.5
1.697E+09    5.594E-07    5.070E+29    3.010E+05    4.952E+07    1.178E-02    2.181E-01    3.925E-25     r       4.5
1.696E+09    5.754E-07    5.070E+29    3.030E+05    5.098E+07    1.205E-02    2.174E-01    4.454E-25     r       4.5
1.696E+09    6.086E-07    5.070E+29    3.069E+05    5.402E+07    1.261E-02    2.159E-01    5.721E-25     r       4.5
1.695E+09    6.258E-07    5.070E+29    3.088E+05    5.559E+07    1.289E-02    2.152E-01    6.475E-25     r       4.5
1.694E+09    6.613E-07    5.070E+29    3.127E+05    5.884E+07    1.348E-02    2.138E-01    8.271E-25     r       4.5
1.694E+09    6.796E-07    5.070E+29    3.146E+05    6.053E+07    1.378E-02    2.130E-01    9.335E-25     r       4.5
1.693E+09    7.174E-07    5.070E+29    3.185E+05    6.401E+07    1.440E-02    2.117E-01    1.186E-24     r       4.5
1.692E+09    7.370E-07    5.070E+29    3.205E+05    6.581E+07    1.472E-02    2.110E-01    1.335E-24     r       4.5
1.692E+09    7.773E-07    5.070E+29    3.244E+05    6.953E+07    1.537E-02    2.096E-01    1.688E-24     r       4.5
1.691E+09    7.981E-07    5.070E+29    3.264E+05    7.145E+07    1.570E-02    2.090E-01    1.896E-24     r       4.5
1.690E+09    8.411E-07    5.070E+29    3.303E+05    7.543E+07    1.638E-02    2.076E-01    2.385E-24     r       4.5
1.690E+09    8.632E-07    5.070E+29    3.322E+05    7.748E+07    1.673E-02    2.070E-01    2.671E-24     r       4.5
1.689E+09    9.089E-07    5.070E+29    3.362E+05    8.172E+07    1.745E-02    2.057E-01    3.345E-24     r       4.5
1.688E+09    9.324E-07    5.070E+29    3.381E+05    8.391E+07    1.781E-02    2.051E-01    3.739E-24     r       4.5
1.688E+09    9.810E-07    5.070E+29    3.421E+05    8.843E+07    1.856E-02    2.038E-01    4.660E-24     r       4.5
1.687E+09    1.006E-06    5.070E+29    3.440E+05    9.077E+07    1.894E-02    2.032E-01    5.197E-24     r       4.5
1.686E+09    1.057E-06    5.070E+29    3.480E+05    9.558E+07    1.973E-02    2.020E-01    6.449E-24     r       4.5
1.686E+09    1.084E-06    5.070E+29    3.500E+05    9.806E+07    2.013E-02    2.014E-01    7.176E-24     r       4.5
1.685E+09    1.139E-06    5.070E+29    3.539E+05    1.032E+08    2.095E-02    2.002E-01    8.868E-24     r       4.5
1.684E+09    1.167E-06    5.070E+29    3.559E+05    1.058E+08    2.137E-02    1.996E-01    9.848E-24     r       4.5
1.684E+09    1.225E-06    5.070E+29    3.598E+05    1.113E+08    2.222E-02    1.985E-01    1.212E-23     r       4.5
1.683E+09    1.254E-06    5.070E+29    3.618E+05    1.141E+08    2.266E-02    1.979E-01    1.343E-23     r       4.5
1.682E+09    1.316E-06    5.070E+29    3.658E+05    1.199E+08    2.356E-02    1.967E-01    1.647E-23     r       4.5
1.682E+09    1.347E-06    5.070E+29    3.678E+05    1.228E+08    2.401E-02    1.962E-01    1.822E-23     r       4.5
1.681E+09    1.412E-06    5.070E+29    3.718E+05    1.290E+08    2.495E-02    1.951E-01    2.225E-23     r       4.5
1.679E+09    1.549E-06    5.070E+29    3.797E+05    1.420E+08    2.690E-02    1.929E-01    3.294E-23     r       4.5
1.678E+09    1.621E-06    5.070E+29    3.837E+05    1.489E+08    2.792E-02    1.919E-01    3.994E-23     r       4.5
1.676E+09    1.774E-06    5.070E+29    3.917E+05    1.635E+08    3.004E-02    1.898E-01    5.831E-23     r       4.5
1.676E+09    1.855E-06    5.070E+29    3.957E+05    1.712E+08    3.115E-02    1.888E-01    7.022E-23     r       4.5
1.674E+09    2.024E-06    5.070E+29    4.038E+05    1.875E+08    3.345E-02    1.868E-01    1.012E-22     r       4.5
1.673E+09    2.113E-06    5.070E+29    4.078E+05    1.961E+08    3.465E-02    1.859E-01    1.211E-22     r       4.5
1.671E+09    2.301E-06    5.070E+29    4.158E+05    2.143E+08    3.714E-02    1.840E-01    1.724E-22     r       4.5
1.670E+09    2.400E-06    5.070E+29    4.199E+05    2.239E+08    3.844E-02    1.831E-01    2.051E-22     r       4.5
1.668E+09    2.608E-06    5.070E+29    4.280E+05    2.441E+08    4.113E-02    1.813E-01    2.886E-22     r       4.5
1.668E+09    2.717E-06    5.070E+29    4.320E+05    2.547E+08    4.253E-02    1.804E-01    3.414E-22     r       4.5
1.666E+09    2.946E-06    5.070E+29    4.402E+05    2.772E+08    4.544E-02    1.786E-01    4.753E-22     r       4.5
1.665E+09    3.066E-06    5.070E+29    4.442E+05    2.890E+08    4.695E-02    1.778E-01    5.593E-22     r       4.5
1.663E+09    3.317E-06    5.070E+29    4.524E+05    3.138E+08    5.007E-02    1.761E-01    7.706E-22     r       4.5
1.662E+09    3.449E-06    5.070E+29    4.565E+05    3.268E+08    5.170E-02    1.753E-01    9.023E-22     r       4.5
1.660E+09    3.725E-06    5.070E+29    4.647E+05    3.542E+08    5.506E-02    1.737E-01    1.231E-21     r       4.5
1.660E+09    3.869E-06    5.070E+29    4.688E+05    3.686E+08    5.680E-02    1.729E-01    1.435E-21     r       4.5
1.658E+09    4.171E-06    5.070E+29    4.770E+05    3.988E+08    6.041E-02    1.714E-01    1.940E-21     r       4.5
1.657E+09    4.329E-06    5.070E+29    4.811E+05    4.146E+08    6.228E-02    1.706E-01    2.251E-21     r       4.5
1.655E+09    4.659E-06    5.070E+29    4.894E+05    4.478E+08    6.614E-02    1.691E-01    3.018E-21     r       4.5
1.654E+09    4.831E-06    5.070E+29    4.935E+05    4.651E+08    6.815E-02    1.684E-01    3.487E-21     r       4.5
1.652E+09    5.190E-06    5.070E+29    5.018E+05    5.015E+08    7.228E-02    1.670E-01    4.636E-21     r       4.5
1.652E+09    5.378E-06    5.070E+29    5.060E+05    5.206E+08    7.442E-02    1.663E-01    5.334E-21     r       4.5
1.650E+09    5.769E-06    5.070E+29    5.143E+05    5.604E+08    7.884E-02    1.649E-01    7.037E-21     r       4.5
1.649E+09    5.973E-06    5.070E+29    5.185E+05    5.812E+08    8.113E-02    1.642E-01    8.067E-21     r       4.5
1.647E+09    6.397E-06    5.070E+29    5.268E+05    6.248E+08    8.584E-02    1.629E-01    1.056E-20     r       4.5
1.646E+09    6.618E-06    5.070E+29    5.310E+05    6.475E+08    8.828E-02    1.622E-01    1.207E-20     r       4.5
1.644E+09    7.079E-06    5.070E+29    5.394E+05    6.950E+08    9.331E-02    1.609E-01    1.569E-20     r       4.5
1.644E+09    7.318E-06    5.070E+29    5.436E+05    7.198E+08    9.590E-02    1.603E-01    1.786E-20     r       4.5
1.642E+09    7.816E-06    5.070E+29    5.520E+05    7.716E+08    1.013E-01    1.591E-01    2.307E-20     r       4.5
1.641E+09    8.075E-06    5.070E+29    5.562E+05    7.986E+08    1.040E-01    1.584E-01    2.617E-20     r       4.5
1.639E+09    8.614E-06    5.070E+29    5.647E+05    8.549E+08    1.097E-01    1.572E-01    3.359E-20     r       4.5
1.638E+09    8.893E-06    5.070E+29    5.689E+05    8.842E+08    1.126E-01    1.566E-01    3.799E-20     r       4.5
1.636E+09    9.474E-06    5.070E+29    5.774E+05    9.453E+08    1.187E-01    1.555E-01    4.845E-20     r       4.5
1.636E+09    9.775E-06    5.070E+29    5.817E+05    9.771E+08    1.218E-01    1.549E-01    5.464E-20     r       4.5
1.634E+09    1.040E-05    5.070E+29    5.902E+05    1.043E+09    1.282E-01    1.538E-01    6.928E-20     r       4.5
1.633E+09    1.073E-05    5.070E+29    5.944E+05    1.078E+09    1.315E-01    1.532E-01    7.791E-20     r       4.5
1.631E+09    1.140E-05    5.070E+29    6.030E+05    1.150E+09    1.383E-01    1.521E-01    9.824E-20     r       4.5
1.630E+09    1.175E-05    5.070E+29    6.073E+05    1.187E+09    1.418E-01    1.516E-01    1.102E-19     r       4.5
1.628E+09    1.247E-05    5.070E+29    6.159E+05    1.265E+09    1.490E-01    1.505E-01    1.382E-19     r       4.5
1.628E+09    1.284E-05    5.070E+29    6.202E+05    1.305E+09    1.527E-01    1.500E-01    1.546E-19     r       4.5
1.626E+09    1.362E-05    5.070E+29    6.288E+05    1.389E+09    1.603E-01    1.490E-01    1.929E-19     r       4.5
1.625E+09    1.402E-05    5.070E+29    6.331E+05    1.432E+09    1.642E-01    1.484E-01    2.152E-19     r       4.5
1.623E+09    1.485E-05    5.070E+29    6.417E+05    1.523E+09    1.723E-01    1.474E-01    2.672E-19     r       4.5
1.622E+09    1.528E-05    5.070E+29    6.461E+05    1.569E+09    1.764E-01    1.470E-01    2.974E-19     r       4.5
1.620E+09    1.617E-05    5.070E+29    6.547E+05    1.667E+09    1.849E-01    1.460E-01    3.676E-19     r       4.5
1.620E+09    1.663E-05    5.070E+29    6.591E+05    1.717E+09    1.893E-01    1.455E-01    4.082E-19     r       4.5
1.618E+09    1.758E-05    5.070E+29    6.678E+05    1.822E+09    1.982E-01    1.446E-01    5.022E-19     r       4.5
1.617E+09    1.807E-05    5.070E+29    6.722E+05    1.876E+09    2.028E-01    1.441E-01    5.564E-19     r       4.5
1.615E+09    1.909E-05    5.070E+29    6.809E+05    1.989E+09    2.123E-01    1.432E-01    6.816E-19     r       4.5
1.614E+09    1.961E-05    5.070E+29    6.853E+05    2.047E+09    2.171E-01    1.427E-01    7.537E-19     r       4.5
1.612E+09    2.070E-05    5.070E+29    6.941E+05    2.168E+09    2.271E-01    1.418E-01    9.194E-19     r       4.5
1.612E+09    2.125E-05    5.070E+29    6.985E+05    2.231E+09    2.322E-01    1.414E-01    1.014E-18     r       4.5
1.610E+09    2.241E-05    5.070E+29    7.073E+05    2.360E+09    2.427E-01    1.405E-01    1.233E-18     r       4.5
1.609E+09    2.300E-05    5.070E+29    7.117E+05    2.428E+09    2.480E-01    1.401E-01    1.357E-18     r       4.5
1.607E+09    2.423E-05    5.070E+29    7.206E+05    2.567E+09    2.591E-01    1.392E-01    1.643E-18     r       4.5
1.606E+09    2.486E-05    5.070E+29    7.250E+05    2.638E+09    2.647E-01    1.388E-01    1.806E-18     r       4.5
1.604E+09    2.617E-05    5.070E+29    7.339E+05    2.787E+09    2.763E-01    1.380E-01    2.178E-18     r       4.5
1.604E+09    2.684E-05    5.070E+29    7.383E+05    2.864E+09    2.822E-01    1.376E-01    2.389E-18     r       4.5
1.602E+09    2.823E-05    5.070E+29    7.472E+05    3.023E+09    2.944E-01    1.367E-01    2.871E-18     r       4.5
1.601E+09    2.894E-05    5.070E+29    7.517E+05    3.105E+09    3.006E-01    1.363E-01    3.144E-18     r       4.5
1.599E+09    3.042E-05    5.070E+29    7.606E+05    3.275E+09    3.134E-01    1.356E-01    3.765E-18     r       4.5
1.598E+09    3.117E-05    5.070E+29    7.651E+05    3.363E+09    3.199E-01    1.352E-01    4.116E-18     r       4.5
1.596E+09    3.273E-05    5.070E+29    7.741E+05    3.544E+09    3.333E-01    1.344E-01    4.912E-18     r       4.5
1.596E+09    3.354E-05    5.070E+29    7.786E+05    3.638E+09    3.402E-01    1.340E-01    5.362E-18     r       4.5
1.594E+09    3.519E-05    5.070E+29    7.876E+05    3.831E+09    3.542E-01    1.333E-01    6.379E-18     r       4.5
1.593E+09    3.604E-05    5.070E+29    7.921E+05    3.931E+09    3.614E-01    1.329E-01    6.952E-18     r       4.5
1.591E+09    3.779E-05    5.070E+29    8.012E+05    4.137E+09    3.761E-01    1.322E-01    8.244E-18     r       4.5
1.590E+09    3.869E-05    5.070E+29    8.057E+05    4.244E+09    3.836E-01    1.318E-01    8.971E-18     r       4.5
1.588E+09    4.054E-05    5.070E+29    8.148E+05    4.463E+09    3.990E-01    1.311E-01    1.061E-17     r       4.5
1.587E+09    4.150E-05    5.070E+29    8.194E+05    4.576E+09    4.069E-01    1.307E-01    1.152E-17     r       4.5
1.586E+09    4.345E-05    5.070E+29    8.285E+05    4.810E+09    4.230E-01    1.300E-01    1.359E-17     r       4.5
1.585E+09    4.446E-05    5.070E+29    8.330E+05    4.930E+09    4.313E-01    1.297E-01    1.474E-17     r       4.5
1.583E+09    4.652E-05    5.070E+29    8.422E+05    5.179E+09    4.481E-01    1.290E-01    1.733E-17     r       4.5
1.582E+09    4.759E-05    5.070E+29    8.468E+05    5.306E+09    4.567E-01    1.287E-01    1.878E-17     r       4.5
1.580E+09    4.977E-05    5.070E+29    8.560E+05    5.570E+09    4.743E-01    1.280E-01    2.201E-17     r       4.5
1.577E+09    5.436E-05    5.070E+29    8.744E+05    6.130E+09    5.112E-01    1.267E-01    3.010E-17     r       4.5
1.575E+09    5.679E-05    5.070E+29    8.837E+05    6.427E+09    5.304E-01    1.261E-01    3.511E-17     r       4.5
1.571E+09    6.189E-05    5.070E+29    9.023E+05    7.057E+09    5.705E-01    1.248E-01    4.753E-17     r       4.5
1.570E+09    6.457E-05    5.070E+29    9.116E+05    7.391E+09    5.914E-01    1.242E-01    5.516E-17     r       4.5
1.566E+09    7.022E-05    5.070E+29    9.303E+05    8.098E+09    6.351E-01    1.230E-01    7.397E-17     r       4.5
1.564E+09    7.319E-05    5.070E+29    9.397E+05    8.471E+09    6.579E-01    1.224E-01    8.546E-17     r       4.5
1.561E+09    7.942E-05    5.070E+29    9.586E+05    9.262E+09    7.053E-01    1.213E-01    1.136E-16     r       4.5
1.559E+09    8.269E-05    5.070E+29    9.680E+05    9.680E+09    7.299E-01    1.207E-01    1.307E-16     r       4.5
1.555E+09    8.955E-05    5.070E+29    9.871E+05    1.056E+10    7.813E-01    1.196E-01    1.722E-16     r       4.5
1.554E+09    9.315E-05    5.070E+29    9.966E+05    1.103E+10    8.081E-01    1.190E-01    1.973E-16     r       4.5
1.550E+09    1.007E-04    5.070E+29    1.016E+06    1.201E+10    8.637E-01    1.180E-01    2.580E-16     r       4.5
1.548E+09    1.046E-04    5.070E+29    1.025E+06    1.253E+10    8.926E-01    1.175E-01    2.945E-16     r       4.5
1.545E+09    1.129E-04    5.070E+29    1.045E+06    1.362E+10    9.527E-01    1.164E-01    3.822E-16     r       4.5
1.543E+09    1.172E-04    5.070E+29    1.054E+06    1.420E+10    9.839E-01    1.159E-01    4.346E-16     r       4.5
1.539E+09    1.263E-04    5.070E+29    1.074E+06    1.541E+10    1.049E+00    1.149E-01    5.600E-16     r       4.5
1.538E+09    1.310E-04    5.070E+29    1.084E+06    1.605E+10    1.082E+00    1.145E-01    6.347E-16     r       4.5
1.534E+09    1.409E-04    5.070E+29    1.103E+06    1.739E+10    1.152E+00    1.135E-01    8.124E-16     r       4.5
1.532E+09    1.460E-04    5.070E+29    1.113E+06    1.809E+10    1.189E+00    1.130E-01    9.176E-16     r       4.5
1.529E+09    1.568E-04    5.070E+29    1.133E+06    1.958E+10    1.264E+00    1.121E-01    1.167E-15     r       4.5
1.527E+09    1.624E-04    5.070E+29    1.143E+06    2.036E+10    1.303E+00    1.117E-01    1.314E-15     r       4.5
1.523E+09    1.741E-04    5.070E+29    1.163E+06    2.199E+10    1.384E+00    1.108E-01    1.661E-15     r       4.5
1.522E+09    1.802E-04    5.070E+29    1.173E+06    2.285E+10    1.425E+00    1.103E-01    1.865E-15     r       4.5
1.518E+09    1.929E-04    5.070E+29    1.193E+06    2.465E+10    1.512E+00    1.095E-01    2.345E-15     r       4.5
1.516E+09    1.995E-04    5.070E+29    1.203E+06    2.560E+10    1.557E+00    1.091E-01    2.625E-15     r       4.5
1.513E+09    2.133E-04    5.070E+29    1.223E+06    2.758E+10    1.650E+00    1.082E-01    3.281E-15     r       4.5
1.511E+09    2.205E-04    5.070E+29    1.233E+06    2.861E+10    1.698E+00    1.078E-01    3.664E-15     r       4.5
1.507E+09    2.354E-04    5.070E+29    1.253E+06    3.079E+10    1.798E+00    1.070E-01    4.556E-15     r       4.5
1.506E+09    2.431E-04    5.070E+29    1.264E+06    3.193E+10    1.850E+00    1.066E-01    5.074E-15     r       4.5
1.502E+09    2.593E-04    5.070E+29    1.284E+06    3.431E+10    1.956E+00    1.059E-01    6.278E-15     r       4.5
1.500E+09    2.676E-04    5.070E+29    1.294E+06    3.556E+10    2.011E+00    1.055E-01    6.975E-15     r       4.5
1.497E+09    2.850E-04    5.070E+29    1.315E+06    3.816E+10    2.125E+00    1.047E-01    8.589E-15     r       4.5
1.495E+09    2.941E-04    5.070E+29    1.325E+06    3.953E+10    2.184E+00    1.043E-01    9.520E-15     r       4.5
1.491E+09    3.128E-04    5.070E+29    1.346E+06    4.238E+10    2.306E+00    1.036E-01    1.167E-14     r       4.5
1.490E+09    3.225E-04    5.070E+29    1.357E+06    4.387E+10    2.369E+00    1.033E-01    1.291E-14     r       4.5
1.486E+09    3.427E-04    5.070E+29    1.378E+06    4.698E+10    2.498E+00    1.025E-01    1.575E-14     r       4.5
1.484E+09    3.532E-04    5.070E+29    1.388E+06    4.861E+10    2.565E+00    1.022E-01    1.738E-14     r       4.5
1.481E+09    3.749E-04    5.070E+29    1.409E+06    5.200E+10    2.704E+00    1.015E-01    2.113E-14     r       4.5
1.479E+09    3.861E-04    5.070E+29    1.420E+06    5.377E+10    2.775E+00    1.012E-01    2.327E-14     r       4.5
1.475E+09    4.094E-04    5.070E+29    1.441E+06    5.747E+10    2.922E+00    1.005E-01    2.817E-14     r       4.5
1.474E+09    4.214E-04    5.070E+29    1.452E+06    5.940E+10    2.998E+00    1.002E-01    3.096E-14     r       4.5
1.470E+09    4.464E-04    5.070E+29    1.474E+06    6.342E+10    3.155E+00    9.952E-02    3.733E-14     r       4.5
1.468E+09    4.593E-04    5.070E+29    1.484E+06    6.552E+10    3.236E+00    9.920E-02    4.096E-14     r       4.5
1.465E+09    4.861E-04    5.070E+29    1.506E+06    6.989E+10    3.402E+00    9.856E-02    4.921E-14     r       4.5
1.463E+09    4.999E-04    5.070E+29    1.517E+06    7.217E+10    3.488E+00    9.825E-02    5.389E-14     r       4.5
1.459E+09    5.285E-04    5.070E+29    1.539E+06    7.691E+10    3.665E+00    9.764E-02    6.451E-14     r       4.5
1.458E+09    5.433E-04    5.070E+29    1.550E+06    7.938E+10    3.757E+00    9.733E-02    7.053E-14     r       4.5
1.454E+09    5.739E-04    5.070E+29    1.572E+06    8.452E+10    3.944E+00    9.673E-02    8.415E-14     r       4.5
1.452E+09    5.896E-04    5.070E+29    1.583E+06    8.720E+10    4.041E+00    9.644E-02    9.184E-14     r       4.5
1.449E+09    6.223E-04    5.070E+29    1.605E+06    9.277E+10    4.241E+00    9.585E-02    1.092E-13     r       4.5
1.447E+09    6.391E-04    5.070E+29    1.616E+06    9.567E+10    4.343E+00    9.556E-02    1.190E-13     r       4.5
1.443E+09    6.739E-04    5.070E+29    1.638E+06    1.017E+11    4.555E+00    9.499E-02    1.411E-13     r       4.4
1.442E+09    6.919E-04    5.070E+29    1.650E+06    1.048E+11    4.663E+00    9.471E-02    1.535E-13     r       4.4
1.438E+09    7.290E-04    5.070E+29    1.672E+06    1.114E+11    4.887E+00    9.416E-02    1.814E-13     r       4.4
1.436E+09    7.481E-04    5.070E+29    1.683E+06    1.148E+11    5.002E+00    9.388E-02    1.971E-13     r       4.4
1.433E+09    7.876E-04    5.070E+29    1.706E+06    1.218E+11    5.239E+00    9.334E-02    2.322E-13     r       4.4
1.431E+09    8.079E-04    5.070E+29    1.718E+06    1.255E+11    5.361E+00    9.308E-02    2.519E-13     r       4.4
1.427E+09    8.499E-04    5.070E+29    1.740E+06    1.331E+11    5.612E+00    9.255E-02    2.961E-13     r       4.4
1.426E+09    8.716E-04    5.070E+29    1.752E+06    1.370E+11    5.741E+00    9.229E-02    3.207E-13     r       4.4
1.422E+09    9.162E-04    5.070E+29    1.775E+06    1.452E+11    6.006E+00    9.177E-02    3.759E-13     r       4.4
1.420E+09    9.392E-04    5.070E+29    1.787E+06    1.495E+11    6.143E+00    9.152E-02    4.066E-13     r       4.4
1.417E+09    9.865E-04    5.070E+29    1.810E+06    1.583E+11    6.423E+00    9.101E-02    4.753E-13     r       4.4
1.415E+09    1.011E-03    5.070E+29    1.822E+06    1.629E+11    6.567E+00    9.076E-02    5.135E-13     r       4.4
1.411E+09    1.061E-03    5.070E+29    1.845E+06    1.724E+11    6.863E+00    9.027E-02    5.987E-13     r       4.4
1.410E+09    1.087E-03    5.070E+29    1.857E+06    1.774E+11    7.015E+00    9.003E-02    6.461E-13     r       4.4
1.406E+09    1.140E-03    5.070E+29    1.880E+06    1.876E+11    7.328E+00    8.955E-02    7.514E-13     r       4.4
1.404E+09    1.168E-03    5.070E+29    1.892E+06    1.929E+11    7.488E+00    8.931E-02    8.099E-13     r       4.4
1.401E+09    1.224E-03    5.070E+29    1.916E+06    2.039E+11    7.818E+00    8.884E-02    9.397E-13     r       4.4
1.399E+09    1.253E-03    5.070E+29    1.928E+06    2.096E+11    7.987E+00    8.861E-02    1.012E-12     r       4.4
1.395E+09    1.313E-03    5.070E+29    1.952E+06    2.215E+11    8.335E+00    8.815E-02    1.171E-12     r       4.4
1.394E+09    1.343E-03    5.070E+29    1.964E+06    2.276E+11    8.514E+00    8.792E-02    1.259E-12     r       4.4
1.390E+09    1.406E-03    5.070E+29    1.988E+06    2.403E+11    8.880E+00    8.747E-02    1.455E-12     r       4.4
1.388E+09    1.439E-03    5.070E+29    2.000E+06    2.469E+11    9.068E+00    8.725E-02    1.563E-12     r       4.4
1.385E+09    1.506E-03    5.070E+29    2.025E+06    2.605E+11    9.454E+00    8.681E-02    1.801E-12     r       4.4
1.383E+09    1.540E-03    5.070E+29    2.037E+06    2.676E+11    9.653E+00    8.659E-02    1.933E-12     r       4.4
1.379E+09    1.610E-03    5.070E+29    2.062E+06    2.822E+11    1.006E+01    8.616E-02    2.223E-12     r       4.4
1.378E+09    1.646E-03    5.070E+29    2.074E+06    2.897E+11    1.027E+01    8.595E-02    2.383E-12     r       4.4
1.374E+09    1.721E-03    5.070E+29    2.099E+06    3.054E+11    1.070E+01    8.553E-02    2.736E-12     r       4.4
1.372E+09    1.759E-03    5.070E+29    2.111E+06    3.135E+11    1.092E+01    8.532E-02    2.930E-12     r       4.4
1.369E+09    1.837E-03    5.070E+29    2.136E+06    3.303E+11    1.137E+01    8.491E-02    3.357E-12     r       4.4
1.367E+09    1.878E-03    5.070E+29    2.149E+06    3.390E+11    1.160E+01    8.470E-02    3.591E-12     r       4.4
1.363E+09    1.960E-03    5.070E+29    2.174E+06    3.569E+11    1.207E+01    8.430E-02    4.107E-12     r       4.4
1.362E+09    2.003E-03    5.070E+29    2.187E+06    3.662E+11    1.231E+01    8.410E-02    4.389E-12     r       4.4
1.358E+09    2.090E-03    5.070E+29    2.212E+06    3.854E+11    1.281E+01    8.370E-02    5.010E-12     r       4.4
1.356E+09    2.134E-03    5.070E+29    2.225E+06    3.954E+11    1.307E+01    8.350E-02    5.351E-12     r       4.4
1.353E+09    2.226E-03    5.070E+29    2.251E+06    4.159E+11    1.359E+01    8.311E-02    6.097E-12     r       4.4
1.351E+09    2.273E-03    5.070E+29    2.263E+06    4.265E+11    1.386E+01    8.292E-02    6.505E-12     r       4.4
1.347E+09    2.369E-03    5.070E+29    2.289E+06    4.485E+11    1.441E+01    8.254E-02    7.399E-12     r       4.4
1.346E+09    2.419E-03    5.070E+29    2.302E+06    4.598E+11    1.469E+01    8.235E-02    7.888E-12     r       4.4
1.342E+09    2.520E-03    5.070E+29    2.328E+06    4.833E+11    1.527E+01    8.198E-02    8.957E-12     r       4.4
1.340E+09    2.572E-03    5.070E+29    2.341E+06    4.954E+11    1.556E+01    8.179E-02    9.541E-12     r       4.4
1.337E+09    2.678E-03    5.070E+29    2.368E+06    5.204E+11    1.617E+01    8.142E-02    1.082E-11     r       4.4
1.335E+09    2.733E-03    5.070E+29    2.381E+06    5.333E+11    1.648E+01    8.124E-02    1.151E-11     r       4.4
1.331E+09    2.845E-03    5.070E+29    2.407E+06    5.600E+11    1.712E+01    8.088E-02    1.303E-11     r       4.4
1.330E+09    2.902E-03    5.070E+29    2.421E+06    5.738E+11    1.744E+01    8.070E-02    1.386E-11     r       4.4
1.326E+09    3.019E-03    5.070E+29    2.447E+06    6.023E+11    1.811E+01    8.035E-02    1.566E-11     r       4.4
1.319E+09    3.266E-03    5.070E+29    2.501E+06    6.631E+11    1.951E+01    7.966E-02    1.995E-11     r       4.4
1.315E+09    3.395E-03    5.070E+29    2.529E+06    6.954E+11    2.024E+01    7.932E-02    2.248E-11     r       4.4
1.308E+09    3.666E-03    5.070E+29    2.583E+06    7.644E+11    2.178E+01    7.865E-02    2.846E-11     r       4.4
1.305E+09    3.808E-03    5.070E+29    2.611E+06    8.010E+11    2.259E+01    7.832E-02    3.199E-11     r       4.4
1.298E+09    4.105E-03    5.070E+29    2.667E+06    8.792E+11    2.427E+01    7.767E-02    4.028E-11     r       4.4
1.294E+09    4.260E-03    5.070E+29    2.695E+06    9.207E+11    2.516E+01    7.735E-02    4.515E-11     r       4.4
1.287E+09    4.585E-03    5.070E+29    2.751E+06    1.009E+12    2.700E+01    7.673E-02    5.657E-11     r       4.4
1.283E+09    4.755E-03    5.070E+29    2.780E+06    1.056E+12    2.797E+01    7.642E-02    6.324E-11     r       4.4
1.276E+09    5.111E-03    5.070E+29    2.838E+06    1.156E+12    3.000E+01    7.581E-02    7.885E-11     r       4.4
1.273E+09    5.297E-03    5.070E+29    2.867E+06    1.209E+12    3.106E+01    7.552E-02    8.794E-11     r       4.4
1.265E+09    5.684E-03    5.070E+29    2.926E+06    1.321E+12    3.327E+01    7.493E-02    1.091E-10     r       4.4
1.262E+09    5.887E-03    5.070E+29    2.955E+06    1.381E+12    3.443E+01    7.464E-02    1.214E-10     r       4.4
1.255E+09    6.310E-03    5.070E+29    3.015E+06    1.508E+12    3.685E+01    7.407E-02    1.501E-10     r       4.4
1.251E+09    6.530E-03    5.070E+29    3.045E+06    1.575E+12    3.811E+01    7.379E-02    1.666E-10     r       4.4
1.244E+09    6.990E-03    5.070E+29    3.106E+06    1.717E+12    4.075E+01    7.324E-02    2.050E-10     r       4.4
1.241E+09    7.229E-03    5.070E+29    3.136E+06    1.793E+12    4.213E+01    7.297E-02    2.272E-10     r       4.4
1.233E+09    7.729E-03    5.070E+29    3.198E+06    1.953E+12    4.501E+01    7.244E-02    2.784E-10     r       4.4
1.230E+09    7.989E-03    5.070E+29    3.229E+06    2.038E+12    4.651E+01    7.218E-02    3.079E-10     r       4.4
1.223E+09    8.530E-03    5.070E+29    3.292E+06    2.218E+12    4.965E+01    7.166E-02    3.759E-10     r       4.4
1.219E+09    8.812E-03    5.070E+29    3.324E+06    2.313E+12    5.129E+01    7.140E-02    4.149E-10     r       4.4
1.212E+09    9.399E-03    5.070E+29    3.388E+06    2.514E+12    5.470E+01    7.090E-02    5.047E-10     r       4.4
1.209E+09    9.704E-03    5.070E+29    3.420E+06    2.620E+12    5.648E+01    7.065E-02    5.561E-10     r       4.4
1.201E+09    1.034E-02    5.070E+29    3.486E+06    2.846E+12    6.020E+01    7.016E-02    6.741E-10     r       4.4
1.198E+09    1.067E-02    5.070E+29    3.518E+06    2.965E+12    6.214E+01    6.992E-02    7.415E-10     r       4.4
1.191E+09    1.135E-02    5.070E+29    3.585E+06    3.217E+12    6.617E+01    6.944E-02    8.958E-10     r       4.4
1.187E+09    1.171E-02    5.070E+29    3.618E+06    3.350E+12    6.828E+01    6.920E-02    9.838E-10     r       4.4
1.180E+09    1.245E-02    5.070E+29    3.686E+06    3.632E+12    7.267E+01    6.874E-02    1.185E-09     r       4.4
1.177E+09    1.283E-02    5.070E+29    3.720E+06    3.781E+12    7.495E+01    6.851E-02    1.299E-09     r       4.4
1.169E+09    1.363E-02    5.070E+29    3.789E+06    4.095E+12    7.972E+01    6.806E-02    1.559E-09     r       4.4
1.166E+09    1.404E-02    5.070E+29    3.824E+06    4.261E+12    8.220E+01    6.784E-02    1.707E-09     r       4.4
1.159E+09    1.490E-02    5.070E+29    3.894E+06    4.611E+12    8.736E+01    6.739E-02    2.044E-09     r       4.3
1.155E+09    1.535E-02    5.070E+29    3.929E+06    4.796E+12    9.005E+01    6.718E-02    2.234E-09     r       4.3
1.148E+09    1.627E-02    5.070E+29    4.000E+06    5.187E+12    9.565E+01    6.675E-02    2.667E-09     r       4.3
1.145E+09    1.675E-02    5.070E+29    4.036E+06    5.393E+12    9.857E+01    6.653E-02    2.912E-09     r       4.3
1.137E+09    1.774E-02    5.070E+29    4.109E+06    5.827E+12    1.046E+02    6.611E-02    3.466E-09     r       4.3
1.134E+09    1.825E-02    5.070E+29    4.146E+06    6.056E+12    1.078E+02    6.591E-02    3.779E-09     r       4.3
1.127E+09    1.931E-02    5.070E+29    4.220E+06    6.540E+12    1.144E+02    6.550E-02    4.487E-09     r       4.3
1.123E+09    1.986E-02    5.070E+29    4.257E+06    6.795E+12    1.178E+02    6.529E-02    4.887E-09     r       4.3
1.116E+09    2.100E-02    5.070E+29    4.333E+06    7.332E+12    1.249E+02    6.489E-02    5.787E-09     r       4.3
1.112E+09    2.159E-02    5.070E+29    4.371E+06    7.615E+12    1.286E+02    6.469E-02    6.294E-09     r       4.3
1.105E+09    2.281E-02    5.070E+29    4.448E+06    8.212E+12    1.363E+02    6.430E-02    7.437E-09     r       4.3
1.102E+09    2.344E-02    5.070E+29    4.487E+06    8.526E+12    1.403E+02    6.411E-02    8.078E-09     r       4.3
1.095E+09    2.475E-02    5.070E+29    4.565E+06    9.188E+12    1.486E+02    6.373E-02    9.522E-09     r       4.3
1.091E+09    2.542E-02    5.070E+29    4.604E+06    9.537E+12    1.529E+02    6.354E-02    1.033E-08     r       4.3
1.084E+09    2.682E-02    5.070E+29    4.684E+06    1.027E+13    1.619E+02    6.316E-02    1.215E-08     r       4.3
1.080E+09    2.754E-02    5.070E+29    4.725E+06    1.066E+13    1.665E+02    6.297E-02    1.317E-08     r       4.3
1.073E+09    2.903E-02    5.070E+29    4.806E+06    1.147E+13    1.762E+02    6.261E-02    1.546E-08     r       4.3
1.070E+09    2.980E-02    5.070E+29    4.847E+06    1.190E+13    1.813E+02    6.243E-02    1.674E-08     r       4.3
1.063E+09    3.138E-02    5.070E+29    4.930E+06    1.280E+13    1.917E+02    6.207E-02    1.960E-08     r       4.3
1.059E+09    3.220E-02    5.070E+29    4.972E+06    1.327E+13    1.971E+02    6.189E-02    2.120E-08     r       4.3
1.052E+09    3.390E-02    5.070E+29    5.056E+06    1.427E+13    2.084E+02    6.154E-02    2.478E-08     r       4.3
1.048E+09    3.477E-02    5.070E+29    5.099E+06    1.480E+13    2.143E+02    6.136E-02    2.677E-08     r       4.3
1.041E+09    3.657E-02    5.070E+29    5.185E+06    1.590E+13    2.264E+02    6.101E-02    3.123E-08     r       4.3
1.038E+09    3.750E-02    5.070E+29    5.229E+06    1.648E+13    2.327E+02    6.084E-02    3.371E-08     r       4.3
1.031E+09    3.942E-02    5.070E+29    5.317E+06    1.770E+13    2.458E+02    6.050E-02    3.925E-08     r       4.3
1.027E+09    4.041E-02    5.070E+29    5.361E+06    1.834E+13    2.526E+02    6.034E-02    4.233E-08     r       4.3
1.020E+09    4.244E-02    5.070E+29    5.451E+06    1.968E+13    2.667E+02    6.000E-02    4.919E-08     r       4.3
1.016E+09    4.349E-02    5.070E+29    5.496E+06    2.039E+13    2.741E+02    5.984E-02    5.300E-08     r       4.3
1.009E+09    4.566E-02    5.070E+29    5.587E+06    2.188E+13    2.892E+02    5.951E-02    6.149E-08     r       4.3
1.006E+09    4.677E-02    5.070E+29    5.633E+06    2.266E+13    2.971E+02    5.935E-02    6.620E-08     r       4.3
9.986E+08    4.907E-02    5.070E+29    5.727E+06    2.430E+13    3.135E+02    5.903E-02    7.666E-08     r       4.3
9.951E+08    5.025E-02    5.070E+29    5.774E+06    2.516E+13    3.219E+02    5.887E-02    8.246E-08     r       4.3
9.879E+08    5.269E-02    5.070E+29    5.869E+06    2.697E+13    3.395E+02    5.855E-02    9.533E-08     r       4.2
9.844E+08    5.394E-02    5.070E+29    5.917E+06    2.792E+13    3.486E+02    5.839E-02    1.025E-07     r       4.2
9.773E+08    5.652E-02    5.070E+29    6.014E+06    2.991E+13    3.675E+02    5.808E-02    1.183E-07     r       4.2
9.737E+08    5.785E-02    5.070E+29    6.062E+06    3.095E+13    3.772E+02    5.793E-02    1.270E-07     r       4.2
9.666E+08    6.058E-02    5.070E+29    6.161E+06    3.315E+13    3.975E+02    5.762E-02    1.463E-07     r       4.2
9.630E+08    6.199E-02    5.070E+29    6.211E+06    3.430E+13    4.080E+02    5.747E-02    1.570E-07     r       4.2
9.559E+08    6.487E-02    5.070E+29    6.312E+06    3.671E+13    4.298E+02    5.717E-02    1.807E-07     r       4.2
9.524E+08    6.636E-02    5.070E+29    6.363E+06    3.798E+13    4.411E+02    5.702E-02    1.937E-07     r       4.2
9.452E+08    6.941E-02    5.070E+29    6.466E+06    4.064E+13    4.644E+02    5.673E-02    2.226E-07     r       4.2
9.417E+08    7.098E-02    5.070E+29    6.518E+06    4.203E+13    4.765E+02    5.658E-02    2.385E-07     r       4.2
9.346E+08    7.421E-02    5.070E+29    6.623E+06    4.495E+13    5.016E+02    5.629E-02    2.736E-07     r       4.2
9.310E+08    7.586E-02    5.070E+29    6.676E+06    4.648E+13    5.146E+02    5.614E-02    2.929E-07     r       4.2
9.239E+08    7.926E-02    5.070E+29    6.783E+06    4.969E+13    5.414E+02    5.586E-02    3.355E-07     r       4.2
9.203E+08    8.101E-02    5.070E+29    6.837E+06    5.137E+13    5.553E+02    5.571E-02    3.590E-07     r       4.2
9.132E+08    8.460E-02    5.069E+29    6.946E+06    5.489E+13    5.841E+02    5.543E-02    4.106E-07     r       4.2
9.097E+08    8.644E-02    5.069E+29    7.001E+06    5.674E+13    5.990E+02    5.529E-02    4.390E-07     r       4.2
9.025E+08    9.022E-02    5.069E+29    7.113E+06    6.060E+13    6.298E+02    5.501E-02    5.015E-07     r       4.2
8.990E+08    9.216E-02    5.069E+29    7.169E+06    6.263E+13    6.457E+02    5.487E-02    5.358E-07     r       4.2
8.919E+08    9.613E-02    5.069E+29    7.283E+06    6.687E+13    6.787E+02    5.459E-02    6.112E-07     r       4.2
8.883E+08    9.817E-02    5.069E+29    7.340E+06    6.909E+13    6.957E+02    5.446E-02    6.526E-07     r       4.2
8.812E+08    1.024E-01    5.069E+29    7.456E+06    7.373E+13    7.310E+02    5.419E-02    7.434E-07     r       4.1
8.776E+08    1.045E-01    5.069E+29    7.515E+06    7.616E+13    7.492E+02    5.405E-02    7.932E-07     r       4.1
8.705E+08    1.089E-01    5.069E+29    7.633E+06    8.125E+13    7.869E+02    5.378E-02    9.025E-07     r       4.1
8.670E+08    1.111E-01    5.069E+29    7.693E+06    8.391E+13    8.063E+02    5.365E-02    9.623E-07     r       4.1
8.599E+08    1.158E-01    5.069E+29    7.814E+06    8.948E+13    8.466E+02    5.338E-02    1.093E-06     r       4.1
8.563E+08    1.181E-01    5.069E+29    7.875E+06    9.240E+13    8.674E+02    5.325E-02    1.165E-06     r       4.1
8.492E+08    1.230E-01    5.069E+29    7.998E+06    9.849E+13    9.103E+02    5.299E-02    1.322E-06     r       4.1
8.456E+08    1.254E-01    5.069E+29    8.060E+06    1.017E+14    9.325E+02    5.286E-02    1.408E-06     r       4.1
8.385E+08    1.305E-01    5.069E+29    8.186E+06    1.083E+14    9.783E+02    5.260E-02    1.596E-06     r       4.1
8.349E+08    1.331E-01    5.069E+29    8.250E+06    1.118E+14    1.002E+03    5.247E-02    1.698E-06     r       4.1
8.278E+08    1.384E-01    5.069E+29    8.378E+06    1.191E+14    1.051E+03    5.221E-02    1.923E-06     r       4.1
8.243E+08    1.412E-01    5.069E+29    8.443E+06    1.229E+14    1.076E+03    5.208E-02    2.045E-06     r       4.1
8.172E+08    1.467E-01    5.069E+29    8.574E+06    1.308E+14    1.128E+03    5.183E-02    2.312E-06     r       4.1
8.136E+08    1.496E-01    5.069E+29    8.640E+06    1.350E+14    1.155E+03    5.171E-02    2.458E-06     r       4.1
8.065E+08    1.554E-01    5.069E+29    8.774E+06    1.436E+14    1.210E+03    5.145E-02    2.775E-06     r       4.0
8.029E+08    1.583E-01    5.069E+29    8.841E+06    1.481E+14    1.239E+03    5.133E-02    2.948E-06     r       4.0
7.958E+08    1.644E-01    5.069E+29    8.978E+06    1.576E+14    1.298E+03    5.108E-02    3.325E-06     r       4.0
7.922E+08    1.675E-01    5.069E+29    9.046E+06    1.625E+14    1.328E+03    5.096E-02    3.531E-06     r       4.0
7.851E+08    1.738E-01    5.069E+29    9.186E+06    1.728E+14    1.390E+03    5.071E-02    3.977E-06     r       4.0
7.816E+08    1.771E-01    5.069E+29    9.256E+06    1.781E+14    1.423E+03    5.059E-02    4.220E-06     r       4.0
7.745E+08    1.837E-01    5.069E+29    9.398E+06    1.893E+14    1.489E+03    5.035E-02    4.749E-06     r       4.0
7.709E+08    1.870E-01    5.069E+29    9.470E+06    1.951E+14    1.523E+03    5.022E-02    5.036E-06     r       4.0
7.638E+08    1.939E-01    5.069E+29    9.615E+06    2.072E+14    1.594E+03    4.998E-02    5.660E-06     r       4.0
7.602E+08    1.974E-01    5.069E+29    9.688E+06    2.136E+14    1.630E+03    4.986E-02    5.999E-06     r       4.0
7.531E+08    2.046E-01    5.069E+29    9.835E+06    2.268E+14    1.704E+03    4.962E-02    6.735E-06     r       4.0
7.495E+08    2.082E-01    5.069E+29    9.910E+06    2.336E+14    1.743E+03    4.951E-02    7.134E-06     r       3.9
7.424E+08    2.157E-01    5.069E+29    1.006E+07    2.479E+14    1.822E+03    4.927E-02    8.000E-06     r       3.9
7.389E+08    2.194E-01    5.069E+29    1.014E+07    2.554E+14    1.862E+03    4.915E-02    8.469E-06     r       3.9
7.318E+08    2.272E-01    5.069E+29    1.029E+07    2.709E+14    1.946E+03    4.892E-02    9.487E-06     r       3.9
7.282E+08    2.311E-01    5.069E+29    1.037E+07    2.789E+14    1.989E+03    4.880E-02    1.004E-05     r       3.9
7.211E+08    2.391E-01    5.069E+29    1.053E+07    2.957E+14    2.077E+03    4.857E-02    1.123E-05     r       3.9
7.175E+08    2.431E-01    5.069E+29    1.060E+07    3.045E+14    2.122E+03    4.845E-02    1.188E-05     r       3.9
7.104E+08    2.514E-01    5.069E+29    1.076E+07    3.226E+14    2.215E+03    4.822E-02    1.327E-05     r       3.9
7.069E+08    2.556E-01    5.069E+29    1.085E+07    3.320E+14    2.263E+03    4.811E-02    1.403E-05     r       3.9
6.997E+08    2.642E-01    5.069E+29    1.101E+07    3.516E+14    2.361E+03    4.788E-02    1.566E-05     r       3.8
6.962E+08    2.686E-01    5.069E+29    1.109E+07    3.618E+14    2.411E+03    4.776E-02    1.655E-05     r       3.8
6.891E+08    2.774E-01    5.069E+29    1.126E+07    3.830E+14    2.515E+03    4.754E-02    1.846E-05     r       3.8
6.855E+08    2.819E-01    5.069E+29    1.134E+07    3.940E+14    2.568E+03    4.742E-02    1.949E-05     r       3.8
6.784E+08    2.910E-01    5.069E+29    1.151E+07    4.168E+14    2.676E+03    4.720E-02    2.171E-05     r       3.8
6.748E+08    2.957E-01    5.069E+29    1.160E+07    4.286E+14    2.732E+03    4.709E-02    2.291E-05     r       3.8
6.677E+08    3.051E-01    5.069E+29    1.177E+07    4.531E+14    2.845E+03    4.686E-02    2.550E-05     r       3.8
6.642E+08    3.099E-01    5.069E+29    1.186E+07    4.658E+14    2.904E+03    4.675E-02    2.690E-05     r       3.7
6.570E+08    3.196E-01    5.069E+29    1.203E+07    4.922E+14    3.023E+03    4.653E-02    2.991E-05     r       3.7
6.535E+08    3.245E-01    5.069E+29    1.212E+07    5.059E+14    3.084E+03    4.642E-02    3.154E-05     r       3.7
6.464E+08    3.344E-01    5.069E+29    1.230E+07    5.342E+14    3.209E+03    4.620E-02    3.504E-05     r       3.7
6.428E+08    3.395E-01    5.069E+29    1.239E+07    5.488E+14    3.273E+03    4.609E-02    3.692E-05     r       3.7
6.357E+08    3.497E-01    5.069E+29    1.258E+07    5.792E+14    3.403E+03    4.588E-02    4.099E-05     r       3.7
6.321E+08    3.549E-01    5.069E+29    1.267E+07    5.949E+14    3.470E+03    4.577E-02    4.318E-05     r       3.6
6.250E+08    3.653E-01    5.069E+29    1.286E+07    6.273E+14    3.606E+03    4.555E-02    4.790E-05     r       3.6
6.215E+08    3.706E-01    5.069E+29    1.295E+07    6.441E+14    3.675E+03    4.545E-02    5.044E-05     r       3.6
6.143E+08    3.813E-01    5.069E+29    1.314E+07    6.788E+14    3.817E+03    4.523E-02    5.591E-05     r       3.6
6.108E+08    3.868E-01    5.069E+29    1.324E+07    6.967E+14    3.889E+03    4.513E-02    5.886E-05     r       3.6
6.037E+08    3.977E-01    5.069E+29    1.343E+07    7.337E+14    4.036E+03    4.491E-02    6.521E-05     r       3.6
6.001E+08    4.032E-01    5.069E+29    1.353E+07    7.528E+14    4.111E+03    4.481E-02    6.864E-05     r       3.5
5.930E+08    4.144E-01    5.069E+29    1.372E+07    7.923E+14    4.264E+03    4.460E-02    7.602E-05     r       3.5
5.894E+08    4.200E-01    5.069E+29    1.382E+07    8.126E+14    4.342E+03    4.449E-02    8.000E-05     r       3.5
5.823E+08    4.314E-01    5.069E+29    1.403E+07    8.545E+14    4.500E+03    4.429E-02    8.859E-05     r       3.5
5.788E+08    4.371E-01    5.068E+29    1.413E+07    8.761E+14    4.580E+03    4.418E-02    9.322E-05     r       3.5
5.716E+08    4.487E-01    5.068E+29    1.433E+07    9.206E+14    4.743E+03    4.398E-02    1.032E-04     r       3.4
5.681E+08    4.545E-01    5.068E+29    1.443E+07    9.435E+14    4.826E+03    4.387E-02    1.087E-04     r       3.4
5.610E+08    4.662E-01    5.068E+29    1.464E+07    9.906E+14    4.995E+03    4.367E-02    1.204E-04     r       3.4
5.467E+08    4.900E-01    5.068E+29    1.507E+07    1.090E+15    5.342E+03    4.327E-02    1.481E-04     r       3.4
5.396E+08    5.020E-01    5.067E+29    1.528E+07    1.143E+15    5.519E+03    4.307E-02    1.644E-04     r       3.3
5.254E+08    5.262E-01    5.067E+29    1.572E+07    1.254E+15    5.884E+03    4.267E-02    2.036E-04     r       3.3
5.183E+08    5.384E-01    5.067E+29    1.595E+07    1.312E+15    6.070E+03    4.248E-02    2.271E-04     r       3.2
5.040E+08    5.629E-01    5.066E+29    1.640E+07    1.434E+15    6.448E+03    4.209E-02    2.848E-04     r       3.2
4.969E+08    5.752E-01    5.065E+29    1.663E+07    1.498E+15    6.641E+03    4.190E-02    3.205E-04     r       3.1
4.827E+08    5.998E-01    5.064E+29    1.710E+07    1.631E+15    7.030E+03    4.152E-02    4.104E-04     r       3.1
4.756E+08    6.120E-01    5.064E+29    1.734E+07    1.700E+15    7.227E+03    4.134E-02    4.676E-04     r       3.0
4.613E+08    6.364E-01    5.062E+29    1.783E+07    1.844E+15    7.622E+03    4.097E-02    6.169E-04     r       2.9
4.542E+08    6.486E-01    5.061E+29    1.807E+07    1.919E+15    7.821E+03    4.079E-02    7.149E-04     r       2.9
4.400E+08    6.726E-01    5.059E+29    1.857E+07    2.073E+15    8.218E+03    4.044E-02    9.786E-04     r       2.8
4.329E+08    6.844E-01    5.057E+29    1.883E+07    2.153E+15    8.415E+03    4.027E-02    1.156E-03     r       2.8
4.186E+08    7.078E-01    5.053E+29    1.935E+07    2.316E+15    8.807E+03    3.992E-02    1.646E-03     r       2.7
4.115E+08    7.193E-01    5.051E+29    1.961E+07    2.400E+15    9.001E+03    3.976E-02    1.983E-03     r       2.6
3.973E+08    7.419E-01    5.044E+29    2.015E+07    2.572E+15    9.382E+03    3.943E-02    2.924E-03     r       2.6
3.902E+08    7.529E-01    5.040E+29    2.042E+07    2.659E+15    9.569E+03    3.927E-02    3.578E-03     r       2.5
3.759E+08    7.743E-01    5.029E+29    2.097E+07    2.837E+15    9.937E+03    3.896E-02    5.395E-03     r       2.5
3.688E+08    7.847E-01    5.021E+29    2.123E+07    2.928E+15    1.012E+04    3.882E-02    6.622E-03     r       2.5
3.546E+08    8.049E-01    5.002E+29    2.177E+07    3.111E+15    1.048E+04    3.856E-02    9.938E-03     r       2.5
3.475E+08    8.147E-01    4.989E+29    2.203E+07    3.203E+15    1.066E+04    3.843E-02    1.214E-02     r       2.5
3.439E+08    8.195E-01    4.982E+29    2.216E+07    3.250E+15    1.075E+04    3.838E-02    1.340E-02     r       2.5
3.368E+08    8.289E-01    4.965E+29    2.241E+07    3.343E+15    1.093E+04    3.826E-02    1.630E-02     r       2.5
3.332E+08    8.335E-01    4.956E+29    2.254E+07    3.390E+15    1.102E+04    3.821E-02    1.796E-02     r       2.5
3.261E+08    8.425E-01    4.934E+29    2.279E+07    3.483E+15    1.119E+04    3.810E-02    2.174E-02     r       2.5
3.226E+08    8.470E-01    4.922E+29    2.292E+07    3.530E+15    1.128E+04    3.805E-02    2.388E-02     r       2.5
3.155E+08    8.556E-01    4.895E+29    2.317E+07    3.624E+15    1.145E+04    3.795E-02    2.875E-02     r       2.5
3.119E+08    8.599E-01    4.880E+29    2.329E+07    3.671E+15    1.154E+04    3.791E-02    3.151E-02     r       2.4
3.048E+08    8.682E-01    4.846E+29    2.353E+07    3.766E+15    1.171E+04    3.781E-02    3.771E-02     r       2.4
3.012E+08    8.722E-01    4.827E+29    2.365E+07    3.813E+15    1.180E+04    3.777E-02    4.119E-02     r       2.4
2.941E+08    8.801E-01    4.784E+29    2.389E+07    3.907E+15    1.196E+04    3.769E-02    4.901E-02     r       2.4
2.905E+08    8.839E-01    4.761E+29    2.400E+07    3.954E+15    1.205E+04    3.765E-02    5.337E-02     r       2.4
2.834E+08    8.914E-01    4.709E+29    2.423E+07    4.048E+15    1.221E+04    3.757E-02    6.309E-02     r       2.4
2.799E+08    8.951E-01    4.680E+29    2.435E+07    4.094E+15    1.229E+04    3.753E-02    6.848E-02     r       2.4
2.728E+08    9.021E-01    4.618E+29    2.457E+07    4.187E+15    1.245E+04    3.745E-02    8.043E-02     r       2.4
2.692E+08    9.056E-01    4.583E+29    2.468E+07    4.234E+15    1.253E+04    3.742E-02    8.703E-02     r       2.4
2.621E+08    9.122E-01    4.509E+29    2.490E+07    4.326E+15    1.269E+04    3.735E-02    1.015E-01     r       2.4
2.585E+08    9.155E-01    4.468E+29    2.501E+07    4.372E+15    1.276E+04    3.732E-02    1.095E-01     r       2.4
2.514E+08    9.217E-01    4.380E+29    2.522E+07    4.463E+15    1.292E+04    3.725E-02    1.269E-01     r       2.4
2.478E+08    9.247E-01    4.332E+29    2.533E+07    4.508E+15    1.299E+04    3.722E-02    1.364E-01     r       2.4
2.407E+08    9.306E-01    4.230E+29    2.553E+07    4.598E+15    1.314E+04    3.717E-02    1.571E-01     r       2.4
2.372E+08    9.334E-01    4.175E+29    2.563E+07    4.642E+15    1.321E+04    3.714E-02    1.683E-01     r       2.4
2.301E+08    9.388E-01    4.059E+29    2.583E+07    4.730E+15    1.336E+04    3.708E-02    1.925E-01     r       2.4
2.265E+08    9.415E-01    3.997E+29    2.593E+07    4.774E+15    1.343E+04    3.706E-02    2.056E-01     r       2.4
2.194E+08    9.465E-01    3.865E+29    2.612E+07    4.860E+15    1.357E+04    3.700E-02    2.336E-01     r       2.4
2.158E+08    9.489E-01    3.796E+29    2.621E+07    4.903E+15    1.363E+04    3.698E-02    2.487E-01     r       2.4
2.087E+08    9.535E-01    3.650E+29    2.640E+07    4.987E+15    1.377E+04    3.693E-02    2.807E-01     r       2.4
2.052E+08    9.557E-01    3.573E+29    2.648E+07    5.028E+15    1.383E+04    3.691E-02    2.978E-01     r       2.4
1.980E+08    9.600E-01    3.414E+29    2.666E+07    5.110E+15    1.396E+04    3.687E-02    3.341E-01     r       2.4
1.945E+08    9.620E-01    3.331E+29    2.675E+07    5.150E+15    1.402E+04    3.685E-02    3.532E-01     r       2.4
1.927E+08    9.630E-01    3.289E+29    2.679E+07    5.170E+15    1.406E+04    3.683E-02    3.631E-01     r       2.4
1.891E+08    9.649E-01    3.203E+29    2.687E+07    5.209E+15    1.412E+04    3.681E-02    3.833E-01     r       2.4
1.874E+08    9.658E-01    3.160E+29    2.691E+07    5.229E+15    1.415E+04    3.680E-02    3.937E-01     r       2.4
1.838E+08    9.677E-01    3.072E+29    2.700E+07    5.268E+15    1.421E+04    3.679E-02    4.149E-01     r       2.4
1.820E+08    9.686E-01    3.027E+29    2.704E+07    5.287E+15    1.424E+04    3.678E-02    4.258E-01     r       2.4
1.785E+08    9.703E-01    2.936E+29    2.712E+07    5.325E+15    1.430E+04    3.676E-02    4.481E-01     r       2.4
1.767E+08    9.711E-01    2.891E+29    2.715E+07    5.344E+15    1.432E+04    3.675E-02    4.595E-01     r       2.4
1.731E+08    9.728E-01    2.798E+29    2.723E+07    5.381E+15    1.438E+04    3.673E-02    4.827E-01     r       2.4
1.713E+08    9.736E-01    2.751E+29    2.727E+07    5.399E+15    1.441E+04    3.672E-02    4.946E-01     r       2.4
1.678E+08    9.751E-01    2.657E+29    2.735E+07    5.436E+15    1.446E+04    3.670E-02    5.188E-01     r       2.4
1.660E+08    9.759E-01    2.610E+29    2.738E+07    5.454E+15    1.449E+04    3.670E-02    5.312E-01     r       2.4
1.625E+08    9.774E-01    2.515E+29    2.746E+07    5.489E+15    1.455E+04    3.668E-02    5.563E-01     r       2.4
1.607E+08    9.781E-01    2.467E+29    2.749E+07    5.507E+15    1.457E+04    3.667E-02    5.691E-01     r       2.4
1.571E+08    9.795E-01    2.371E+29    2.756E+07    5.542E+15    1.463E+04    3.666E-02    5.951E-01     r       2.4
1.553E+08    9.801E-01    2.323E+29    2.760E+07    5.559E+15    1.465E+04    3.665E-02    6.083E-01     r       2.4
1.518E+08    9.814E-01    2.227E+29    2.767E+07    5.593E+15    1.470E+04    3.663E-02    6.351E-01     r       2.4
1.500E+08    9.820E-01    2.179E+29    2.770E+07    5.610E+15    1.473E+04    3.662E-02    6.486E-01     r       2.4
1.464E+08    9.833E-01    2.083E+29    2.777E+07    5.643E+15    1.478E+04    3.661E-02    6.762E-01     r       2.4
1.447E+08    9.838E-01    2.035E+29    2.780E+07    5.659E+15    1.480E+04    3.660E-02    6.901E-01     r       2.4
1.411E+08    9.850E-01    1.940E+29    2.787E+07    5.691E+15    1.485E+04    3.659E-02    7.182E-01     r       2.4
1.393E+08    9.855E-01    1.892E+29    2.790E+07    5.707E+15    1.487E+04    3.658E-02    7.324E-01     r       2.4
1.358E+08    9.866E-01    1.798E+29    2.796E+07    5.738E+15    1.492E+04    3.657E-02    7.611E-01     r       2.4
1.340E+08    9.871E-01    1.752E+29    2.799E+07    5.753E+15    1.494E+04    3.656E-02    7.756E-01     r       2.4
1.304E+08    9.881E-01    1.659E+29    2.805E+07    5.783E+15    1.499E+04    3.655E-02    8.048E-01     r       2.4
1.286E+08    9.885E-01    1.614E+29    2.808E+07    5.798E+15    1.501E+04    3.654E-02    8.194E-01     r       2.4
1.251E+08    9.895E-01    1.523E+29    2.814E+07    5.827E+15    1.505E+04    3.653E-02    8.489E-01     r       2.4
1.233E+08    9.899E-01    1.479E+29    2.817E+07    5.841E+15    1.507E+04    3.653E-02    8.637E-01     r       2.4
1.198E+08    9.907E-01    1.391E+29    2.822E+07    5.869E+15    1.511E+04    3.651E-02    8.934E-01     r       2.4
1.180E+08    9.911E-01    1.348E+29    2.825E+07    5.883E+15    1.513E+04    3.651E-02    9.083E-01     r       2.4
1.144E+08    9.919E-01    1.264E+29    2.830E+07    5.910E+15    1.517E+04    3.650E-02    9.382E-01     r       2.4
1.126E+08    9.923E-01    1.222E+29    2.833E+07    5.923E+15    1.519E+04    3.649E-02    9.531E-01     r       2.4
1.091E+08    9.930E-01    1.141E+29    2.838E+07    5.949E+15    1.523E+04    3.648E-02    9.829E-01     r       2.4
1.073E+08    9.933E-01    1.102E+29    2.840E+07    5.962E+15    1.525E+04    3.648E-02    9.977E-01     r       2.4
1.037E+08    9.939E-01    1.025E+29    2.845E+07    5.987E+15    1.529E+04    3.647E-02    1.027E+00     r       2.4
1.020E+08    9.942E-01    9.876E+28    2.848E+07    5.999E+15    1.530E+04    3.646E-02    1.042E+00     r       2.4
9.841E+07    9.948E-01    9.149E+28    2.852E+07    6.023E+15    1.534E+04    3.645E-02    1.071E+00     r       2.4
9.663E+07    9.951E-01    8.798E+28    2.855E+07    6.034E+15    1.535E+04    3.645E-02    1.086E+00     r       2.4
9.574E+07    9.952E-01    8.624E+28    2.856E+07    6.040E+15    1.536E+04    3.645E-02    1.093E+00     r       2.4
9.396E+07    9.955E-01    8.284E+28    2.858E+07    6.051E+15    1.538E+04    3.644E-02    1.108E+00     r       2.4
9.307E+07    9.956E-01    8.117E+28    2.859E+07    6.057E+15    1.539E+04    3.644E-02    1.115E+00     r       2.4
9.129E+07    9.958E-01    7.789E+28    2.861E+07    6.068E+15    1.540E+04    3.644E-02    1.129E+00     r       2.4
9.040E+07    9.960E-01    7.628E+28    2.862E+07    6.073E+15    1.541E+04    3.643E-02    1.136E+00     r       2.4
8.862E+07    9.962E-01    7.312E+28    2.864E+07    6.084E+15    1.543E+04    3.643E-02    1.150E+00     r       2.4
8.773E+07    9.963E-01    7.158E+28    2.865E+07    6.089E+15    1.543E+04    3.643E-02    1.157E+00     r       2.4
8.595E+07    9.965E-01    6.854E+28    2.867E+07    6.100E+15    1.545E+04    3.642E-02    1.171E+00     r       2.4
8.506E+07    9.966E-01    6.706E+28    2.868E+07    6.105E+15    1.546E+04    3.642E-02    1.178E+00     r       2.4
8.328E+07    9.968E-01    6.416E+28    2.870E+07    6.115E+15    1.547E+04    3.642E-02    1.192E+00     r       2.4
8.239E+07    9.969E-01    6.274E+28    2.871E+07    6.120E+15    1.548E+04    3.642E-02    1.199E+00     r       2.4
8.061E+07    9.971E-01    5.996E+28    2.873E+07    6.130E+15    1.549E+04    3.641E-02    1.213E+00     r       2.4
7.973E+07    9.972E-01    5.861E+28    2.874E+07    6.134E+15    1.550E+04    3.641E-02    1.219E+00     r       2.4
7.795E+07    9.974E-01    5.597E+28    2.876E+07    6.144E+15    1.551E+04    3.641E-02    1.233E+00     r       2.4
7.706E+07    9.975E-01    5.468E+28    2.877E+07    6.149E+15    1.552E+04    3.641E-02    1.239E+00     r       2.4
7.528E+07    9.977E-01    5.217E+28    2.878E+07    6.158E+15    1.553E+04    3.640E-02    1.252E+00     r       2.4
7.439E+07    9.977E-01    5.095E+28    2.879E+07    6.162E+15    1.554E+04    3.640E-02    1.259E+00     r       2.4
7.261E+07    9.979E-01    4.858E+28    2.881E+07    6.171E+15    1.555E+04    3.640E-02    1.272E+00     r       2.4
7.172E+07    9.980E-01    4.742E+28    2.882E+07    6.175E+15    1.556E+04    3.640E-02    1.278E+00     r       2.4
6.994E+07    9.981E-01    4.518E+28    2.884E+07    6.184E+15    1.557E+04    3.639E-02    1.291E+00     r       2.4
6.905E+07    9.982E-01    4.409E+28    2.884E+07    6.188E+15    1.558E+04    3.639E-02    1.297E+00     r       2.4
6.727E+07    9.983E-01    4.198E+28    2.886E+07    6.197E+15    1.559E+04    3.639E-02    1.309E+00     r       2.4
6.638E+07    9.984E-01    4.096E+28    2.887E+07    6.201E+15    1.559E+04    3.639E-02    1.315E+00     r       2.4
6.460E+07    9.985E-01    3.899E+28    2.888E+07    6.209E+15    1.561E+04    3.638E-02    1.327E+00     r       2.4
6.371E+07    9.986E-01    3.803E+28    2.889E+07    6.212E+15    1.561E+04    3.638E-02    1.333E+00     r       2.4
6.193E+07    9.987E-01    3.619E+28    2.890E+07    6.220E+15    1.562E+04    3.638E-02    1.344E+00     r       2.4
6.104E+07    9.987E-01    3.530E+28    2.891E+07    6.224E+15    1.563E+04    3.638E-02    1.350E+00     r       2.4
5.927E+07    9.989E-01    3.358E+28    2.893E+07    6.231E+15    1.564E+04    3.638E-02    1.361E+00     r       2.4
5.838E+07    9.989E-01    3.276E+28    2.893E+07    6.235E+15    1.564E+04    3.637E-02    1.367E+00     r       2.4
5.660E+07    9.990E-01    3.117E+28    2.895E+07    6.242E+15    1.565E+04    3.637E-02    1.378E+00     r       2.4
5.571E+07    9.990E-01    3.041E+28    2.895E+07    6.245E+15    1.566E+04    3.637E-02    1.383E+00     r       2.4
5.393E+07    9.991E-01    2.895E+28    2.897E+07    6.252E+15    1.567E+04    3.637E-02    1.393E+00     r       2.4
5.304E+07    9.992E-01    2.825E+28    2.897E+07    6.255E+15    1.567E+04    3.637E-02    1.399E+00     r       2.4
5.126E+07    9.993E-01    2.691E+28    2.898E+07    6.262E+15    1.568E+04    3.636E-02    1.409E+00     r       2.4
5.037E+07    9.993E-01    2.627E+28    2.899E+07    6.265E+15    1.569E+04    3.636E-02    1.414E+00     r       2.4
4.993E+07    9.993E-01    2.596E+28    2.899E+07    6.266E+15    1.569E+04    3.636E-02    1.416E+00     r       2.4
4.904E+07    9.993E-01    2.535E+28    2.900E+07    6.269E+15    1.569E+04    3.636E-02    1.421E+00     r       2.4
4.859E+07    9.994E-01    2.505E+28    2.900E+07    6.271E+15    1.569E+04    3.636E-02    1.423E+00     r       2.4
4.770E+07    9.994E-01    2.447E+28    2.901E+07    6.274E+15    1.570E+04    3.636E-02    1.428E+00     r       2.4
4.726E+07    9.994E-01    2.419E+28    2.901E+07    6.275E+15    1.570E+04    3.636E-02    1.430E+00     r       2.4
4.637E+07    9.994E-01    2.364E+28    2.901E+07    6.278E+15    1.570E+04    3.636E-02    1.435E+00     r       2.4
4.592E+07    9.995E-01    2.337E+28    2.902E+07    6.280E+15    1.571E+04    3.636E-02    1.437E+00     r       2.4
4.503E+07    9.995E-01    2.285E+28    2.902E+07    6.282E+15    1.571E+04    3.636E-02    1.442E+00     r       2.4
4.459E+07    9.995E-01    2.259E+28    2.903E+07    6.284E+15    1.571E+04    3.636E-02    1.444E+00     r       2.4
4.370E+07    9.995E-01    2.210E+28    2.903E+07    6.286E+15    1.572E+04    3.636E-02    1.448E+00     r       2.4
4.325E+07    9.996E-01    2.186E+28    2.903E+07    6.288E+15    1.572E+04    3.636E-02    1.450E+00     r       2.4
4.236E+07    9.996E-01    2.139E+28    2.904E+07    6.290E+15    1.572E+04    3.635E-02    1.455E+00     r       2.4
4.192E+07    9.996E-01    2.116E+28    2.904E+07    6.292E+15    1.572E+04    3.635E-02    1.457E+00     r       2.4
4.103E+07    9.996E-01    2.072E+28    2.905E+07    6.294E+15    1.573E+04    3.635E-02    1.461E+00     r       2.4
4.059E+07    9.996E-01    2.051E+28    2.905E+07    6.296E+15    1.573E+04    3.635E-02    1.463E+00     r       2.4
3.970E+07    9.997E-01    2.009E+28    2.905E+07    6.298E+15    1.573E+04    3.635E-02    1.467E+00     r       2.4
3.925E+07    9.997E-01    1.989E+28    2.905E+07    6.299E+15    1.573E+04    3.635E-02    1.469E+00     r       2.4
3.836E+07    9.997E-01    1.950E+28    2.906E+07    6.302E+15    1.574E+04    3.635E-02    1.473E+00     r       2.4
3.792E+07    9.997E-01    1.931E+28    2.906E+07    6.303E+15    1.574E+04    3.635E-02    1.475E+00     r       2.4
3.703E+07    9.997E-01    1.895E+28    2.907E+07    6.305E+15    1.574E+04    3.635E-02    1.479E+00     r       2.4
3.658E+07    9.997E-01    1.877E+28    2.907E+07    6.306E+15    1.574E+04    3.635E-02    1.481E+00     r       2.4
3.569E+07    9.997E-01    1.843E+28    2.907E+07    6.308E+15    1.575E+04    3.635E-02    1.484E+00     r       2.4
3.525E+07    9.998E-01    1.827E+28    2.907E+07    6.310E+15    1.575E+04    3.635E-02    1.486E+00     r       2.4
3.436E+07    9.998E-01    1.795E+28    2.908E+07    6.312E+15    1.575E+04    3.635E-02    1.490E+00     r       2.4
3.391E+07    9.998E-01    1.780E+28    2.908E+07    6.313E+15    1.575E+04    3.635E-02    1.491E+00     r       2.4
3.302E+07    9.998E-01    1.750E+28    2.908E+07    6.315E+15    1.576E+04    3.635E-02    1.495E+00     r       2.4
3.258E+07    9.998E-01    1.736E+28    2.909E+07    6.316E+15    1.576E+04    3.635E-02    1.496E+00     r       2.4
3.169E+07    9.998E-01    1.709E+28    2.909E+07    6.318E+15    1.576E+04    3.635E-02    1.500E+00     r       2.4
3.125E+07    9.998E-01    1.696E+28    2.909E+07    6.319E+15    1.576E+04    3.634E-02    1.501E+00     r       2.4
3.036E+07    9.998E-01    1.671E+28    2.910E+07    6.321E+15    1.577E+04    3.634E-02    1.505E+00     r       2.4
2.991E+07    9.999E-01    1.659E+28    2.910E+07    6.322E+15    1.577E+04    3.634E-02    1.506E+00     r       2.4
2.902E+07    9.999E-01    1.635E+28    2.910E+07    6.323E+15    1.577E+04    3.634E-02    1.509E+00     r       2.4
2.858E+07    9.999E-01    1.624E+28    2.910E+07    6.324E+15    1.577E+04    3.634E-02    1.511E+00     r       2.4
2.769E+07    9.999E-01    1.603E+28    2.911E+07    6.326E+15    1.577E+04    3.634E-02    1.514E+00     r       2.4
2.724E+07    9.999E-01    1.593E+28    2.911E+07    6.327E+15    1.577E+04    3.634E-02    1.515E+00     r       2.4
2.635E+07    9.999E-01    1.574E+28    2.911E+07    6.329E+15    1.578E+04    3.634E-02    1.518E+00     r       2.4
2.591E+07    9.999E-01    1.565E+28    2.911E+07    6.329E+15    1.578E+04    3.634E-02    1.519E+00     r       2.4
2.502E+07    9.999E-01    1.548E+28    2.912E+07    6.331E+15    1.578E+04    3.634E-02    1.522E+00     r       2.4
2.457E+07    9.999E-01    1.539E+28    2.912E+07    6.332E+15    1.578E+04    3.634E-02    1.523E+00     r       2.4
2.435E+07    9.999E-01    1.535E+28    2.912E+07    6.332E+15    1.578E+04    3.634E-02    1.524E+00     r       2.4
2.391E+07    9.999E-01    1.527E+28    2.912E+07    6.333E+15    1.578E+04    3.634E-02    1.525E+00     r       2.4
2.368E+07    9.999E-01    1.524E+28    2.912E+07    6.333E+15    1.578E+04    3.634E-02    1.526E+00     r       2.4
2.324E+07    9.999E-01    1.516E+28    2.912E+07    6.334E+15    1.578E+04    3.634E-02    1.527E+00     r       2.4
2.302E+07    9.999E-01    1.513E+28    2.912E+07    6.334E+15    1.578E+04    3.634E-02    1.527E+00     r       2.4
2.257E+07    9.999E-01    1.506E+28    2.912E+07    6.335E+15    1.579E+04    3.634E-02    1.529E+00     r       2.4
2.235E+07    9.999E-01    1.502E+28    2.912E+07    6.335E+15    1.579E+04    3.634E-02    1.529E+00     r       2.4
2.190E+07    9.999E-01    1.496E+28    2.912E+07    6.336E+15    1.579E+04    3.634E-02    1.530E+00     r       2.4
2.168E+07    9.999E-01    1.492E+28    2.913E+07    6.336E+15    1.579E+04    3.634E-02    1.531E+00     r       2.4
2.124E+07    9.999E-01    1.486E+28    2.913E+07    6.337E+15    1.579E+04    3.634E-02    1.532E+00     r       2.4
2.102E+07    9.999E-01    1.483E+28    2.913E+07    6.337E+15    1.579E+04    3.634E-02    1.533E+00     r       2.4
2.057E+07    1.000E+00    1.477E+28    2.913E+07    6.338E+15    1.579E+04    3.634E-02    1.534E+00     r       2.4
2.035E+07    1.000E+00    1.474E+28    2.913E+07    6.338E+15    1.579E+04    3.634E-02    1.534E+00     r       2.4
1.990E+07    1.000E+00    1.469E+28    2.913E+07    6.339E+15    1.579E+04    3.634E-02    1.535E+00     r       2.4
1.968E+07    1.000E+00    1.466E+28    2.913E+07    6.339E+15    1.579E+04    3.634E-02    1.536E+00     r       2.4
1.924E+07    1.000E+00    1.461E+28    2.913E+07    6.340E+15    1.579E+04    3.634E-02    1.537E+00     r       2.4
1.901E+07    1.000E+00    1.459E+28    2.913E+07    6.340E+15    1.579E+04    3.634E-02    1.537E+00     r       2.4
1.857E+07    1.000E+00    1.454E+28    2.913E+07    6.341E+15    1.579E+04    3.634E-02    1.538E+00     r       2.4
1.835E+07    1.000E+00    1.452E+28    2.913E+07    6.341E+15    1.579E+04    3.634E-02    1.539E+00     r       2.4
1.790E+07    1.000E+00    1.447E+28    2.914E+07    6.342E+15    1.579E+04    3.634E-02    1.540E+00     r       2.4
1.768E+07    1.000E+00    1.445E+28    2.914E+07    6.342E+15    1.580E+04    3.634E-02    1.540E+00     r       2.4
