   r        Qm       L_r       T        P        rho      kap      eps     fl   dlnPdlnT
6.899E+08    0.000E+00    4.264E+25    3.348E+03    9.429E+00    0.000E+00    1.380E+01    0.000E+00     *      99.9
6.892E+08    3.775E-14    4.264E+25    2.370E+03    4.134E-01    1.278E-08    7.026E+01    6.680E-118     r       5.4
6.886E+08    1.931E-13    4.264E+25    4.768E+03    7.512E+00    1.157E-07    3.547E+01    2.940E-94     r       2.7
6.882E+08    4.724E-13    4.264E+25    5.306E+03    2.032E+01    2.833E-07    4.997E+01    7.582E-91     r       8.6
6.880E+08    7.272E-13    4.264E+25    5.734E+03    3.202E+01    4.136E-07    5.157E+01    1.478E-88     r       5.8
6.879E+08    8.937E-13    4.264E+25    5.971E+03    3.967E+01    4.923E-07    5.144E+01    2.168E-87     r       5.3
6.879E+08    9.883E-13    4.264E+25    6.094E+03    4.402E+01    5.354E-07    5.122E+01    8.195E-87     r       5.1
6.879E+08    1.039E-12    4.264E+25    6.156E+03    4.633E+01    5.579E-07    5.109E+01    1.585E-86     r       5.0
6.879E+08    1.065E-12    4.264E+25    6.187E+03    4.752E+01    5.693E-07    5.102E+01    2.202E-86     r       5.0
6.879E+08    1.118E-12    4.264E+25    6.250E+03    4.998E+01    5.928E-07    5.086E+01    4.232E-86     r       5.0
6.878E+08    1.146E-12    4.264E+25    6.282E+03    5.125E+01    6.048E-07    5.078E+01    5.858E-86     r       5.0
6.878E+08    1.202E-12    4.264E+25    6.346E+03    5.386E+01    6.293E-07    5.061E+01    1.118E-85     r       4.9
6.878E+08    1.232E-12    4.264E+25    6.377E+03    5.521E+01    6.419E-07    5.052E+01    1.542E-85     r       4.9
6.878E+08    1.292E-12    4.264E+25    6.442E+03    5.798E+01    6.674E-07    5.033E+01    2.922E-85     r       4.9
6.878E+08    1.323E-12    4.264E+25    6.474E+03    5.941E+01    6.805E-07    5.023E+01    4.014E-85     r       4.9
6.878E+08    1.387E-12    4.264E+25    6.538E+03    6.235E+01    7.071E-07    5.003E+01    7.544E-85     r       4.9
6.877E+08    1.522E-12    4.264E+25    6.668E+03    6.857E+01    7.626E-07    4.961E+01    2.620E-84     r       4.8
6.877E+08    1.594E-12    4.264E+25    6.734E+03    7.186E+01    7.915E-07    4.940E+01    4.840E-84     r       4.8
6.876E+08    1.745E-12    4.264E+25    6.865E+03    7.882E+01    8.516E-07    4.895E+01    1.623E-83     r       4.8
6.876E+08    1.825E-12    4.264E+25    6.931E+03    8.249E+01    8.829E-07    4.873E+01    2.946E-83     r       4.8
6.876E+08    1.993E-12    4.264E+25    7.064E+03    9.025E+01    9.478E-07    4.827E+01    9.531E-83     r       4.7
6.876E+08    2.082E-12    4.264E+25    7.130E+03    9.434E+01    9.816E-07    4.804E+01    1.699E-82     r       4.7
6.875E+08    2.269E-12    4.264E+25    7.264E+03    1.029E+02    1.052E-06    4.758E+01    5.303E-82     r       4.7
6.875E+08    2.367E-12    4.264E+25    7.330E+03    1.075E+02    1.088E-06    4.735E+01    9.287E-82     r       4.7
6.875E+08    2.574E-12    4.264E+25    7.465E+03    1.170E+02    1.163E-06    4.689E+01    2.798E-81     r       4.7
6.874E+08    2.683E-12    4.264E+25    7.532E+03    1.220E+02    1.202E-06    4.666E+01    4.815E-81     r       4.7
6.874E+08    2.911E-12    4.264E+25    7.666E+03    1.326E+02    1.283E-06    4.620E+01    1.402E-80     r       4.7
6.874E+08    3.031E-12    4.264E+25    7.734E+03    1.381E+02    1.325E-06    4.598E+01    2.372E-80     r       4.7
6.873E+08    3.283E-12    4.264E+25    7.869E+03    1.497E+02    1.412E-06    4.553E+01    6.678E-80     r       4.7
6.873E+08    3.415E-12    4.264E+25    7.936E+03    1.558E+02    1.457E-06    4.531E+01    1.112E-79     r       4.7
6.873E+08    3.691E-12    4.264E+25    8.072E+03    1.685E+02    1.550E-06    4.487E+01    3.031E-79     r       4.6
6.872E+08    3.836E-12    4.264E+25    8.140E+03    1.752E+02    1.598E-06    4.466E+01    4.967E-79     r       4.6
6.872E+08    4.139E-12    4.264E+25    8.275E+03    1.892E+02    1.697E-06    4.423E+01    1.314E-78     r       4.6
6.872E+08    4.297E-12    4.264E+25    8.343E+03    1.965E+02    1.749E-06    4.402E+01    2.120E-78     r       4.6
6.871E+08    4.628E-12    4.264E+25    8.479E+03    2.118E+02    1.855E-06    4.361E+01    5.445E-78     r       4.6
6.871E+08    4.801E-12    4.264E+25    8.547E+03    2.198E+02    1.909E-06    4.341E+01    8.664E-78     r       4.6
6.871E+08    5.162E-12    4.264E+25    8.683E+03    2.364E+02    2.022E-06    4.300E+01    2.163E-77     r       4.6
6.870E+08    5.350E-12    4.264E+25    8.751E+03    2.452E+02    2.080E-06    4.281E+01    3.395E-77     r       4.6
6.870E+08    5.743E-12    4.264E+25    8.887E+03    2.633E+02    2.200E-06    4.242E+01    8.253E-77     r       4.6
6.870E+08    5.948E-12    4.264E+25    8.956E+03    2.728E+02    2.262E-06    4.223E+01    1.278E-76     r       4.6
6.869E+08    6.375E-12    4.264E+25    9.092E+03    2.925E+02    2.390E-06    4.185E+01    3.029E-76     r       4.6
6.869E+08    6.598E-12    4.264E+25    9.160E+03    3.028E+02    2.455E-06    4.166E+01    4.634E-76     r       4.6
6.869E+08    7.061E-12    4.264E+25    9.297E+03    3.242E+02    2.590E-06    4.130E+01    1.072E-75     r       4.6
6.868E+08    7.302E-12    4.264E+25    9.365E+03    3.354E+02    2.660E-06    4.112E+01    1.620E-75     r       4.6
6.868E+08    7.803E-12    4.264E+25    9.502E+03    3.586E+02    2.803E-06    4.076E+01    3.660E-75     r       4.6
6.868E+08    8.064E-12    4.264E+25    9.570E+03    3.706E+02    2.877E-06    4.059E+01    5.470E-75     r       4.6
6.867E+08    8.606E-12    4.264E+25    9.707E+03    3.957E+02    3.028E-06    4.024E+01    1.208E-74     r       4.6
6.867E+08    8.887E-12    4.264E+25    9.775E+03    4.087E+02    3.106E-06    4.007E+01    1.787E-74     r       4.6
6.867E+08    9.472E-12    4.264E+25    9.912E+03    4.358E+02    3.266E-06    3.974E+01    3.865E-74     r       4.6
6.867E+08    9.775E-12    4.264E+25    9.980E+03    4.499E+02    3.349E-06    3.958E+01    5.655E-74     r       4.6
6.866E+08    1.040E-11    4.264E+25    1.012E+04    4.790E+02    3.518E-06    3.925E+01    1.199E-73     r       4.6
6.866E+08    1.073E-11    4.264E+25    1.019E+04    4.942E+02    3.605E-06    3.909E+01    1.736E-73     r       4.6
6.865E+08    1.141E-11    4.264E+25    1.032E+04    5.256E+02    3.783E-06    3.878E+01    3.610E-73     r       4.6
6.865E+08    1.176E-11    4.264E+25    1.039E+04    5.418E+02    3.875E-06    3.863E+01    5.180E-73     r       4.6
6.865E+08    1.249E-11    4.264E+25    1.053E+04    5.756E+02    4.062E-06    3.832E+01    1.057E-72     r       4.6
6.865E+08    1.286E-11    4.264E+25    1.060E+04    5.930E+02    4.159E-06    3.817E+01    1.503E-72     r       4.6
6.864E+08    1.365E-11    4.264E+25    1.073E+04    6.292E+02    4.356E-06    3.788E+01    3.014E-72     r       4.6
6.864E+08    1.405E-11    4.264E+25    1.080E+04    6.480E+02    4.458E-06    3.773E+01    4.249E-72     r       4.6
6.864E+08    1.489E-11    4.264E+25    1.094E+04    6.868E+02    4.666E-06    3.745E+01    8.375E-72     r       4.6
6.863E+08    1.532E-11    4.264E+25    1.101E+04    7.068E+02    4.772E-06    3.730E+01    1.171E-71     r       4.6
6.863E+08    1.621E-11    4.264E+25    1.114E+04    7.483E+02    4.990E-06    3.703E+01    2.271E-71     r       4.6
6.863E+08    1.668E-11    4.264E+25    1.121E+04    7.698E+02    5.102E-06    3.689E+01    3.150E-71     r       4.6
6.862E+08    1.763E-11    4.264E+25    1.135E+04    8.142E+02    5.331E-06    3.662E+01    6.013E-71     r       4.6
6.862E+08    1.813E-11    4.264E+25    1.142E+04    8.371E+02    5.449E-06    3.649E+01    8.277E-71     r       4.6
6.862E+08    1.915E-11    4.264E+25    1.156E+04    8.845E+02    5.689E-06    3.622E+01    1.557E-70     r       4.6
6.861E+08    1.967E-11    4.264E+25    1.162E+04    9.090E+02    5.812E-06    3.609E+01    2.127E-70     r       4.6
6.861E+08    2.076E-11    4.264E+25    1.176E+04    9.595E+02    6.064E-06    3.584E+01    3.943E-70     r       4.6
6.861E+08    2.132E-11    4.264E+25    1.183E+04    9.856E+02    6.192E-06    3.571E+01    5.350E-70     r       4.6
6.860E+08    2.248E-11    4.264E+25    1.197E+04    1.039E+03    6.456E-06    3.546E+01    9.781E-70     r       4.6
6.860E+08    2.308E-11    4.264E+25    1.204E+04    1.067E+03    6.591E-06    3.534E+01    1.318E-69     r       4.6
6.860E+08    2.431E-11    4.264E+25    1.217E+04    1.124E+03    6.866E-06    3.510E+01    2.378E-69     r       4.6
6.859E+08    2.494E-11    4.264E+25    1.224E+04    1.154E+03    7.007E-06    3.498E+01    3.184E-69     r       4.6
6.859E+08    2.625E-11    4.264E+25    1.238E+04    1.215E+03    7.295E-06    3.474E+01    5.672E-69     r       4.6
6.859E+08    2.693E-11    4.264E+25    1.245E+04    1.246E+03    7.443E-06    3.463E+01    7.547E-69     r       4.6
6.858E+08    2.832E-11    4.264E+25    1.259E+04    1.311E+03    7.744E-06    3.440E+01    1.328E-68     r       4.6
6.858E+08    2.903E-11    4.264E+25    1.265E+04    1.344E+03    7.897E-06    3.428E+01    1.756E-68     r       4.6
6.858E+08    3.051E-11    4.264E+25    1.279E+04    1.413E+03    8.212E-06    3.406E+01    3.054E-68     r       4.6
6.857E+08    3.127E-11    4.264E+25    1.286E+04    1.448E+03    8.372E-06    3.395E+01    4.015E-68     r       4.6
6.857E+08    3.283E-11    4.264E+25    1.300E+04    1.521E+03    8.700E-06    3.373E+01    6.902E-68     r       4.6
6.857E+08    3.363E-11    4.264E+25    1.307E+04    1.558E+03    8.867E-06    3.362E+01    9.024E-68     r       4.6
6.856E+08    3.529E-11    4.264E+25    1.320E+04    1.635E+03    9.209E-06    3.341E+01    1.534E-67     r       4.6
6.856E+08    3.878E-11    4.264E+25    1.348E+04    1.798E+03    9.920E-06    3.300E+01    4.342E-67     r       4.6
6.855E+08    4.063E-11    4.264E+25    1.362E+04    1.884E+03    1.029E-05    3.279E+01    7.230E-67     r       4.6
6.854E+08    4.454E-11    4.264E+25    1.389E+04    2.066E+03    1.106E-05    3.240E+01    1.965E-66     r       4.6
6.854E+08    4.659E-11    4.264E+25    1.403E+04    2.162E+03    1.146E-05    3.220E+01    3.209E-66     r       4.6
6.853E+08    5.094E-11    4.264E+25    1.431E+04    2.365E+03    1.230E-05    3.183E+01    8.400E-66     r       4.6
6.853E+08    5.322E-11    4.264E+25    1.444E+04    2.472E+03    1.273E-05    3.164E+01    1.347E-65     r       4.6
6.852E+08    5.804E-11    4.264E+25    1.472E+04    2.697E+03    1.363E-05    3.128E+01    3.404E-65     r       4.6
6.851E+08    6.057E-11    4.264E+25    1.486E+04    2.815E+03    1.409E-05    3.111E+01    5.366E-65     r       4.6
6.850E+08    6.589E-11    4.264E+25    1.513E+04    3.064E+03    1.506E-05    3.076E+01    1.312E-64     r       4.6
6.850E+08    6.869E-11    4.264E+25    1.527E+04    3.194E+03    1.556E-05    3.059E+01    2.036E-64     r       4.6
6.849E+08    7.456E-11    4.264E+25    1.555E+04    3.469E+03    1.660E-05    3.026E+01    4.826E-64     r       4.6
6.849E+08    7.764E-11    4.264E+25    1.568E+04    3.613E+03    1.714E-05    3.010E+01    7.375E-64     r       4.6
6.848E+08    8.410E-11    4.264E+25    1.596E+04    3.915E+03    1.825E-05    2.978E+01    1.698E-63     r       4.6
6.847E+08    8.748E-11    4.264E+25    1.610E+04    4.074E+03    1.883E-05    2.963E+01    2.559E-63     r       4.6
6.846E+08    9.457E-11    4.264E+25    1.637E+04    4.406E+03    2.002E-05    2.933E+01    5.732E-63     r       4.6
6.846E+08    9.827E-11    4.264E+25    1.651E+04    4.579E+03    2.064E-05    2.918E+01    8.523E-63     r       4.6
6.845E+08    1.060E-10    4.264E+25    1.679E+04    4.943E+03    2.191E-05    2.888E+01    1.861E-62     r       4.6
6.845E+08    1.101E-10    4.264E+25    1.693E+04    5.133E+03    2.257E-05    2.874E+01    2.732E-62     r       4.6
6.844E+08    1.186E-10    4.264E+25    1.720E+04    5.531E+03    2.392E-05    2.846E+01    5.820E-62     r       4.6
6.843E+08    1.230E-10    4.264E+25    1.734E+04    5.738E+03    2.462E-05    2.832E+01    8.444E-62     r       4.6
6.843E+08    1.322E-10    4.264E+25    1.762E+04    6.172E+03    2.607E-05    2.805E+01    1.758E-61     r       4.6
6.842E+08    1.370E-10    4.264E+25    1.776E+04    6.398E+03    2.682E-05    2.792E+01    2.522E-61     r       4.6
6.841E+08    1.471E-10    4.264E+25    1.803E+04    6.870E+03    2.835E-05    2.766E+01    5.136E-61     r       4.6
6.841E+08    1.523E-10    4.264E+25    1.817E+04    7.117E+03    2.915E-05    2.753E+01    7.290E-61     r       4.6
6.840E+08    1.632E-10    4.264E+25    1.845E+04    7.630E+03    3.078E-05    2.728E+01    1.454E-60     r       4.6
6.840E+08    1.689E-10    4.264E+25    1.859E+04    7.897E+03    3.162E-05    2.716E+01    2.043E-60     r       4.6
6.839E+08    1.807E-10    4.264E+25    1.886E+04    8.453E+03    3.336E-05    2.692E+01    3.996E-60     r       4.6
6.838E+08    1.869E-10    4.264E+25    1.900E+04    8.743E+03    3.425E-05    2.680E+01    5.562E-60     r       4.6
6.837E+08    1.997E-10    4.264E+25    1.928E+04    9.345E+03    3.608E-05    2.656E+01    1.068E-59     r       4.6
6.837E+08    2.063E-10    4.264E+25    1.942E+04    9.659E+03    3.703E-05    2.645E+01    1.472E-59     r       4.6
6.836E+08    2.202E-10    4.264E+25    1.969E+04    1.031E+04    3.897E-05    2.622E+01    2.776E-59     r       4.6
6.836E+08    2.273E-10    4.264E+25    1.983E+04    1.065E+04    3.997E-05    2.611E+01    3.796E-59     r       4.6
6.835E+08    2.422E-10    4.264E+25    2.011E+04    1.135E+04    4.202E-05    2.589E+01    7.036E-59     r       4.6
6.834E+08    2.500E-10    4.264E+25    2.025E+04    1.172E+04    4.307E-05    2.578E+01    9.540E-59     r       4.6
6.834E+08    2.660E-10    4.264E+25    2.052E+04    1.247E+04    4.524E-05    2.557E+01    1.740E-58     r       4.6
6.833E+08    2.743E-10    4.264E+25    2.066E+04    1.287E+04    4.635E-05    2.547E+01    2.341E-58     r       4.6
6.832E+08    2.916E-10    4.264E+25    2.094E+04    1.368E+04    4.864E-05    2.526E+01    4.204E-58     r       4.6
6.832E+08    3.005E-10    4.264E+25    2.108E+04    1.410E+04    4.981E-05    2.516E+01    5.613E-58     r       4.6
6.831E+08    3.191E-10    4.264E+25    2.136E+04    1.498E+04    5.222E-05    2.496E+01    9.932E-58     r       4.6
6.831E+08    3.287E-10    4.264E+25    2.150E+04    1.543E+04    5.345E-05    2.487E+01    1.317E-57     r       4.6
6.830E+08    3.485E-10    4.264E+25    2.177E+04    1.637E+04    5.599E-05    2.467E+01    2.297E-57     r       4.6
6.829E+08    3.588E-10    4.264E+25    2.191E+04    1.686E+04    5.729E-05    2.458E+01    3.024E-57     r       4.6
6.828E+08    3.801E-10    4.264E+25    2.219E+04    1.787E+04    5.995E-05    2.439E+01    5.206E-57     r       4.6
6.828E+08    3.911E-10    4.264E+25    2.233E+04    1.839E+04    6.132E-05    2.430E+01    6.807E-57     r       4.6
6.827E+08    4.138E-10    4.264E+25    2.261E+04    1.947E+04    6.411E-05    2.412E+01    1.157E-56     r       4.6
6.827E+08    4.256E-10    4.264E+25    2.275E+04    2.002E+04    6.555E-05    2.403E+01    1.503E-56     r       4.6
6.826E+08    4.499E-10    4.264E+25    2.302E+04    2.118E+04    6.848E-05    2.385E+01    2.523E-56     r       4.6
6.825E+08    4.625E-10    4.264E+25    2.316E+04    2.177E+04    6.999E-05    2.377E+01    3.259E-56     r       4.6
6.825E+08    4.884E-10    4.264E+25    2.344E+04    2.300E+04    7.307E-05    2.359E+01    5.404E-56     r       4.6
6.824E+08    5.018E-10    4.264E+25    2.358E+04    2.364E+04    7.464E-05    2.351E+01    6.940E-56     r       4.6
6.823E+08    5.294E-10    4.264E+25    2.386E+04    2.495E+04    7.787E-05    2.334E+01    1.138E-55     r       4.6
6.823E+08    5.437E-10    4.264E+25    2.400E+04    2.563E+04    7.952E-05    2.326E+01    1.453E-55     r       4.6
6.822E+08    5.731E-10    4.264E+25    2.427E+04    2.702E+04    8.290E-05    2.310E+01    2.356E-55     r       4.6
6.821E+08    5.882E-10    4.264E+25    2.441E+04    2.775E+04    8.463E-05    2.302E+01    2.993E-55     r       4.6
6.821E+08    6.195E-10    4.264E+25    2.469E+04    2.923E+04    8.816E-05    2.286E+01    4.803E-55     r       4.6
6.820E+08    6.357E-10    4.264E+25    2.483E+04    3.000E+04    8.997E-05    2.278E+01    6.069E-55     r       4.6
6.819E+08    6.689E-10    4.264E+25    2.511E+04    3.158E+04    9.366E-05    2.263E+01    9.641E-55     r       4.6
6.819E+08    6.860E-10    4.264E+25    2.525E+04    3.240E+04    9.555E-05    2.256E+01    1.212E-54     r       4.6
6.818E+08    7.213E-10    4.264E+25    2.553E+04    3.408E+04    9.941E-05    2.241E+01    1.907E-54     r       4.6
6.818E+08    7.394E-10    4.264E+25    2.567E+04    3.494E+04    1.014E-04    2.233E+01    2.386E-54     r       4.6
6.817E+08    7.768E-10    4.264E+25    2.595E+04    3.672E+04    1.054E-04    2.219E+01    3.718E-54     r       4.6
6.816E+08    7.961E-10    4.264E+25    2.609E+04    3.764E+04    1.075E-04    2.212E+01    4.631E-54     r       4.6
6.815E+08    8.357E-10    4.264E+25    2.636E+04    3.953E+04    1.117E-04    2.197E+01    7.152E-54     r       4.6
6.815E+08    8.561E-10    4.264E+25    2.650E+04    4.051E+04    1.138E-04    2.190E+01    8.868E-54     r       4.6
6.814E+08    8.980E-10    4.264E+25    2.678E+04    4.251E+04    1.182E-04    2.177E+01    1.358E-53     r       4.6
6.812E+08    9.867E-10    4.264E+25    2.734E+04    4.674E+04    1.273E-04    2.149E+01    3.129E-53     r       4.6
6.812E+08    1.034E-09    4.264E+25    2.762E+04    4.898E+04    1.321E-04    2.136E+01    4.711E-53     r       4.6
6.810E+08    1.132E-09    4.264E+25    2.818E+04    5.372E+04    1.420E-04    2.111E+01    1.052E-52     r       4.6
6.809E+08    1.185E-09    4.264E+25    2.846E+04    5.621E+04    1.471E-04    2.098E+01    1.559E-52     r       4.6
6.807E+08    1.295E-09    4.264E+25    2.902E+04    6.149E+04    1.578E-04    2.073E+01    3.378E-52     r       4.6
6.806E+08    1.353E-09    4.264E+25    2.930E+04    6.426E+04    1.634E-04    2.061E+01    4.936E-52     r       4.6
6.805E+08    1.474E-09    4.264E+25    2.986E+04    7.011E+04    1.749E-04    2.038E+01    1.040E-51     r       4.6
6.804E+08    1.539E-09    4.264E+25    3.014E+04    7.319E+04    1.809E-04    2.027E+01    1.499E-51     r       4.6
6.802E+08    1.673E-09    4.264E+25    3.070E+04    7.967E+04    1.933E-04    2.004E+01    3.076E-51     r       4.6
6.801E+08    1.744E-09    4.264E+25    3.098E+04    8.308E+04    1.998E-04    1.993E+01    4.380E-51     r       4.6
6.799E+08    1.893E-09    4.264E+25    3.154E+04    9.023E+04    2.131E-04    1.972E+01    8.769E-51     r       4.6
6.799E+08    1.971E-09    4.264E+25    3.182E+04    9.398E+04    2.201E-04    1.961E+01    1.234E-50     r       4.6
6.797E+08    2.134E-09    4.264E+25    3.238E+04    1.019E+05    2.344E-04    1.940E+01    2.413E-50     r       4.6
6.796E+08    2.220E-09    4.264E+25    3.266E+04    1.060E+05    2.418E-04    1.930E+01    3.357E-50     r       4.6
6.794E+08    2.399E-09    4.264E+25    3.322E+04    1.146E+05    2.571E-04    1.911E+01    6.425E-50     r       4.6
6.793E+08    2.493E-09    4.264E+25    3.350E+04    1.192E+05    2.650E-04    1.901E+01    8.843E-50     r       4.6
6.792E+08    2.689E-09    4.264E+25    3.406E+04    1.287E+05    2.814E-04    1.882E+01    1.658E-49     r       4.6
6.791E+08    2.791E-09    4.264E+25    3.435E+04    1.336E+05    2.899E-04    1.873E+01    2.260E-49     r       4.6
6.789E+08    3.006E-09    4.264E+25    3.491E+04    1.440E+05    3.074E-04    1.854E+01    4.156E-49     r       4.6
6.788E+08    3.118E-09    4.264E+25    3.519E+04    1.494E+05    3.164E-04    1.845E+01    5.609E-49     r       4.6
6.787E+08    3.351E-09    4.264E+25    3.575E+04    1.608E+05    3.351E-04    1.828E+01    1.013E-48     r       4.6
6.786E+08    3.473E-09    4.264E+25    3.603E+04    1.667E+05    3.447E-04    1.819E+01    1.355E-48     r       4.6
6.784E+08    3.727E-09    4.264E+25    3.660E+04    1.790E+05    3.645E-04    1.802E+01    2.404E-48     r       4.6
6.783E+08    3.859E-09    4.264E+25    3.688E+04    1.855E+05    3.747E-04    1.794E+01    3.189E-48     r       4.6
6.781E+08    4.135E-09    4.264E+25    3.744E+04    1.989E+05    3.958E-04    1.777E+01    5.565E-48     r       4.6
6.781E+08    4.279E-09    4.264E+25    3.773E+04    2.059E+05    4.067E-04    1.769E+01    7.323E-48     r       4.6
6.779E+08    4.578E-09    4.264E+25    3.829E+04    2.204E+05    4.290E-04    1.754E+01    1.258E-47     r       4.6
6.778E+08    4.733E-09    4.264E+25    3.857E+04    2.280E+05    4.406E-04    1.746E+01    1.643E-47     r       4.6
6.776E+08    5.057E-09    4.264E+25    3.914E+04    2.438E+05    4.643E-04    1.731E+01    2.781E-47     r       4.6
6.775E+08    5.225E-09    4.264E+25    3.942E+04    2.520E+05    4.765E-04    1.723E+01    3.605E-47     r       4.6
6.774E+08    5.574E-09    4.264E+25    3.998E+04    2.691E+05    5.016E-04    1.708E+01    6.015E-47     r       4.6
6.773E+08    5.755E-09    4.264E+25    4.027E+04    2.780E+05    5.145E-04    1.701E+01    7.744E-47     r       4.6
6.771E+08    6.132E-09    4.264E+25    4.083E+04    2.964E+05    5.410E-04    1.687E+01    1.275E-46     r       4.6
6.770E+08    6.328E-09    4.264E+25    4.112E+04    3.060E+05    5.546E-04    1.680E+01    1.630E-46     r       4.6
6.768E+08    6.733E-09    4.264E+25    4.168E+04    3.259E+05    5.827E-04    1.666E+01    2.650E-46     r       4.6
6.768E+08    6.943E-09    4.264E+25    4.196E+04    3.362E+05    5.971E-04    1.659E+01    3.367E-46     r       4.6
6.766E+08    7.380E-09    4.264E+25    4.253E+04    3.576E+05    6.267E-04    1.646E+01    5.405E-46     r       4.6
6.765E+08    7.606E-09    4.264E+25    4.281E+04    3.687E+05    6.418E-04    1.639E+01    6.828E-46     r       4.6
6.763E+08    8.074E-09    4.264E+25    4.338E+04    3.917E+05    6.730E-04    1.626E+01    1.083E-45     r       4.6
6.762E+08    8.316E-09    4.264E+25    4.367E+04    4.036E+05    6.890E-04    1.620E+01    1.361E-45     r       4.6
6.761E+08    8.818E-09    4.264E+25    4.423E+04    4.284E+05    7.219E-04    1.607E+01    2.134E-45     r       4.6
6.760E+08    9.078E-09    4.264E+25    4.452E+04    4.412E+05    7.387E-04    1.601E+01    2.666E-45     r       4.6
6.758E+08    9.615E-09    4.264E+25    4.508E+04    4.677E+05    7.733E-04    1.589E+01    4.137E-45     r       4.6
6.757E+08    9.893E-09    4.264E+25    4.537E+04    4.814E+05    7.910E-04    1.583E+01    5.140E-45     r       4.6
6.756E+08    1.047E-08    4.264E+25    4.594E+04    5.098E+05    8.273E-04    1.571E+01    7.895E-45     r       4.6
6.755E+08    1.077E-08    4.264E+25    4.622E+04    5.245E+05    8.459E-04    1.565E+01    9.759E-45     r       4.6
6.753E+08    1.138E-08    4.264E+25    4.679E+04    5.549E+05    8.840E-04    1.554E+01    1.484E-44     r       4.6
6.752E+08    1.170E-08    4.264E+25    4.708E+04    5.706E+05    9.036E-04    1.548E+01    1.826E-44     r       4.6
6.750E+08    1.235E-08    4.264E+25    4.764E+04    6.031E+05    9.436E-04    1.537E+01    2.750E-44     r       4.6
6.749E+08    1.269E-08    4.264E+25    4.793E+04    6.198E+05    9.641E-04    1.531E+01    3.368E-44     r       4.6
6.748E+08    1.339E-08    4.264E+25    4.850E+04    6.545E+05    1.006E-03    1.520E+01    5.027E-44     r       4.6
6.747E+08    1.375E-08    4.264E+25    4.878E+04    6.724E+05    1.028E-03    1.515E+01    6.129E-44     r       4.6
6.745E+08    1.449E-08    4.264E+25    4.935E+04    7.094E+05    1.071E-03    1.505E+01    9.069E-44     r       4.6
6.744E+08    1.488E-08    4.264E+25    4.964E+04    7.284E+05    1.094E-03    1.499E+01    1.101E-43     r       4.6
6.743E+08    1.567E-08    4.264E+25    5.021E+04    7.678E+05    1.140E-03    1.489E+01    1.615E-43     r       4.6
6.742E+08    1.607E-08    4.264E+25    5.050E+04    7.881E+05    1.164E-03    1.484E+01    1.952E-43     r       4.6
6.740E+08    1.691E-08    4.264E+25    5.107E+04    8.300E+05    1.212E-03    1.474E+01    2.842E-43     r       4.6
6.739E+08    1.735E-08    4.264E+25    5.135E+04    8.516E+05    1.236E-03    1.469E+01    3.421E-43     r       4.6
6.737E+08    1.824E-08    4.264E+25    5.192E+04    8.961E+05    1.287E-03    1.459E+01    4.941E-43     r       4.6
6.737E+08    1.870E-08    4.264E+25    5.221E+04    9.190E+05    1.312E-03    1.454E+01    5.926E-43     r       4.6
6.735E+08    1.964E-08    4.264E+25    5.278E+04    9.663E+05    1.365E-03    1.445E+01    8.494E-43     r       4.6
6.734E+08    2.013E-08    4.264E+25    5.307E+04    9.907E+05    1.392E-03    1.440E+01    1.015E-42     r       4.6
6.732E+08    2.113E-08    4.264E+25    5.364E+04    1.041E+06    1.447E-03    1.431E+01    1.444E-42     r       4.6
6.731E+08    2.165E-08    4.264E+25    5.393E+04    1.067E+06    1.475E-03    1.426E+01    1.720E-42     r       4.6
6.730E+08    2.271E-08    4.264E+25    5.450E+04    1.120E+06    1.532E-03    1.417E+01    2.430E-42     r       4.6
6.726E+08    2.495E-08    4.264E+25    5.565E+04    1.232E+06    1.651E-03    1.400E+01    4.787E-42     r       4.6
6.724E+08    2.613E-08    4.264E+25    5.622E+04    1.292E+06    1.714E-03    1.391E+01    6.675E-42     r       4.6
6.721E+08    2.863E-08    4.264E+25    5.737E+04    1.418E+06    1.843E-03    1.374E+01    1.282E-41     r       4.6
6.719E+08    2.995E-08    4.264E+25    5.794E+04    1.485E+06    1.911E-03    1.366E+01    1.765E-41     r       4.6
6.716E+08    3.274E-08    4.264E+25    5.910E+04    1.625E+06    2.051E-03    1.350E+01    3.309E-41     r       4.6
6.714E+08    3.420E-08    4.264E+25    5.967E+04    1.700E+06    2.124E-03    1.342E+01    4.505E-41     r       4.6
6.711E+08    3.729E-08    4.264E+25    6.082E+04    1.856E+06    2.276E-03    1.327E+01    8.258E-41     r       4.6
6.709E+08    3.891E-08    4.264E+25    6.140E+04    1.938E+06    2.354E-03    1.319E+01    1.112E-40     r       4.6
6.705E+08    4.232E-08    4.264E+25    6.255E+04    2.112E+06    2.518E-03    1.304E+01    1.996E-40     r       4.6
6.704E+08    4.411E-08    4.264E+25    6.313E+04    2.203E+06    2.602E-03    1.297E+01    2.661E-40     r       4.6
6.700E+08    4.787E-08    4.264E+25    6.429E+04    2.395E+06    2.778E-03    1.283E+01    4.684E-40     r       4.6
6.699E+08    4.984E-08    4.264E+25    6.487E+04    2.496E+06    2.869E-03    1.276E+01    6.184E-40     r       4.6
6.695E+08    5.398E-08    4.264E+25    6.603E+04    2.708E+06    3.058E-03    1.263E+01    1.068E-39     r       4.6
6.693E+08    5.615E-08    4.264E+25    6.660E+04    2.819E+06    3.156E-03    1.256E+01    1.398E-39     r       4.6
6.690E+08    6.069E-08    4.264E+25    6.776E+04    3.052E+06    3.359E-03    1.243E+01    2.373E-39     r       4.6
6.688E+08    6.307E-08    4.264E+25    6.834E+04    3.174E+06    3.464E-03    1.237E+01    3.079E-39     r       4.6
6.685E+08    6.804E-08    4.264E+25    6.951E+04    3.430E+06    3.681E-03    1.224E+01    5.142E-39     r       4.6
6.683E+08    7.063E-08    4.264E+25    7.009E+04    3.564E+06    3.793E-03    1.218E+01    6.619E-39     r       4.6
6.680E+08    7.607E-08    4.264E+25    7.125E+04    3.845E+06    4.024E-03    1.206E+01    1.088E-38     r       4.6
6.678E+08    7.890E-08    4.264E+25    7.183E+04    3.992E+06    4.144E-03    1.200E+01    1.390E-38     r       4.6
6.674E+08    8.482E-08    4.264E+25    7.300E+04    4.298E+06    4.392E-03    1.189E+01    2.252E-38     r       4.6
6.673E+08    8.791E-08    4.264E+25    7.358E+04    4.459E+06    4.519E-03    1.183E+01    2.855E-38     r       4.6
6.669E+08    9.435E-08    4.264E+25    7.475E+04    4.794E+06    4.783E-03    1.172E+01    4.561E-38     r       4.6
6.668E+08    9.771E-08    4.264E+25    7.533E+04    4.968E+06    4.919E-03    1.167E+01    5.745E-38     r       4.6
6.664E+08    1.047E-07    4.264E+25    7.650E+04    5.333E+06    5.200E-03    1.156E+01    9.056E-38     r       4.6
6.662E+08    1.084E-07    4.264E+25    7.709E+04    5.524E+06    5.344E-03    1.151E+01    1.133E-37     r       4.6
6.659E+08    1.159E-07    4.264E+25    7.826E+04    5.920E+06    5.643E-03    1.140E+01    1.764E-37     r       4.6
6.657E+08    1.199E-07    4.264E+25    7.885E+04    6.127E+06    5.796E-03    1.135E+01    2.194E-37     r       4.6
6.654E+08    1.281E-07    4.264E+25    8.002E+04    6.558E+06    6.113E-03    1.125E+01    3.375E-37     r       4.6
6.652E+08    1.324E-07    4.264E+25    8.061E+04    6.782E+06    6.276E-03    1.120E+01    4.173E-37     r       4.6
6.649E+08    1.412E-07    4.264E+25    8.178E+04    7.249E+06    6.612E-03    1.111E+01    6.345E-37     r       4.6
6.647E+08    1.458E-07    4.264E+25    8.237E+04    7.492E+06    6.785E-03    1.106E+01    7.803E-37     r       4.6
6.643E+08    1.554E-07    4.264E+25    8.355E+04    7.997E+06    7.140E-03    1.096E+01    1.174E-36     r       4.6
6.642E+08    1.604E-07    4.264E+25    8.413E+04    8.260E+06    7.323E-03    1.092E+01    1.435E-36     r       4.6
6.638E+08    1.707E-07    4.264E+25    8.531E+04    8.806E+06    7.700E-03    1.083E+01    2.137E-36     r       4.6
6.637E+08    1.760E-07    4.264E+25    8.590E+04    9.090E+06    7.893E-03    1.078E+01    2.600E-36     r       4.6
6.633E+08    1.871E-07    4.264E+25    8.708E+04    9.679E+06    8.291E-03    1.069E+01    3.832E-36     r       4.6
6.631E+08    1.929E-07    4.264E+25    8.767E+04    9.985E+06    8.495E-03    1.065E+01    4.641E-36     r       4.6
6.628E+08    2.048E-07    4.264E+25    8.886E+04    1.062E+07    8.915E-03    1.057E+01    6.776E-36     r       4.6
6.626E+08    2.110E-07    4.264E+25    8.945E+04    1.095E+07    9.131E-03    1.052E+01    8.168E-36     r       4.6
6.623E+08    2.237E-07    4.264E+25    9.063E+04    1.163E+07    9.574E-03    1.044E+01    1.182E-35     r       4.6
6.621E+08    2.303E-07    4.264E+25    9.123E+04    1.199E+07    9.801E-03    1.040E+01    1.418E-35     r       4.6
6.618E+08    2.440E-07    4.264E+25    9.241E+04    1.272E+07    1.027E-02    1.032E+01    2.034E-35     r       4.6
6.616E+08    2.511E-07    4.264E+25    9.301E+04    1.310E+07    1.051E-02    1.028E+01    2.431E-35     r       4.6
6.612E+08    2.657E-07    4.264E+25    9.419E+04    1.389E+07    1.100E-02    1.020E+01    3.458E-35     r       4.6
6.611E+08    2.733E-07    4.264E+25    9.479E+04    1.430E+07    1.125E-02    1.017E+01    4.115E-35     r       4.6
6.607E+08    2.890E-07    4.264E+25    9.598E+04    1.514E+07    1.177E-02    1.009E+01    5.807E-35     r       4.6
6.605E+08    2.971E-07    4.264E+25    9.657E+04    1.558E+07    1.203E-02    1.005E+01    6.885E-35     r       4.6
6.602E+08    3.138E-07    4.264E+25    9.777E+04    1.648E+07    1.258E-02    9.979E+00    9.640E-35     r       4.6
6.600E+08    3.224E-07    4.264E+25    9.836E+04    1.695E+07    1.285E-02    9.943E+00    1.139E-34     r       4.6
6.597E+08    3.402E-07    4.264E+25    9.956E+04    1.792E+07    1.343E-02    9.871E+00    1.583E-34     r       4.6
6.595E+08    3.494E-07    4.264E+25    1.002E+05    1.842E+07    1.372E-02    9.836E+00    1.863E-34     r       4.6
6.592E+08    3.684E-07    4.264E+25    1.013E+05    1.945E+07    1.432E-02    9.767E+00    2.571E-34     r       4.6
6.590E+08    3.781E-07    4.264E+25    1.019E+05    1.998E+07    1.462E-02    9.732E+00    3.015E-34     r       4.6
6.586E+08    3.983E-07    4.264E+25    1.031E+05    2.109E+07    1.525E-02    9.665E+00    4.134E-34     r       4.6
6.585E+08    4.087E-07    4.264E+25    1.037E+05    2.166E+07    1.557E-02    9.631E+00    4.832E-34     r       4.6
6.581E+08    4.302E-07    4.264E+25    1.049E+05    2.283E+07    1.623E-02    9.565E+00    6.581E-34     r       4.6
6.580E+08    4.412E-07    4.264E+25    1.055E+05    2.344E+07    1.657E-02    9.533E+00    7.669E-34     r       4.6
6.576E+08    4.640E-07    4.264E+25    1.067E+05    2.469E+07    1.726E-02    9.468E+00    1.038E-33     r       4.6
6.574E+08    4.758E-07    4.264E+25    1.073E+05    2.534E+07    1.761E-02    9.437E+00    1.206E-33     r       4.6
6.571E+08    4.999E-07    4.264E+25    1.086E+05    2.667E+07    1.833E-02    9.374E+00    1.622E-33     r       4.6
6.569E+08    5.124E-07    4.264E+25    1.092E+05    2.736E+07    1.870E-02    9.343E+00    1.878E-33     r       4.6
6.566E+08    5.380E-07    4.264E+25    1.104E+05    2.878E+07    1.945E-02    9.282E+00    2.512E-33     r       4.6
6.564E+08    5.512E-07    4.264E+25    1.110E+05    2.951E+07    1.984E-02    9.252E+00    2.901E-33     r       4.6
6.561E+08    5.783E-07    4.264E+25    1.122E+05    3.101E+07    2.063E-02    9.192E+00    3.858E-33     r       4.6
6.559E+08    5.922E-07    4.264E+25    1.128E+05    3.179E+07    2.103E-02    9.163E+00    4.443E-33     r       4.6
6.555E+08    6.209E-07    4.264E+25    1.140E+05    3.339E+07    2.185E-02    9.105E+00    5.877E-33     r       4.6
6.554E+08    6.357E-07    4.264E+25    1.146E+05    3.421E+07    2.227E-02    9.076E+00    6.750E-33     r       4.6
6.550E+08    6.660E-07    4.264E+25    1.158E+05    3.590E+07    2.313E-02    9.019E+00    8.881E-33     r       4.6
6.543E+08    7.301E-07    4.264E+25    1.182E+05    3.950E+07    2.493E-02    8.908E+00    1.522E-32     r       4.6
6.540E+08    7.640E-07    4.264E+25    1.194E+05    4.140E+07    2.586E-02    8.854E+00    1.982E-32     r       4.6
6.533E+08    8.353E-07    4.264E+25    1.219E+05    4.542E+07    2.781E-02    8.748E+00    3.332E-32     r       4.6
6.530E+08    8.729E-07    4.264E+25    1.231E+05    4.755E+07    2.882E-02    8.696E+00    4.301E-32     r       4.6
6.523E+08    9.522E-07    4.264E+25    1.255E+05    5.205E+07    3.094E-02    8.595E+00    7.099E-32     r       4.6
6.519E+08    9.938E-07    4.264E+25    1.268E+05    5.442E+07    3.203E-02    8.546E+00    9.082E-32     r       4.6
6.512E+08    1.082E-06    4.264E+25    1.292E+05    5.943E+07    3.432E-02    8.449E+00    1.474E-31     r       4.6
6.509E+08    1.128E-06    4.264E+25    1.304E+05    6.207E+07    3.551E-02    8.401E+00    1.870E-31     r       4.6
6.502E+08    1.224E-06    4.264E+25    1.329E+05    6.763E+07    3.797E-02    8.308E+00    2.988E-31     r       4.6
6.499E+08    1.275E-06    4.264E+25    1.341E+05    7.056E+07    3.925E-02    8.263E+00    3.762E-31     r       4.6
6.492E+08    1.382E-06    4.264E+25    1.366E+05    7.673E+07    4.191E-02    8.174E+00    5.919E-31     r       4.6
6.488E+08    1.438E-06    4.264E+25    1.378E+05    7.997E+07    4.329E-02    8.130E+00    7.398E-31     r       4.6
6.481E+08    1.555E-06    4.264E+25    1.403E+05    8.678E+07    4.616E-02    8.045E+00    1.148E-30     r       4.6
6.478E+08    1.616E-06    4.264E+25    1.415E+05    9.036E+07    4.764E-02    8.003E+00    1.425E-30     r       4.6
6.471E+08    1.744E-06    4.264E+25    1.440E+05    9.788E+07    5.072E-02    7.920E+00    2.181E-30     r       4.6
6.467E+08    1.811E-06    4.264E+25    1.453E+05    1.018E+08    5.231E-02    7.880E+00    2.690E-30     r       4.6
6.461E+08    1.952E-06    4.264E+25    1.478E+05    1.101E+08    5.561E-02    7.801E+00    4.067E-30     r       4.6
6.457E+08    2.025E-06    4.264E+25    1.490E+05    1.144E+08    5.731E-02    7.762E+00    4.985E-30     r       4.6
6.450E+08    2.178E-06    4.264E+25    1.515E+05    1.235E+08    6.085E-02    7.686E+00    7.446E-30     r       4.6
6.447E+08    2.258E-06    4.264E+25    1.528E+05    1.283E+08    6.267E-02    7.648E+00    9.075E-30     r       4.6
6.440E+08    2.425E-06    4.264E+25    1.553E+05    1.383E+08    6.645E-02    7.575E+00    1.340E-29     r       4.6
6.436E+08    2.512E-06    4.264E+25    1.565E+05    1.435E+08    6.841E-02    7.538E+00    1.624E-29     r       4.6
6.430E+08    2.694E-06    4.264E+25    1.590E+05    1.544E+08    7.244E-02    7.467E+00    2.373E-29     r       4.6
6.426E+08    2.788E-06    4.264E+25    1.603E+05    1.601E+08    7.453E-02    7.433E+00    2.861E-29     r       4.6
6.419E+08    2.985E-06    4.264E+25    1.628E+05    1.720E+08    7.883E-02    7.364E+00    4.138E-29     r       4.6
6.416E+08    3.087E-06    4.264E+25    1.641E+05    1.782E+08    8.106E-02    7.330E+00    4.965E-29     r       4.6
6.409E+08    3.301E-06    4.264E+25    1.666E+05    1.912E+08    8.565E-02    7.264E+00    7.111E-29     r       4.6
6.405E+08    3.412E-06    4.264E+25    1.679E+05    1.980E+08    8.801E-02    7.232E+00    8.490E-29     r       4.6
6.398E+08    3.643E-06    4.264E+25    1.704E+05    2.121E+08    9.290E-02    7.167E+00    1.205E-28     r       4.6
6.395E+08    3.763E-06    4.264E+25    1.717E+05    2.195E+08    9.541E-02    7.136E+00    1.432E-28     r       4.6
6.388E+08    4.012E-06    4.264E+25    1.742E+05    2.349E+08    1.006E-01    7.074E+00    2.014E-28     r       4.6
6.385E+08    4.141E-06    4.264E+25    1.755E+05    2.429E+08    1.033E-01    7.043E+00    2.384E-28     r       4.6
6.378E+08    4.410E-06    4.264E+25    1.781E+05    2.596E+08    1.088E-01    6.983E+00    3.325E-28     r       4.6
6.374E+08    4.550E-06    4.264E+25    1.794E+05    2.683E+08    1.116E-01    6.954E+00    3.919E-28     r       4.6
6.367E+08    4.839E-06    4.264E+25    1.819E+05    2.864E+08    1.175E-01    6.896E+00    5.423E-28     r       4.6
6.364E+08    4.989E-06    4.264E+25    1.832E+05    2.958E+08    1.205E-01    6.867E+00    6.367E-28     r       4.6
6.357E+08    5.300E-06    4.264E+25    1.858E+05    3.154E+08    1.267E-01    6.811E+00    8.742E-28     r       4.6
6.354E+08    5.462E-06    4.264E+25    1.871E+05    3.255E+08    1.299E-01    6.783E+00    1.022E-27     r       4.6
6.347E+08    5.796E-06    4.264E+25    1.897E+05    3.467E+08    1.364E-01    6.728E+00    1.394E-27     r       4.6
6.343E+08    5.969E-06    4.264E+25    1.910E+05    3.577E+08    1.398E-01    6.701E+00    1.624E-27     r       4.6
6.336E+08    6.328E-06    4.264E+25    1.935E+05    3.805E+08    1.467E-01    6.648E+00    2.198E-27     r       4.6
6.333E+08    6.513E-06    4.264E+25    1.948E+05    3.924E+08    1.503E-01    6.622E+00    2.553E-27     r       4.6
6.326E+08    6.897E-06    4.264E+25    1.974E+05    4.170E+08    1.577E-01    6.570E+00    3.432E-27     r       4.6
6.323E+08    7.096E-06    4.264E+25    1.987E+05    4.298E+08    1.614E-01    6.545E+00    3.973E-27     r       4.6
6.316E+08    7.507E-06    4.264E+25    2.014E+05    4.564E+08    1.692E-01    6.494E+00    5.307E-27     r       4.6
6.312E+08    7.719E-06    4.264E+25    2.027E+05    4.701E+08    1.731E-01    6.470E+00    6.124E-27     r       4.6
6.305E+08    8.158E-06    4.264E+25    2.053E+05    4.987E+08    1.813E-01    6.421E+00    8.129E-27     r       4.6
6.302E+08    8.385E-06    4.264E+25    2.066E+05    5.134E+08    1.855E-01    6.397E+00    9.351E-27     r       4.6
6.295E+08    8.854E-06    4.264E+25    2.092E+05    5.441E+08    1.941E-01    6.349E+00    1.234E-26     r       4.6
6.292E+08    9.096E-06    4.264E+25    2.105E+05    5.600E+08    1.985E-01    6.326E+00    1.415E-26     r       4.6
6.285E+08    9.596E-06    4.264E+25    2.132E+05    5.929E+08    2.076E-01    6.280E+00    1.857E-26     r       4.6
6.281E+08    9.854E-06    4.264E+25    2.145E+05    6.100E+08    2.123E-01    6.257E+00    2.124E-26     r       4.6
6.274E+08    1.039E-05    4.264E+25    2.171E+05    6.453E+08    2.218E-01    6.212E+00    2.771E-26     r       4.6
6.271E+08    1.066E-05    4.264E+25    2.185E+05    6.635E+08    2.267E-01    6.190E+00    3.161E-26     r       4.6
6.264E+08    1.123E-05    4.264E+25    2.211E+05    7.014E+08    2.368E-01    6.146E+00    4.103E-26     r       4.6
6.260E+08    1.152E-05    4.264E+25    2.224E+05    7.209E+08    2.419E-01    6.124E+00    4.668E-26     r       4.6
6.254E+08    1.212E-05    4.264E+25    2.251E+05    7.614E+08    2.525E-01    6.081E+00    6.028E-26     r       4.6
6.250E+08    1.243E-05    4.264E+25    2.264E+05    7.823E+08    2.579E-01    6.060E+00    6.842E-26     r       4.6
6.243E+08    1.307E-05    4.264E+25    2.291E+05    8.256E+08    2.690E-01    6.018E+00    8.791E-26     r       4.6
6.240E+08    1.340E-05    4.264E+25    2.304E+05    8.480E+08    2.747E-01    5.998E+00    9.953E-26     r       4.6
6.233E+08    1.408E-05    4.264E+25    2.331E+05    8.942E+08    2.863E-01    5.957E+00    1.273E-25     r       4.6
6.229E+08    1.443E-05    4.264E+25    2.345E+05    9.181E+08    2.923E-01    5.937E+00    1.438E-25     r       4.6
6.223E+08    1.515E-05    4.264E+25    2.372E+05    9.674E+08    3.045E-01    5.897E+00    1.830E-25     r       4.6
6.219E+08    1.552E-05    4.264E+25    2.385E+05    9.929E+08    3.108E-01    5.878E+00    2.063E-25     r       4.6
6.212E+08    1.629E-05    4.264E+25    2.412E+05    1.045E+09    3.236E-01    5.839E+00    2.614E-25     r       4.6
6.209E+08    1.668E-05    4.264E+25    2.425E+05    1.073E+09    3.301E-01    5.820E+00    2.940E-25     r       4.6
6.202E+08    1.749E-05    4.264E+25    2.453E+05    1.129E+09    3.435E-01    5.782E+00    3.710E-25     r       4.6
6.198E+08    1.790E-05    4.264E+25    2.466E+05    1.158E+09    3.504E-01    5.763E+00    4.163E-25     r       4.6
6.191E+08    1.876E-05    4.264E+25    2.493E+05    1.217E+09    3.645E-01    5.727E+00    5.232E-25     r       4.6
6.188E+08    1.919E-05    4.264E+25    2.507E+05    1.248E+09    3.717E-01    5.708E+00    5.860E-25     r       4.6
6.181E+08    2.010E-05    4.264E+25    2.534E+05    1.312E+09    3.864E-01    5.672E+00    7.335E-25     r       4.6
6.178E+08    2.056E-05    4.264E+25    2.548E+05    1.344E+09    3.939E-01    5.654E+00    8.198E-25     r       4.6
6.171E+08    2.151E-05    4.264E+25    2.575E+05    1.412E+09    4.093E-01    5.619E+00    1.022E-24     r       4.6
6.167E+08    2.200E-05    4.264E+25    2.589E+05    1.447E+09    4.172E-01    5.601E+00    1.140E-24     r       4.6
6.160E+08    2.301E-05    4.264E+25    2.616E+05    1.518E+09    4.333E-01    5.567E+00    1.417E-24     r       4.6
6.147E+08    2.513E-05    4.264E+25    2.671E+05    1.671E+09    4.669E-01    5.499E+00    2.171E-24     r       4.6
6.140E+08    2.625E-05    4.264E+25    2.699E+05    1.752E+09    4.845E-01    5.466E+00    2.678E-24     r       4.6
6.126E+08    2.860E-05    4.264E+25    2.754E+05    1.923E+09    5.212E-01    5.402E+00    4.047E-24     r       4.6
6.119E+08    2.984E-05    4.264E+25    2.782E+05    2.014E+09    5.403E-01    5.370E+00    4.958E-24     r       4.6
6.105E+08    3.245E-05    4.264E+25    2.838E+05    2.206E+09    5.802E-01    5.308E+00    7.396E-24     r       4.6
6.098E+08    3.382E-05    4.264E+25    2.866E+05    2.308E+09    6.011E-01    5.277E+00    9.006E-24     r       4.6
6.085E+08    3.669E-05    4.264E+25    2.922E+05    2.523E+09    6.444E-01    5.218E+00    1.327E-23     r       4.6
6.078E+08    3.820E-05    4.264E+25    2.951E+05    2.636E+09    6.670E-01    5.189E+00    1.606E-23     r       4.6
6.064E+08    4.137E-05    4.264E+25    3.007E+05    2.876E+09    7.141E-01    5.131E+00    2.340E-23     r       4.6
6.057E+08    4.303E-05    4.264E+25    3.036E+05    3.003E+09    7.386E-01    5.103E+00    2.817E-23     r       4.6
6.043E+08    4.651E-05    4.264E+25    3.093E+05    3.271E+09    7.896E-01    5.048E+00    4.059E-23     r       4.6
6.036E+08    4.834E-05    4.264E+25    3.121E+05    3.412E+09    8.161E-01    5.021E+00    4.860E-23     r       4.6
6.022E+08    5.216E-05    4.264E+25    3.179E+05    3.709E+09    8.712E-01    4.968E+00    6.932E-23     r       4.6
6.016E+08    5.415E-05    4.264E+25    3.207E+05    3.866E+09    8.999E-01    4.942E+00    8.258E-23     r       4.6
6.002E+08    5.833E-05    4.264E+25    3.265E+05    4.196E+09    9.594E-01    4.891E+00    1.167E-22     r       4.6
5.995E+08    6.052E-05    4.264E+25    3.294E+05    4.370E+09    9.903E-01    4.866E+00    1.383E-22     r       4.6
5.981E+08    6.508E-05    4.264E+25    3.352E+05    4.735E+09    1.055E+00    4.816E+00    1.936E-22     r       4.6
5.974E+08    6.746E-05    4.264E+25    3.382E+05    4.927E+09    1.088E+00    4.792E+00    2.285E-22     r       4.6
5.960E+08    7.244E-05    4.264E+25    3.440E+05    5.331E+09    1.157E+00    4.744E+00    3.170E-22     r       4.6
5.953E+08    7.504E-05    4.264E+25    3.470E+05    5.544E+09    1.193E+00    4.721E+00    3.726E-22     r       4.6
5.940E+08    8.045E-05    4.264E+25    3.529E+05    5.989E+09    1.267E+00    4.675E+00    5.127E-22     r       4.6
5.933E+08    8.327E-05    4.264E+25    3.558E+05    6.223E+09    1.306E+00    4.652E+00    6.002E-22     r       4.6
5.919E+08    8.916E-05    4.264E+25    3.618E+05    6.715E+09    1.386E+00    4.608E+00    8.193E-22     r       4.6
5.912E+08    9.222E-05    4.264E+25    3.648E+05    6.972E+09    1.427E+00    4.586E+00    9.555E-22     r       4.6
5.898E+08    9.860E-05    4.264E+25    3.707E+05    7.512E+09    1.513E+00    4.542E+00    1.294E-21     r       4.6
5.891E+08    1.019E-04    4.264E+25    3.737E+05    7.796E+09    1.557E+00    4.521E+00    1.504E-21     r       4.6
5.878E+08    1.088E-04    4.264E+25    3.798E+05    8.389E+09    1.649E+00    4.479E+00    2.023E-21     r       4.6
5.871E+08    1.124E-04    4.264E+25    3.828E+05    8.700E+09    1.697E+00    4.459E+00    2.342E-21     r       4.6
5.857E+08    1.199E-04    4.264E+25    3.889E+05    9.351E+09    1.795E+00    4.418E+00    3.129E-21     r       4.6
5.850E+08    1.238E-04    4.264E+25    3.919E+05    9.691E+09    1.846E+00    4.398E+00    3.611E-21     r       4.6
5.836E+08    1.319E-04    4.264E+25    3.980E+05    1.040E+10    1.952E+00    4.359E+00    4.793E-21     r       4.6
5.829E+08    1.361E-04    4.264E+25    4.011E+05    1.078E+10    2.006E+00    4.340E+00    5.513E-21     r       4.6
5.815E+08    1.448E-04    4.264E+25    4.073E+05    1.156E+10    2.119E+00    4.302E+00    7.271E-21     r       4.6
5.809E+08    1.493E-04    4.264E+25    4.104E+05    1.196E+10    2.177E+00    4.283E+00    8.338E-21     r       4.6
5.795E+08    1.587E-04    4.264E+25    4.166E+05    1.282E+10    2.297E+00    4.246E+00    1.093E-20     r       4.6
5.788E+08    1.635E-04    4.264E+25    4.197E+05    1.326E+10    2.359E+00    4.228E+00    1.250E-20     r       4.6
5.774E+08    1.736E-04    4.264E+25    4.259E+05    1.419E+10    2.487E+00    4.192E+00    1.629E-20     r       4.6
5.767E+08    1.788E-04    4.264E+25    4.291E+05    1.468E+10    2.554E+00    4.174E+00    1.858E-20     r       4.6
5.753E+08    1.897E-04    4.264E+25    4.354E+05    1.569E+10    2.690E+00    4.139E+00    2.409E-20     r       4.6
5.746E+08    1.953E-04    4.264E+25    4.385E+05    1.622E+10    2.761E+00    4.122E+00    2.739E-20     r       4.6
5.733E+08    2.069E-04    4.264E+25    4.449E+05    1.732E+10    2.907E+00    4.088E+00    3.532E-20     r       4.6
5.726E+08    2.129E-04    4.264E+25    4.481E+05    1.789E+10    2.982E+00    4.071E+00    4.007E-20     r       4.6
5.712E+08    2.254E-04    4.264E+25    4.544E+05    1.909E+10    3.137E+00    4.038E+00    5.141E-20     r       4.6
5.705E+08    2.318E-04    4.264E+25    4.576E+05    1.972E+10    3.217E+00    4.022E+00    5.817E-20     r       4.6
5.691E+08    2.451E-04    4.264E+25    4.641E+05    2.102E+10    3.382E+00    3.990E+00    7.428E-20     r       4.6
5.684E+08    2.520E-04    4.264E+25    4.673E+05    2.170E+10    3.467E+00    3.974E+00    8.384E-20     r       4.6
5.671E+08    2.663E-04    4.264E+25    4.738E+05    2.311E+10    3.642E+00    3.942E+00    1.066E-19     r       4.6
5.664E+08    2.737E-04    4.264E+25    4.771E+05    2.385E+10    3.732E+00    3.927E+00    1.200E-19     r       4.6
5.650E+08    2.889E-04    4.264E+25    4.836E+05    2.538E+10    3.919E+00    3.896E+00    1.518E-19     r       4.6
5.643E+08    2.968E-04    4.264E+25    4.869E+05    2.618E+10    4.014E+00    3.881E+00    1.706E-19     r       4.6
5.629E+08    3.131E-04    4.264E+25    4.934E+05    2.784E+10    4.212E+00    3.851E+00    2.150E-19     r       4.6
5.622E+08    3.215E-04    4.264E+25    4.967E+05    2.870E+10    4.314E+00    3.837E+00    2.411E-19     r       4.6
5.609E+08    3.388E-04    4.264E+25    5.034E+05    3.049E+10    4.523E+00    3.807E+00    3.024E-19     r       4.6
5.602E+08    3.478E-04    4.264E+25    5.067E+05    3.143E+10    4.631E+00    3.793E+00    3.384E-19     r       4.6
5.588E+08    3.663E-04    4.264E+25    5.134E+05    3.337E+10    4.853E+00    3.765E+00    4.229E-19     r       4.6
5.581E+08    3.758E-04    4.264E+25    5.167E+05    3.438E+10    4.968E+00    3.751E+00    4.724E-19     r       4.6
5.567E+08    3.955E-04    4.264E+25    5.235E+05    3.648E+10    5.203E+00    3.723E+00    5.880E-19     r       4.6
5.560E+08    4.056E-04    4.264E+25    5.268E+05    3.757E+10    5.324E+00    3.709E+00    6.555E-19     r       4.6
5.546E+08    4.265E-04    4.264E+25    5.336E+05    3.983E+10    5.573E+00    3.682E+00    8.130E-19     r       4.6
5.540E+08    4.373E-04    4.264E+25    5.370E+05    4.100E+10    5.701E+00    3.669E+00    9.046E-19     r       4.6
5.526E+08    4.596E-04    4.264E+25    5.439E+05    4.345E+10    5.965E+00    3.642E+00    1.118E-18     r       4.6
5.519E+08    4.710E-04    4.264E+25    5.473E+05    4.471E+10    6.101E+00    3.629E+00    1.242E-18     r       4.6
5.505E+08    4.946E-04    4.264E+25    5.542E+05    4.735E+10    6.380E+00    3.603E+00    1.529E-18     r       4.6
5.498E+08    5.068E-04    4.264E+25    5.576E+05    4.871E+10    6.523E+00    3.591E+00    1.696E-18     r       4.6
5.484E+08    5.318E-04    4.264E+25    5.646E+05    5.155E+10    6.818E+00    3.565E+00    2.081E-18     r       4.6
5.477E+08    5.447E-04    4.264E+25    5.680E+05    5.302E+10    6.969E+00    3.553E+00    2.304E-18     r       4.6
5.464E+08    5.713E-04    4.264E+25    5.750E+05    5.607E+10    7.281E+00    3.528E+00    2.819E-18     r       4.6
5.457E+08    5.849E-04    4.264E+25    5.785E+05    5.765E+10    7.441E+00    3.516E+00    3.115E-18     r       4.6
5.443E+08    6.130E-04    4.264E+25    5.856E+05    6.093E+10    7.769E+00    3.492E+00    3.800E-18     r       4.6
5.436E+08    6.275E-04    4.264E+25    5.891E+05    6.263E+10    7.938E+00    3.480E+00    4.193E-18     r       4.6
5.422E+08    6.573E-04    4.264E+25    5.962E+05    6.615E+10    8.285E+00    3.456E+00    5.099E-18     r       4.6
5.415E+08    6.726E-04    4.264E+25    5.998E+05    6.798E+10    8.464E+00    3.444E+00    5.618E-18     r       4.6
5.402E+08    7.041E-04    4.264E+25    6.069E+05    7.177E+10    8.830E+00    3.421E+00    6.811E-18     r       4.6
5.395E+08    7.203E-04    4.264E+25    6.105E+05    7.373E+10    9.018E+00    3.410E+00    7.495E-18     r       4.6
5.381E+08    7.536E-04    4.264E+25    6.177E+05    7.780E+10    9.404E+00    3.387E+00    9.061E-18     r       4.6
5.374E+08    7.707E-04    4.264E+25    6.213E+05    7.990E+10    9.602E+00    3.376E+00    9.956E-18     r       4.6
5.360E+08    8.059E-04    4.264E+25    6.286E+05    8.426E+10    1.001E+01    3.354E+00    1.200E-17     r       4.6
5.353E+08    8.239E-04    4.264E+25    6.323E+05    8.652E+10    1.022E+01    3.343E+00    1.317E-17     r       4.6
5.339E+08    8.611E-04    4.264E+25    6.396E+05    9.119E+10    1.065E+01    3.321E+00    1.584E-17     r       4.6
5.333E+08    8.801E-04    4.264E+25    6.432E+05    9.361E+10    1.087E+01    3.310E+00    1.736E-17     r       4.6
5.319E+08    9.193E-04    4.264E+25    6.506E+05    9.862E+10    1.132E+01    3.289E+00    2.082E-17     r       4.6
5.312E+08    9.394E-04    4.264E+25    6.543E+05    1.012E+11    1.155E+01    3.278E+00    2.278E-17     r       4.6
5.298E+08    9.807E-04    4.264E+25    6.618E+05    1.066E+11    1.203E+01    3.257E+00    2.726E-17     r       4.6
5.291E+08    1.002E-03    4.264E+25    6.655E+05    1.094E+11    1.227E+01    3.247E+00    2.980E-17     r       4.6
5.277E+08    1.045E-03    4.264E+25    6.730E+05    1.151E+11    1.277E+01    3.226E+00    3.556E-17     r       4.6
5.270E+08    1.068E-03    4.264E+25    6.768E+05    1.181E+11    1.303E+01    3.216E+00    3.883E-17     r       4.6
5.257E+08    1.114E-03    4.264E+25    6.843E+05    1.242E+11    1.355E+01    3.196E+00    4.623E-17     r       4.6
5.250E+08    1.137E-03    4.264E+25    6.881E+05    1.274E+11    1.382E+01    3.186E+00    5.042E-17     r       4.6
5.236E+08    1.185E-03    4.264E+25    6.957E+05    1.340E+11    1.438E+01    3.166E+00    5.989E-17     r       4.6
5.229E+08    1.210E-03    4.264E+25    6.995E+05    1.374E+11    1.466E+01    3.156E+00    6.524E-17     r       4.6
5.215E+08    1.261E-03    4.264E+25    7.072E+05    1.444E+11    1.524E+01    3.137E+00    7.733E-17     r       4.6
5.208E+08    1.287E-03    4.264E+25    7.111E+05    1.480E+11    1.554E+01    3.127E+00    8.415E-17     r       4.6
5.195E+08    1.340E-03    4.264E+25    7.188E+05    1.555E+11    1.615E+01    3.108E+00    9.953E-17     r       4.6
5.188E+08    1.368E-03    4.264E+25    7.227E+05    1.594E+11    1.647E+01    3.099E+00    1.082E-16     r       4.6
5.174E+08    1.424E-03    4.264E+25    7.305E+05    1.674E+11    1.711E+01    3.080E+00    1.277E-16     r       4.6
5.167E+08    1.453E-03    4.264E+25    7.344E+05    1.715E+11    1.744E+01    3.071E+00    1.387E-16     r       4.6
5.153E+08    1.512E-03    4.264E+25    7.423E+05    1.801E+11    1.812E+01    3.052E+00    1.633E-16     r       4.6
5.126E+08    1.635E-03    4.264E+25    7.581E+05    1.983E+11    1.953E+01    3.016E+00    2.257E-16     r       4.6
5.112E+08    1.700E-03    4.264E+25    7.661E+05    2.080E+11    2.028E+01    2.998E+00    2.648E-16     r       4.6
5.084E+08    1.837E-03    4.264E+25    7.822E+05    2.288E+11    2.184E+01    2.963E+00    3.632E-16     r       4.6
5.070E+08    1.908E-03    4.264E+25    7.903E+05    2.398E+11    2.266E+01    2.946E+00    4.246E-16     r       4.6
5.043E+08    2.058E-03    4.264E+25    8.067E+05    2.633E+11    2.438E+01    2.912E+00    5.781E-16     r       4.6
5.029E+08    2.136E-03    4.264E+25    8.150E+05    2.759E+11    2.528E+01    2.896E+00    6.734E-16     r       4.6
5.001E+08    2.300E-03    4.264E+25    8.316E+05    3.025E+11    2.717E+01    2.863E+00    9.108E-16     r       4.6
4.988E+08    2.386E-03    4.264E+25    8.400E+05    3.167E+11    2.816E+01    2.847E+00    1.057E-15     r       4.6
4.960E+08    2.566E-03    4.264E+25    8.569E+05    3.469E+11    3.023E+01    2.815E+00    1.421E-15     r       4.6
4.946E+08    2.660E-03    4.264E+25    8.655E+05    3.629E+11    3.132E+01    2.799E+00    1.644E-15     r       4.6
4.919E+08    2.857E-03    4.264E+25    8.827E+05    3.970E+11    3.359E+01    2.769E+00    2.196E-15     r       4.6
4.905E+08    2.959E-03    4.264E+25    8.914E+05    4.151E+11    3.478E+01    2.753E+00    2.534E-15     r       4.6
4.877E+08    3.174E-03    4.264E+25    9.089E+05    4.536E+11    3.727E+01    2.724E+00    3.364E-15     r       4.6
4.863E+08    3.286E-03    4.264E+25    9.177E+05    4.741E+11    3.858E+01    2.709E+00    3.871E-15     r       4.6
4.836E+08    3.520E-03    4.264E+25    9.355E+05    5.174E+11    4.131E+01    2.680E+00    5.111E-15     r       4.6
4.822E+08    3.642E-03    4.264E+25    9.445E+05    5.405E+11    4.274E+01    2.666E+00    5.864E-15     r       4.6
4.794E+08    3.896E-03    4.264E+25    9.626E+05    5.893E+11    4.572E+01    2.637E+00    7.702E-15     r       4.6
4.781E+08    4.029E-03    4.264E+25    9.717E+05    6.152E+11    4.728E+01    2.623E+00    8.815E-15     r       4.6
4.753E+08    4.306E-03    4.264E+25    9.901E+05    6.702E+11    5.055E+01    2.596E+00    1.152E-14     r       4.6
4.739E+08    4.450E-03    4.264E+25    9.994E+05    6.993E+11    5.226E+01    2.583E+00    1.315E-14     r       4.6
4.712E+08    4.750E-03    4.264E+25    1.018E+06    7.611E+11    5.582E+01    2.556E+00    1.710E-14     r       4.6
4.698E+08    4.907E-03    4.264E+25    1.028E+06    7.938E+11    5.769E+01    2.543E+00    1.948E-14     r       4.6
4.670E+08    5.233E-03    4.264E+25    1.047E+06    8.631E+11    6.158E+01    2.517E+00    2.521E-14     r       4.5
4.656E+08    5.402E-03    4.264E+25    1.056E+06    8.998E+11    6.362E+01    2.504E+00    2.865E-14     r       4.6
4.629E+08    5.755E-03    4.264E+25    1.076E+06    9.776E+11    6.787E+01    2.479E+00    3.692E-14     r       4.5
4.615E+08    5.938E-03    4.264E+25    1.086E+06    1.019E+12    7.009E+01    2.466E+00    4.187E-14     r       4.5
4.587E+08    6.320E-03    4.264E+25    1.105E+06    1.106E+12    7.472E+01    2.442E+00    5.373E-14     r       4.5
4.574E+08    6.518E-03    4.264E+25    1.115E+06    1.152E+12    7.714E+01    2.429E+00    6.080E-14     r       4.5
4.546E+08    6.931E-03    4.264E+25    1.135E+06    1.250E+12    8.219E+01    2.405E+00    7.771E-14     r       4.5
4.532E+08    7.145E-03    4.264E+25    1.146E+06    1.301E+12    8.483E+01    2.393E+00    8.777E-14     r       4.5
4.505E+08    7.590E-03    4.264E+25    1.166E+06    1.410E+12    9.033E+01    2.370E+00    1.117E-13     r       4.5
4.491E+08    7.821E-03    4.264E+25    1.176E+06    1.468E+12    9.320E+01    2.358E+00    1.260E-13     r       4.5
4.463E+08    8.301E-03    4.264E+25    1.197E+06    1.590E+12    9.919E+01    2.335E+00    1.598E-13     r       4.5
4.449E+08    8.551E-03    4.264E+25    1.208E+06    1.654E+12    1.023E+02    2.324E+00    1.798E-13     r       4.5
4.422E+08    9.068E-03    4.264E+25    1.229E+06    1.791E+12    1.088E+02    2.302E+00    2.273E-13     r       4.5
4.408E+08    9.336E-03    4.264E+25    1.240E+06    1.863E+12    1.122E+02    2.291E+00    2.553E-13     r       4.5
4.380E+08    9.893E-03    4.264E+25    1.261E+06    2.015E+12    1.193E+02    2.269E+00    3.216E-13     r       4.5
4.367E+08    1.018E-02    4.264E+25    1.272E+06    2.095E+12    1.230E+02    2.258E+00    3.607E-13     r       4.5
4.339E+08    1.078E-02    4.264E+25    1.294E+06    2.265E+12    1.307E+02    2.236E+00    4.529E-13     r       4.5
4.325E+08    1.109E-02    4.264E+25    1.305E+06    2.355E+12    1.347E+02    2.226E+00    5.070E-13     r       4.5
4.298E+08    1.173E-02    4.264E+25    1.328E+06    2.544E+12    1.431E+02    2.205E+00    6.347E-13     r       4.5
4.284E+08    1.207E-02    4.264E+25    1.339E+06    2.644E+12    1.475E+02    2.194E+00    7.095E-13     r       4.5
4.256E+08    1.276E-02    4.264E+25    1.362E+06    2.855E+12    1.566E+02    2.174E+00    8.854E-13     r       4.5
4.242E+08    1.311E-02    4.264E+25    1.374E+06    2.967E+12    1.613E+02    2.164E+00    9.884E-13     r       4.5
4.215E+08    1.385E-02    4.264E+25    1.397E+06    3.202E+12    1.712E+02    2.143E+00    1.230E-12     r       4.5
4.201E+08    1.424E-02    4.264E+25    1.409E+06    3.326E+12    1.763E+02    2.133E+00    1.371E-12     r       4.5
4.173E+08    1.503E-02    4.264E+25    1.432E+06    3.588E+12    1.871E+02    2.114E+00    1.701E-12     r       4.5
4.160E+08    1.544E-02    4.264E+25    1.444E+06    3.726E+12    1.926E+02    2.104E+00    1.894E-12     r       4.5
4.132E+08    1.629E-02    4.264E+25    1.469E+06    4.017E+12    2.043E+02    2.085E+00    2.343E-12     r       4.5
4.118E+08    1.673E-02    4.264E+25    1.481E+06    4.171E+12    2.103E+02    2.075E+00    2.605E-12     r       4.5
4.091E+08    1.764E-02    4.264E+25    1.506E+06    4.495E+12    2.230E+02    2.056E+00    3.216E-12     r       4.5
4.077E+08    1.811E-02    4.264E+25    1.518E+06    4.666E+12    2.295E+02    2.046E+00    3.570E-12     r       4.5
4.049E+08    1.908E-02    4.264E+25    1.543E+06    5.026E+12    2.432E+02    2.028E+00    4.396E-12     r       4.5
4.035E+08    1.958E-02    4.264E+25    1.556E+06    5.216E+12    2.504E+02    2.019E+00    4.875E-12     r       4.5
4.008E+08    2.062E-02    4.264E+25    1.582E+06    5.616E+12    2.652E+02    2.000E+00    5.988E-12     r       4.5
3.994E+08    2.116E-02    4.264E+25    1.595E+06    5.827E+12    2.729E+02    1.991E+00    6.633E-12     r       4.5
3.966E+08    2.226E-02    4.264E+25    1.621E+06    6.272E+12    2.890E+02    1.973E+00    8.128E-12     r       4.5
3.953E+08    2.284E-02    4.264E+25    1.634E+06    6.506E+12    2.974E+02    1.964E+00    8.993E-12     r       4.5
3.925E+08    2.402E-02    4.264E+25    1.661E+06    7.000E+12    3.148E+02    1.946E+00    1.100E-11     r       4.5
3.911E+08    2.463E-02    4.264E+25    1.674E+06    7.261E+12    3.239E+02    1.938E+00    1.215E-11     r       4.5
3.884E+08    2.589E-02    4.264E+25    1.701E+06    7.809E+12    3.428E+02    1.920E+00    1.483E-11     r       4.5
3.870E+08    2.654E-02    4.264E+25    1.715E+06    8.098E+12    3.526E+02    1.912E+00    1.637E-11     r       4.5
3.842E+08    2.788E-02    4.264E+25    1.743E+06    8.706E+12    3.731E+02    1.894E+00    1.993E-11     r       4.5
3.828E+08    2.858E-02    4.264E+25    1.757E+06    9.027E+12    3.837E+02    1.886E+00    2.198E-11     r       4.5
3.801E+08    3.001E-02    4.264E+25    1.785E+06    9.702E+12    4.058E+02    1.869E+00    2.671E-11     r       4.5
3.787E+08    3.075E-02    4.264E+25    1.800E+06    1.006E+13    4.174E+02    1.861E+00    2.943E-11     r       4.5
3.759E+08    3.227E-02    4.264E+25    1.829E+06    1.081E+13    4.413E+02    1.844E+00    3.569E-11     r       4.5
3.746E+08    3.305E-02    4.264E+25    1.843E+06    1.120E+13    4.538E+02    1.836E+00    3.929E-11     r       4.5
3.718E+08    3.467E-02    4.264E+25    1.873E+06    1.203E+13    4.798E+02    1.819E+00    4.756E-11     r       4.5
3.704E+08    3.551E-02    4.264E+25    1.888E+06    1.247E+13    4.932E+02    1.811E+00    5.230E-11     r       4.5
3.677E+08    3.723E-02    4.264E+25    1.918E+06    1.339E+13    5.213E+02    1.795E+00    6.320E-11     r       4.5
3.663E+08    3.811E-02    4.264E+25    1.933E+06    1.387E+13    5.359E+02    1.787E+00    6.944E-11     r       4.5
3.635E+08    3.994E-02    4.264E+25    1.964E+06    1.489E+13    5.663E+02    1.771E+00    8.375E-11     r       4.5
3.621E+08    4.088E-02    4.264E+25    1.980E+06    1.543E+13    5.821E+02    1.763E+00    9.194E-11     r       4.5
3.594E+08    4.282E-02    4.264E+25    2.011E+06    1.656E+13    6.149E+02    1.747E+00    1.107E-10     r       4.5
3.580E+08    4.382E-02    4.264E+25    2.027E+06    1.715E+13    6.320E+02    1.740E+00    1.214E-10     r       4.5
3.553E+08    4.588E-02    4.264E+25    2.059E+06    1.840E+13    6.675E+02    1.724E+00    1.460E-10     r       4.5
3.539E+08    4.694E-02    4.264E+25    2.075E+06    1.906E+13    6.860E+02    1.716E+00    1.600E-10     r       4.5
3.511E+08    4.912E-02    4.264E+25    2.108E+06    2.045E+13    7.244E+02    1.701E+00    1.920E-10     r       4.5
3.497E+08    5.024E-02    4.264E+25    2.125E+06    2.118E+13    7.444E+02    1.693E+00    2.103E-10     r       4.5
3.470E+08    5.255E-02    4.264E+25    2.158E+06    2.271E+13    7.859E+02    1.678E+00    2.520E-10     r       4.5
3.456E+08    5.374E-02    4.264E+25    2.175E+06    2.351E+13    8.075E+02    1.671E+00    2.757E-10     r       4.5
3.428E+08    5.619E-02    4.264E+25    2.209E+06    2.521E+13    8.523E+02    1.656E+00    3.299E-10     r       4.5
3.415E+08    5.745E-02    4.264E+25    2.227E+06    2.610E+13    8.756E+02    1.648E+00    3.607E-10     r       4.5
3.387E+08    6.004E-02    4.264E+25    2.262E+06    2.798E+13    9.241E+02    1.633E+00    4.309E-10     r       4.5
3.373E+08    6.137E-02    4.264E+25    2.279E+06    2.897E+13    9.493E+02    1.626E+00    4.708E-10     r       4.5
3.346E+08    6.412E-02    4.264E+25    2.315E+06    3.105E+13    1.002E+03    1.611E+00    5.617E-10     r       4.5
3.332E+08    6.553E-02    4.264E+25    2.333E+06    3.214E+13    1.029E+03    1.604E+00    6.133E-10     r       4.4
3.304E+08    6.842E-02    4.264E+25    2.370E+06    3.444E+13    1.085E+03    1.589E+00    7.306E-10     r       4.4
3.290E+08    6.991E-02    4.264E+25    2.388E+06    3.564E+13    1.115E+03    1.582E+00    7.971E-10     r       4.4
3.263E+08    7.297E-02    4.264E+25    2.425E+06    3.818E+13    1.176E+03    1.568E+00    9.483E-10     r       4.4
3.249E+08    7.455E-02    4.264E+25    2.444E+06    3.952E+13    1.208E+03    1.561E+00    1.034E-09     r       4.4
3.221E+08    7.778E-02    4.264E+25    2.482E+06    4.233E+13    1.274E+03    1.546E+00    1.228E-09     r       4.4
3.208E+08    7.944E-02    4.264E+25    2.502E+06    4.380E+13    1.308E+03    1.539E+00    1.338E-09     r       4.4
3.180E+08    8.285E-02    4.264E+25    2.541E+06    4.690E+13    1.379E+03    1.525E+00    1.588E-09     r       4.4
3.166E+08    8.460E-02    4.264E+25    2.560E+06    4.853E+13    1.416E+03    1.518E+00    1.729E-09     r       4.4
3.139E+08    8.820E-02    4.264E+25    2.600E+06    5.196E+13    1.493E+03    1.504E+00    2.049E-09     r       4.4
3.125E+08    9.005E-02    4.264E+25    2.620E+06    5.376E+13    1.532E+03    1.497E+00    2.230E-09     r       4.4
3.097E+08    9.384E-02    4.264E+25    2.661E+06    5.755E+13    1.615E+03    1.483E+00    2.639E-09     r       4.4
3.083E+08    9.579E-02    4.264E+25    2.682E+06    5.954E+13    1.658E+03    1.476E+00    2.870E-09     r       4.4
3.056E+08    9.978E-02    4.264E+25    2.723E+06    6.372E+13    1.748E+03    1.463E+00    3.392E-09     r       4.4
3.042E+08    1.018E-01    4.264E+25    2.744E+06    6.591E+13    1.794E+03    1.456E+00    3.687E-09     r       4.4
3.014E+08    1.060E-01    4.264E+25    2.787E+06    7.053E+13    1.890E+03    1.442E+00    4.352E-09     r       4.4
3.001E+08    1.082E-01    4.264E+25    2.809E+06    7.295E+13    1.940E+03    1.435E+00    4.727E-09     r       4.4
2.973E+08    1.126E-01    4.264E+25    2.852E+06    7.805E+13    2.044E+03    1.422E+00    5.574E-09     r       4.4
2.959E+08    1.149E-01    4.264E+25    2.874E+06    8.072E+13    2.098E+03    1.415E+00    6.051E-09     r       4.4
2.932E+08    1.195E-01    4.264E+25    2.919E+06    8.634E+13    2.210E+03    1.401E+00    7.126E-09     r       4.4
2.918E+08    1.219E-01    4.264E+25    2.941E+06    8.929E+13    2.268E+03    1.394E+00    7.730E-09     r       4.4
2.890E+08    1.268E-01    4.264E+25    2.987E+06    9.549E+13    2.388E+03    1.381E+00    9.093E-09     r       4.4
2.876E+08    1.293E-01    4.264E+25    3.010E+06    9.874E+13    2.450E+03    1.374E+00    9.859E-09     r       4.4
2.849E+08    1.345E-01    4.264E+25    3.056E+06    1.056E+14    2.580E+03    1.361E+00    1.158E-08     r       4.4
2.835E+08    1.371E-01    4.264E+25    3.080E+06    1.092E+14    2.647E+03    1.354E+00    1.255E-08     r       4.4
2.807E+08    1.425E-01    4.264E+25    3.127E+06    1.167E+14    2.787E+03    1.341E+00    1.473E-08     r       4.3
2.794E+08    1.452E-01    4.264E+25    3.152E+06    1.206E+14    2.859E+03    1.334E+00    1.595E-08     r       4.3
2.766E+08    1.509E-01    4.264E+25    3.200E+06    1.289E+14    3.009E+03    1.321E+00    1.870E-08     r       4.3
2.752E+08    1.538E-01    4.264E+25    3.225E+06    1.333E+14    3.087E+03    1.314E+00    2.024E-08     r       4.3
2.725E+08    1.597E-01    4.264E+25    3.275E+06    1.424E+14    3.248E+03    1.301E+00    2.370E-08     r       4.3
2.711E+08    1.627E-01    4.264E+25    3.300E+06    1.472E+14    3.332E+03    1.295E+00    2.564E-08     r       4.3
2.683E+08    1.689E-01    4.264E+25    3.351E+06    1.573E+14    3.505E+03    1.281E+00    2.998E-08     r       4.3
2.669E+08    1.721E-01    4.264E+25    3.377E+06    1.625E+14    3.595E+03    1.275E+00    3.241E-08     r       4.3
2.642E+08    1.785E-01    4.264E+25    3.429E+06    1.736E+14    3.781E+03    1.262E+00    3.786E-08     r       4.3
2.628E+08    1.818E-01    4.264E+25    3.455E+06    1.794E+14    3.878E+03    1.255E+00    4.091E-08     r       4.3
2.600E+08    1.886E-01    4.264E+25    3.508E+06    1.915E+14    4.078E+03    1.242E+00    4.773E-08     r       4.3
2.587E+08    1.921E-01    4.264E+25    3.535E+06    1.979E+14    4.181E+03    1.236E+00    5.155E-08     r       4.3
2.559E+08    1.991E-01    4.264E+25    3.590E+06    2.113E+14    4.396E+03    1.223E+00    6.007E-08     r       4.3
2.545E+08    2.027E-01    4.264E+25    3.617E+06    2.183E+14    4.507E+03    1.216E+00    6.483E-08     r       4.3
2.518E+08    2.101E-01    4.264E+25    3.673E+06    2.330E+14    4.737E+03    1.203E+00    7.547E-08     r       4.3
2.504E+08    2.139E-01    4.264E+25    3.701E+06    2.406E+14    4.856E+03    1.196E+00    8.140E-08     r       4.2
2.476E+08    2.216E-01    4.264E+25    3.758E+06    2.567E+14    5.102E+03    1.183E+00    9.465E-08     r       4.2
2.462E+08    2.255E-01    4.264E+25    3.787E+06    2.652E+14    5.230E+03    1.177E+00    1.020E-07     r       4.2
2.435E+08    2.335E-01    4.263E+25    3.846E+06    2.828E+14    5.494E+03    1.164E+00    1.185E-07     r       4.2
2.421E+08    2.376E-01    4.263E+25    3.875E+06    2.921E+14    5.630E+03    1.157E+00    1.277E-07     r       4.2
2.393E+08    2.459E-01    4.263E+25    3.935E+06    3.115E+14    5.913E+03    1.144E+00    1.481E-07     r       4.2
2.380E+08    2.502E-01    4.263E+25    3.965E+06    3.216E+14    6.059E+03    1.138E+00    1.594E-07     r       4.2
2.352E+08    2.588E-01    4.263E+25    4.026E+06    3.428E+14    6.360E+03    1.125E+00    1.847E-07     r       4.2
2.338E+08    2.632E-01    4.263E+25    4.056E+06    3.539E+14    6.516E+03    1.119E+00    1.987E-07     r       4.2
2.311E+08    2.722E-01    4.262E+25    4.119E+06    3.771E+14    6.839E+03    1.106E+00    2.299E-07     r       4.2
2.297E+08    2.768E-01    4.262E+25    4.150E+06    3.892E+14    7.005E+03    1.099E+00    2.473E-07     r       4.2
2.269E+08    2.861E-01    4.262E+25    4.214E+06    4.146E+14    7.349E+03    1.086E+00    2.857E-07     r       4.1
2.255E+08    2.908E-01    4.262E+25    4.246E+06    4.278E+14    7.526E+03    1.080E+00    3.071E-07     r       4.1
2.228E+08    3.005E-01    4.261E+25    4.311E+06    4.556E+14    7.893E+03    1.067E+00    3.544E-07     r       4.1
2.214E+08    3.054E-01    4.261E+25    4.344E+06    4.700E+14    8.082E+03    1.060E+00    3.806E-07     r       4.1
2.186E+08    3.154E-01    4.261E+25    4.410E+06    5.003E+14    8.472E+03    1.047E+00    4.387E-07     r       4.1
2.173E+08    3.204E-01    4.260E+25    4.444E+06    5.160E+14    8.673E+03    1.041E+00    4.708E-07     r       4.1
2.145E+08    3.307E-01    4.259E+25    4.512E+06    5.490E+14    9.088E+03    1.028E+00    5.420E-07     r       4.1
2.131E+08    3.360E-01    4.259E+25    4.546E+06    5.662E+14    9.302E+03    1.021E+00    5.813E-07     r       4.1
2.104E+08    3.466E-01    4.258E+25    4.616E+06    6.020E+14    9.743E+03    1.008E+00    6.682E-07     r       4.1
2.090E+08    3.520E-01    4.258E+25    4.651E+06    6.207E+14    9.970E+03    1.002E+00    7.161E-07     r       4.0
2.062E+08    3.630E-01    4.256E+25    4.721E+06    6.597E+14    1.044E+04    9.888E-01    8.221E-07     r       4.0
2.048E+08    3.685E-01    4.256E+25    4.757E+06    6.801E+14    1.068E+04    9.823E-01    8.804E-07     r       4.0
2.021E+08    3.798E-01    4.254E+25    4.829E+06    7.224E+14    1.117E+04    9.694E-01    1.009E-06     r       4.0
2.007E+08    3.855E-01    4.253E+25    4.866E+06    7.445E+14    1.143E+04    9.629E-01    1.080E-06     r       4.0
1.979E+08    3.970E-01    4.252E+25    4.940E+06    7.904E+14    1.195E+04    9.499E-01    1.236E-06     r       4.0
1.966E+08    4.029E-01    4.251E+25    4.977E+06    8.143E+14    1.222E+04    9.434E-01    1.322E-06     r       4.0
1.938E+08    4.148E-01    4.248E+25    5.052E+06    8.640E+14    1.277E+04    9.304E-01    1.511E-06     r       4.0
1.924E+08    4.208E-01    4.247E+25    5.090E+06    8.899E+14    1.306E+04    9.239E-01    1.614E-06     r       3.9
1.897E+08    4.329E-01    4.244E+25    5.167E+06    9.436E+14    1.364E+04    9.109E-01    1.842E-06     r       3.9
1.883E+08    4.390E-01    4.242E+25    5.205E+06    9.715E+14    1.394E+04    9.044E-01    1.967E-06     r       3.9
1.855E+08    4.514E-01    4.239E+25    5.284E+06    1.030E+15    1.455E+04    8.914E-01    2.241E-06     r       3.9
1.841E+08    4.577E-01    4.237E+25    5.323E+06    1.060E+15    1.487E+04    8.849E-01    2.390E-06     r       3.9
1.814E+08    4.703E-01    4.232E+25    5.403E+06    1.122E+15    1.551E+04    8.719E-01    2.718E-06     r       3.9
1.800E+08    4.767E-01    4.230E+25    5.443E+06    1.155E+15    1.584E+04    8.655E-01    2.898E-06     r       3.8
1.772E+08    4.896E-01    4.224E+25    5.524E+06    1.222E+15    1.652E+04    8.525E-01    3.290E-06     r       3.8
1.759E+08    4.960E-01    4.221E+25    5.565E+06    1.257E+15    1.687E+04    8.460E-01    3.504E-06     r       3.8
1.731E+08    5.091E-01    4.214E+25    5.647E+06    1.329E+15    1.757E+04    8.331E-01    3.971E-06     r       3.8
1.717E+08    5.157E-01    4.211E+25    5.689E+06    1.366E+15    1.794E+04    8.267E-01    4.226E-06     r       3.8
1.690E+08    5.289E-01    4.202E+25    5.773E+06    1.443E+15    1.867E+04    8.138E-01    4.780E-06     r       3.8
1.676E+08    5.355E-01    4.198E+25    5.815E+06    1.483E+15    1.905E+04    8.073E-01    5.082E-06     r       3.7
1.648E+08    5.489E-01    4.188E+25    5.901E+06    1.566E+15    1.982E+04    7.945E-01    5.739E-06     r       3.7
1.634E+08    5.556E-01    4.182E+25    5.944E+06    1.609E+15    2.021E+04    7.881E-01    6.095E-06     r       3.7
1.607E+08    5.691E-01    4.170E+25    6.030E+06    1.697E+15    2.101E+04    7.753E-01    6.869E-06     r       3.7
1.593E+08    5.759E-01    4.163E+25    6.074E+06    1.742E+15    2.142E+04    7.689E-01    7.288E-06     r       3.7
1.565E+08    5.894E-01    4.149E+25    6.162E+06    1.836E+15    2.225E+04    7.562E-01    8.197E-06     r       3.6
1.552E+08    5.962E-01    4.141E+25    6.206E+06    1.884E+15    2.267E+04    7.499E-01    8.689E-06     r       3.6
1.524E+08    6.098E-01    4.123E+25    6.296E+06    1.983E+15    2.353E+04    7.372E-01    9.752E-06     r       3.6
1.510E+08    6.167E-01    4.114E+25    6.340E+06    2.035E+15    2.397E+04    7.310E-01    1.033E-05     r       3.6
1.483E+08    6.303E-01    4.093E+25    6.431E+06    2.140E+15    2.485E+04    7.184E-01    1.157E-05     r       3.6
1.469E+08    6.371E-01    4.082E+25    6.476E+06    2.194E+15    2.530E+04    7.122E-01    1.223E-05     r       3.5
1.441E+08    6.506E-01    4.057E+25    6.568E+06    2.305E+15    2.621E+04    6.998E-01    1.367E-05     r       3.5
1.428E+08    6.574E-01    4.044E+25    6.614E+06    2.362E+15    2.667E+04    6.937E-01    1.444E-05     r       3.5
1.400E+08    6.709E-01    4.015E+25    6.706E+06    2.479E+15    2.761E+04    6.814E-01    1.611E-05     r       3.5
1.372E+08    6.844E-01    3.984E+25    6.799E+06    2.600E+15    2.856E+04    6.693E-01    1.793E-05     r       3.5
1.345E+08    6.977E-01    3.948E+25    6.893E+06    2.724E+15    2.952E+04    6.573E-01    1.993E-05     r       3.4
1.317E+08    7.110E-01    3.910E+25    6.987E+06    2.853E+15    3.049E+04    6.454E-01    2.212E-05     r       3.4
1.290E+08    7.241E-01    3.867E+25    7.082E+06    2.985E+15    3.148E+04    6.336E-01    2.450E-05     r       3.4
1.262E+08    7.370E-01    3.821E+25    7.177E+06    3.121E+15    3.248E+04    6.219E-01    2.710E-05     r       3.3
1.234E+08    7.498E-01    3.770E+25    7.272E+06    3.260E+15    3.348E+04    6.105E-01    2.993E-05     r       3.3
1.207E+08    7.624E-01    3.715E+25    7.368E+06    3.402E+15    3.449E+04    5.991E-01    3.299E-05     r       3.3
1.193E+08    7.687E-01    3.685E+25    7.416E+06    3.475E+15    3.500E+04    5.935E-01    3.461E-05     r       3.3
1.179E+08    7.748E-01    3.655E+25    7.464E+06    3.548E+15    3.551E+04    5.880E-01    3.630E-05     r       3.2
1.165E+08    7.810E-01    3.623E+25    7.512E+06    3.622E+15    3.602E+04    5.825E-01    3.806E-05     r       3.2
1.152E+08    7.870E-01    3.590E+25    7.560E+06    3.697E+15    3.653E+04    5.770E-01    3.987E-05     r       3.2
1.138E+08    7.930E-01    3.556E+25    7.608E+06    3.773E+15    3.704E+04    5.716E-01    4.176E-05     r       3.2
1.124E+08    7.990E-01    3.521E+25    7.656E+06    3.849E+15    3.755E+04    5.662E-01    4.372E-05     r       3.2
1.110E+08    8.048E-01    3.484E+25    7.703E+06    3.926E+15    3.807E+04    5.609E-01    4.575E-05     r       3.2
1.096E+08    8.106E-01    3.446E+25    7.751E+06    4.004E+15    3.858E+04    5.556E-01    4.785E-05     r       3.2
1.083E+08    8.164E-01    3.407E+25    7.799E+06    4.082E+15    3.909E+04    5.504E-01    5.002E-05     r       3.1
1.069E+08    8.221E-01    3.367E+25    7.847E+06    4.161E+15    3.960E+04    5.452E-01    5.226E-05     r       3.1
1.055E+08    8.277E-01    3.325E+25    7.895E+06    4.240E+15    4.011E+04    5.401E-01    5.459E-05     r       3.1
1.041E+08    8.332E-01    3.282E+25    7.943E+06    4.320E+15    4.062E+04    5.350E-01    5.698E-05     r       3.1
1.027E+08    8.386E-01    3.238E+25    7.990E+06    4.400E+15    4.113E+04    5.300E-01    5.946E-05     r       3.1
1.014E+08    8.440E-01    3.193E+25    8.038E+06    4.481E+15    4.164E+04    5.250E-01    6.201E-05     r       3.1
9.998E+07    8.493E-01    3.146E+25    8.085E+06    4.563E+15    4.215E+04    5.201E-01    6.464E-05     r       3.1
9.860E+07    8.545E-01    3.099E+25    8.133E+06    4.644E+15    4.265E+04    5.152E-01    6.735E-05     r       3.0
9.722E+07    8.596E-01    3.050E+25    8.180E+06    4.726E+15    4.316E+04    5.104E-01    7.013E-05     r       3.0
9.584E+07    8.646E-01    2.999E+25    8.227E+06    4.809E+15    4.366E+04    5.056E-01    7.300E-05     r       3.0
9.446E+07    8.696E-01    2.948E+25    8.274E+06    4.891E+15    4.415E+04    5.009E-01    7.595E-05     r       3.0
9.308E+07    8.744E-01    2.896E+25    8.321E+06    4.974E+15    4.465E+04    4.963E-01    7.897E-05     r       3.0
9.170E+07    8.792E-01    2.842E+25    8.367E+06    5.057E+15    4.514E+04    4.917E-01    8.208E-05     r       3.0
9.032E+07    8.839E-01    2.788E+25    8.414E+06    5.140E+15    4.563E+04    4.872E-01    8.526E-05     r       3.0
8.894E+07    8.885E-01    2.732E+25    8.460E+06    5.224E+15    4.612E+04    4.827E-01    8.852E-05     r       2.9
8.756E+07    8.930E-01    2.676E+25    8.506E+06    5.307E+15    4.660E+04    4.783E-01    9.186E-05     r       2.9
8.618E+07    8.974E-01    2.618E+25    8.552E+06    5.391E+15    4.708E+04    4.739E-01    9.528E-05     r       2.9
8.480E+07    9.017E-01    2.560E+25    8.597E+06    5.474E+15    4.755E+04    4.696E-01    9.878E-05     r       2.9
8.342E+07    9.059E-01    2.501E+25    8.643E+06    5.557E+15    4.803E+04    4.654E-01    1.024E-04     r       2.9
8.204E+07    9.100E-01    2.441E+25    8.688E+06    5.640E+15    4.849E+04    4.612E-01    1.060E-04     r       2.9
8.066E+07    9.140E-01    2.381E+25    8.732E+06    5.723E+15    4.895E+04    4.570E-01    1.097E-04     r       2.8
7.928E+07    9.180E-01    2.320E+25    8.777E+06    5.806E+15    4.941E+04    4.529E-01    1.135E-04     r       2.8
7.790E+07    9.218E-01    2.259E+25    8.821E+06    5.889E+15    4.986E+04    4.489E-01    1.174E-04     r       2.8
7.652E+07    9.255E-01    2.197E+25    8.865E+06    5.971E+15    5.031E+04    4.450E-01    1.213E-04     r       2.8
7.376E+07    9.326E-01    2.073E+25    8.952E+06    6.134E+15    5.118E+04    4.372E-01    1.294E-04     r       2.8
7.238E+07    9.360E-01    2.010E+25    8.995E+06    6.216E+15    5.161E+04    4.334E-01    1.335E-04     r       2.7
7.169E+07    9.377E-01    1.979E+25    9.016E+06    6.256E+15    5.182E+04    4.315E-01    1.356E-04     r       2.7
7.031E+07    9.410E-01    1.916E+25    9.059E+06    6.336E+15    5.224E+04    4.278E-01    1.398E-04     r       2.7
6.962E+07    9.426E-01    1.885E+25    9.080E+06    6.376E+15    5.245E+04    4.259E-01    1.419E-04     r       2.7
6.824E+07    9.457E-01    1.822E+25    9.122E+06    6.455E+15    5.285E+04    4.223E-01    1.462E-04     r       2.7
6.755E+07    9.472E-01    1.791E+25    9.143E+06    6.495E+15    5.306E+04    4.205E-01    1.484E-04     r       2.7
6.617E+07    9.502E-01    1.729E+25    9.184E+06    6.573E+15    5.345E+04    4.169E-01    1.528E-04     r       2.7
6.548E+07    9.516E-01    1.698E+25    9.205E+06    6.612E+15    5.365E+04    4.151E-01    1.550E-04     r       2.6
6.410E+07    9.544E-01    1.637E+25    9.246E+06    6.689E+15    5.404E+04    4.116E-01    1.595E-04     r       2.6
6.341E+07    9.558E-01    1.606E+25    9.266E+06    6.728E+15    5.423E+04    4.099E-01    1.617E-04     r       2.6
6.203E+07    9.585E-01    1.545E+25    9.306E+06    6.804E+15    5.460E+04    4.064E-01    1.662E-04     r       2.6
6.134E+07    9.598E-01    1.515E+25    9.326E+06    6.841E+15    5.479E+04    4.047E-01    1.685E-04     r       2.6
5.996E+07    9.623E-01    1.455E+25    9.366E+06    6.916E+15    5.515E+04    4.014E-01    1.731E-04     r       2.6
5.927E+07    9.635E-01    1.425E+25    9.386E+06    6.953E+15    5.533E+04    3.997E-01    1.754E-04     r       2.5
5.789E+07    9.659E-01    1.367E+25    9.425E+06    7.026E+15    5.568E+04    3.964E-01    1.800E-04     r       2.5
5.720E+07    9.670E-01    1.338E+25    9.444E+06    7.062E+15    5.585E+04    3.948E-01    1.823E-04     r       2.5
5.582E+07    9.693E-01    1.280E+25    9.483E+06    7.134E+15    5.619E+04    3.916E-01    1.870E-04     r       2.5
5.513E+07    9.703E-01    1.252E+25    9.502E+06    7.169E+15    5.635E+04    3.900E-01    1.893E-04     r       2.5
5.375E+07    9.724E-01    1.197E+25    9.539E+06    7.239E+15    5.668E+04    3.869E-01    1.940E-04     r       2.5
5.306E+07    9.734E-01    1.169E+25    9.558E+06    7.274E+15    5.684E+04    3.854E-01    1.963E-04     r       2.5
5.168E+07    9.754E-01    1.115E+25    9.594E+06    7.342E+15    5.716E+04    3.824E-01    2.010E-04     r       2.5
5.099E+07    9.763E-01    1.089E+25    9.612E+06    7.376E+15    5.731E+04    3.810E-01    2.033E-04     r       2.4
4.961E+07    9.781E-01    1.037E+25    9.647E+06    7.442E+15    5.761E+04    3.781E-01    2.079E-04     r       2.4
4.892E+07    9.790E-01    1.012E+25    9.665E+06    7.475E+15    5.776E+04    3.767E-01    2.102E-04     r       2.4
4.754E+07    9.807E-01    9.620E+24    9.699E+06    7.539E+15    5.805E+04    3.740E-01    2.149E-04     r       2.4
4.685E+07    9.815E-01    9.378E+24    9.716E+06    7.571E+15    5.819E+04    3.726E-01    2.172E-04     r       2.4
4.547E+07    9.830E-01    8.905E+24    9.750E+06    7.633E+15    5.847E+04    3.700E-01    2.217E-04     r       2.4
4.478E+07    9.838E-01    8.674E+24    9.766E+06    7.663E+15    5.861E+04    3.687E-01    2.240E-04     r       2.4
4.340E+07    9.852E-01    8.226E+24    9.799E+06    7.724E+15    5.887E+04    3.661E-01    2.286E-04     r       2.4
4.271E+07    9.859E-01    8.009E+24    9.815E+06    7.753E+15    5.900E+04    3.648E-01    2.308E-04     r       2.3
4.133E+07    9.872E-01    7.587E+24    9.846E+06    7.811E+15    5.925E+04    3.623E-01    2.353E-04     r       2.3
4.064E+07    9.878E-01    7.383E+24    9.862E+06    7.839E+15    5.937E+04    3.611E-01    2.375E-04     r       2.3
3.926E+07    9.890E-01    6.988E+24    9.892E+06    7.895E+15    5.960E+04    3.587E-01    2.419E-04     r       2.3
3.857E+07    9.895E-01    6.798E+24    9.908E+06    7.922E+15    5.972E+04    3.575E-01    2.441E-04     r       2.2
3.823E+07    9.898E-01    6.704E+24    9.914E+06    7.935E+15    5.978E+04    3.570E-01    2.452E-04     r       2.5
3.754E+07    9.903E-01    6.521E+24    9.929E+06    7.962E+15    5.989E+04    3.558E-01    2.473E-04     r       2.2
3.719E+07    9.906E-01    6.431E+24    9.936E+06    7.975E+15    5.994E+04    3.554E-01    2.483E-04     r       2.5
3.650E+07    9.911E-01    6.255E+24    9.950E+06    8.001E+15    6.005E+04    3.542E-01    2.505E-04     r       2.2
3.616E+07    9.914E-01    6.168E+24    9.957E+06    8.013E+15    6.011E+04    3.537E-01    2.515E-04     r       2.5
3.547E+07    9.918E-01    6.000E+24    9.971E+06    8.039E+15    6.021E+04    3.526E-01    2.536E-04     r       2.2
3.512E+07    9.921E-01    5.917E+24    9.978E+06    8.051E+15    6.026E+04    3.522E-01    2.546E-04     r       2.5
3.443E+07    9.925E-01    5.755E+24    9.992E+06    8.076E+15    6.036E+04    3.510E-01    2.567E-04     r       2.1
3.409E+07    9.927E-01    5.676E+24    9.998E+06    8.088E+15    6.042E+04    3.506E-01    2.577E-04     r       2.5
3.340E+07    9.932E-01    5.522E+24    1.001E+07    8.112E+15    6.051E+04    3.494E-01    2.598E-04     r       2.1
3.305E+07    9.934E-01    5.446E+24    1.002E+07    8.124E+15    6.056E+04    3.490E-01    2.607E-04     r       2.5
3.236E+07    9.938E-01    5.299E+24    1.003E+07    8.147E+15    6.065E+04    3.479E-01    2.628E-04     r       2.0
3.202E+07    9.940E-01    5.227E+24    1.004E+07    8.158E+15    6.070E+04    3.475E-01    2.637E-04     r       2.5
3.133E+07    9.944E-01    5.088E+24    1.005E+07    8.181E+15    6.079E+04    3.464E-01    2.658E-04     r       2.0
3.098E+07    9.945E-01    5.020E+24    1.006E+07    8.192E+15    6.084E+04    3.460E-01    2.667E-04     r       2.5
3.029E+07    9.949E-01    4.887E+24    1.007E+07    8.214E+15    6.092E+04    3.449E-01    2.687E-04     r       2.0
2.995E+07    9.951E-01    4.822E+24    1.008E+07    8.225E+15    6.096E+04    3.445E-01    2.696E-04     r       2.5
2.926E+07    9.954E-01    4.697E+24    1.009E+07    8.246E+15    6.104E+04    3.434E-01    2.716E-04     r       1.9
2.891E+07    9.956E-01    4.636E+24    1.009E+07    8.257E+15    6.108E+04    3.430E-01    2.724E-04     r       2.5
2.822E+07    9.959E-01    4.518E+24    1.011E+07    8.277E+15    6.115E+04    3.419E-01    2.745E-04     r       1.8
2.788E+07    9.960E-01    4.460E+24    1.011E+07    8.287E+15    6.120E+04    3.416E-01    2.753E-04     r       2.5
2.719E+07    9.963E-01    4.349E+24    1.013E+07    8.307E+15    6.126E+04    3.404E-01    2.773E-04     r       1.8
2.684E+07    9.965E-01    4.295E+24    1.013E+07    8.317E+15    6.131E+04    3.401E-01    2.781E-04     r       2.5
2.615E+07    9.967E-01    4.191E+24    1.015E+07    8.336E+15    6.136E+04    3.389E-01    2.801E-04     r       1.7
2.581E+07    9.969E-01    4.141E+24    1.015E+07    8.345E+15    6.141E+04    3.386E-01    2.808E-04     r       2.5
2.512E+07    9.971E-01    4.044E+24    1.016E+07    8.363E+15    6.146E+04    3.374E-01    2.828E-04     c       1.6
2.477E+07    9.972E-01    3.997E+24    1.017E+07    8.372E+15    6.150E+04    3.372E-01    2.836E-04     r       2.5
2.408E+07    9.975E-01    3.906E+24    1.018E+07    8.390E+15    6.154E+04    3.359E-01    2.855E-04     c       1.6
2.374E+07    9.976E-01    3.862E+24    1.019E+07    8.399E+15    6.158E+04    3.357E-01    2.863E-04     r       2.5
2.305E+07    9.978E-01    3.778E+24    1.019E+07    8.415E+15    6.166E+04    3.351E-01    2.877E-04     r       2.5
2.270E+07    9.979E-01    3.738E+24    1.020E+07    8.424E+15    6.169E+04    3.349E-01    2.884E-04     r       2.5
2.201E+07    9.981E-01    3.661E+24    1.021E+07    8.440E+15    6.176E+04    3.344E-01    2.897E-04     r       2.5
2.167E+07    9.982E-01    3.624E+24    1.021E+07    8.448E+15    6.180E+04    3.341E-01    2.904E-04     r       2.5
2.098E+07    9.983E-01    3.553E+24    1.022E+07    8.463E+15    6.186E+04    3.337E-01    2.917E-04     r       2.5
2.063E+07    9.984E-01    3.519E+24    1.022E+07    8.470E+15    6.190E+04    3.334E-01    2.923E-04     r       2.5
1.994E+07    9.986E-01    3.454E+24    1.023E+07    8.485E+15    6.196E+04    3.330E-01    2.935E-04     r       2.5
1.960E+07    9.986E-01    3.423E+24    1.023E+07    8.492E+15    6.199E+04    3.328E-01    2.941E-04     r       2.5
1.943E+07    9.987E-01    3.408E+24    1.023E+07    8.495E+15    6.201E+04    3.327E-01    2.944E-04     r       2.5
1.908E+07    9.988E-01    3.379E+24    1.024E+07    8.502E+15    6.204E+04    3.324E-01    2.950E-04     r       2.5
1.891E+07    9.988E-01    3.365E+24    1.024E+07    8.506E+15    6.205E+04    3.323E-01    2.953E-04     r       2.5
1.856E+07    9.989E-01    3.337E+24    1.024E+07    8.512E+15    6.208E+04    3.321E-01    2.959E-04     r       2.5
1.839E+07    9.989E-01    3.323E+24    1.024E+07    8.516E+15    6.210E+04    3.320E-01    2.961E-04     r       2.5
1.805E+07    9.990E-01    3.297E+24    1.025E+07    8.522E+15    6.212E+04    3.318E-01    2.967E-04     r       2.5
1.787E+07    9.990E-01    3.284E+24    1.025E+07    8.525E+15    6.214E+04    3.317E-01    2.970E-04     r       2.5
1.753E+07    9.990E-01    3.259E+24    1.025E+07    8.532E+15    6.217E+04    3.316E-01    2.975E-04     r       2.5
1.736E+07    9.991E-01    3.246E+24    1.025E+07    8.535E+15    6.218E+04    3.315E-01    2.977E-04     r       2.5
1.701E+07    9.991E-01    3.223E+24    1.025E+07    8.541E+15    6.220E+04    3.313E-01    2.983E-04     r       2.5
1.684E+07    9.992E-01    3.211E+24    1.026E+07    8.544E+15    6.222E+04    3.312E-01    2.985E-04     r       2.5
1.649E+07    9.992E-01    3.189E+24    1.026E+07    8.549E+15    6.224E+04    3.310E-01    2.990E-04     r       2.5
1.632E+07    9.992E-01    3.178E+24    1.026E+07    8.552E+15    6.226E+04    3.309E-01    2.993E-04     r       2.5
1.598E+07    9.993E-01    3.157E+24    1.026E+07    8.558E+15    6.228E+04    3.307E-01    2.997E-04     r       2.5
1.580E+07    9.993E-01    3.147E+24    1.026E+07    8.561E+15    6.229E+04    3.307E-01    3.000E-04     r       2.5
1.546E+07    9.994E-01    3.127E+24    1.027E+07    8.566E+15    6.232E+04    3.305E-01    3.004E-04     r       2.5
1.529E+07    9.994E-01    3.117E+24    1.027E+07    8.569E+15    6.233E+04    3.304E-01    3.007E-04     r       2.5
1.494E+07    9.994E-01    3.099E+24    1.027E+07    8.574E+15    6.235E+04    3.303E-01    3.011E-04     r       2.5
1.477E+07    9.995E-01    3.090E+24    1.027E+07    8.576E+15    6.236E+04    3.302E-01    3.013E-04     r       2.5
1.442E+07    9.995E-01    3.072E+24    1.027E+07    8.581E+15    6.238E+04    3.300E-01    3.018E-04     r       2.5
1.425E+07    9.995E-01    3.064E+24    1.027E+07    8.584E+15    6.239E+04    3.300E-01    3.020E-04     r       2.5
1.391E+07    9.996E-01    3.048E+24    1.028E+07    8.588E+15    6.241E+04    3.298E-01    3.024E-04     r       2.5
1.373E+07    9.996E-01    3.040E+24    1.028E+07    8.591E+15    6.242E+04    3.298E-01    3.026E-04     r       2.5
1.339E+07    9.996E-01    3.025E+24    1.028E+07    8.595E+15    6.244E+04    3.296E-01    3.029E-04     r       2.5
1.322E+07    9.996E-01    3.018E+24    1.028E+07    8.597E+15    6.245E+04    3.296E-01    3.031E-04     r       2.5
1.287E+07    9.997E-01    3.004E+24    1.028E+07    8.602E+15    6.247E+04    3.294E-01    3.035E-04     r       2.5
1.270E+07    9.997E-01    2.997E+24    1.028E+07    8.604E+15    6.248E+04    3.294E-01    3.037E-04     r       2.5
1.235E+07    9.997E-01    2.984E+24    1.029E+07    8.608E+15    6.250E+04    3.292E-01    3.040E-04     r       2.5
1.218E+07    9.997E-01    2.978E+24    1.029E+07    8.610E+15    6.251E+04    3.292E-01    3.042E-04     r       2.5
1.184E+07    9.997E-01    2.966E+24    1.029E+07    8.613E+15    6.252E+04    3.291E-01    3.045E-04     r       2.5
1.166E+07    9.998E-01    2.960E+24    1.029E+07    8.615E+15    6.253E+04    3.290E-01    3.047E-04     r       2.5
1.158E+07    9.998E-01    2.957E+24    1.029E+07    8.616E+15    6.253E+04    3.290E-01    3.047E-04     r       2.5
1.141E+07    9.998E-01    2.952E+24    1.029E+07    8.618E+15    6.254E+04    3.289E-01    3.049E-04     r       2.5
1.132E+07    9.998E-01    2.949E+24    1.029E+07    8.619E+15    6.254E+04    3.289E-01    3.050E-04     r       2.5
1.115E+07    9.998E-01    2.944E+24    1.029E+07    8.620E+15    6.255E+04    3.289E-01    3.051E-04     r       2.5
1.106E+07    9.998E-01    2.941E+24    1.029E+07    8.621E+15    6.256E+04    3.288E-01    3.052E-04     r       2.5
1.089E+07    9.998E-01    2.936E+24    1.029E+07    8.623E+15    6.256E+04    3.288E-01    3.053E-04     r       2.5
1.080E+07    9.998E-01    2.934E+24    1.029E+07    8.623E+15    6.257E+04    3.288E-01    3.054E-04     r       2.5
1.063E+07    9.998E-01    2.929E+24    1.029E+07    8.625E+15    6.257E+04    3.287E-01    3.055E-04     r       2.5
1.054E+07    9.998E-01    2.927E+24    1.029E+07    8.626E+15    6.258E+04    3.287E-01    3.056E-04     r       2.5
1.037E+07    9.998E-01    2.922E+24    1.030E+07    8.627E+15    6.258E+04    3.287E-01    3.057E-04     r       2.5
1.028E+07    9.999E-01    2.920E+24    1.030E+07    8.628E+15    6.258E+04    3.286E-01    3.058E-04     r       2.5
1.011E+07    9.999E-01    2.916E+24    1.030E+07    8.629E+15    6.259E+04    3.286E-01    3.059E-04     r       2.5
1.003E+07    9.999E-01    2.914E+24    1.030E+07    8.630E+15    6.259E+04    3.286E-01    3.059E-04     r       2.5
9.853E+06    9.999E-01    2.910E+24    1.030E+07    8.631E+15    6.260E+04    3.285E-01    3.060E-04     r       2.5
9.767E+06    9.999E-01    2.908E+24    1.030E+07    8.632E+15    6.260E+04    3.285E-01    3.061E-04     r       2.5
9.594E+06    9.999E-01    2.904E+24    1.030E+07    8.633E+15    6.261E+04    3.285E-01    3.062E-04     r       2.5
9.508E+06    9.999E-01    2.902E+24    1.030E+07    8.633E+15    6.261E+04    3.285E-01    3.063E-04     r       2.5
9.336E+06    9.999E-01    2.898E+24    1.030E+07    8.635E+15    6.261E+04    3.284E-01    3.063E-04     r       2.5
9.249E+06    9.999E-01    2.896E+24    1.030E+07    8.635E+15    6.262E+04    3.284E-01    3.064E-04     r       2.5
9.077E+06    9.999E-01    2.893E+24    1.030E+07    8.636E+15    6.262E+04    3.284E-01    3.065E-04     r       2.5
8.991E+06    9.999E-01    2.891E+24    1.030E+07    8.637E+15    6.262E+04    3.284E-01    3.065E-04     r       2.5
8.818E+06    9.999E-01    2.888E+24    1.030E+07    8.638E+15    6.263E+04    3.283E-01    3.066E-04     r       2.5
8.732E+06    9.999E-01    2.886E+24    1.030E+07    8.638E+15    6.263E+04    3.283E-01    3.066E-04     r       2.5
8.689E+06    9.999E-01    2.886E+24    1.030E+07    8.638E+15    6.263E+04    3.283E-01    3.067E-04     r       2.5
8.603E+06    9.999E-01    2.884E+24    1.030E+07    8.639E+15    6.263E+04    3.283E-01    3.067E-04     r       2.5
8.559E+06    9.999E-01    2.883E+24    1.030E+07    8.639E+15    6.263E+04    3.283E-01    3.067E-04     r       2.5
8.473E+06    9.999E-01    2.882E+24    1.030E+07    8.639E+15    6.263E+04    3.283E-01    3.068E-04     r       2.5
8.430E+06    9.999E-01    2.881E+24    1.030E+07    8.639E+15    6.264E+04    3.283E-01    3.068E-04     r       2.5
8.344E+06    9.999E-01    2.879E+24    1.030E+07    8.640E+15    6.264E+04    3.283E-01    3.068E-04     r       2.5
8.301E+06    1.000E+00    2.879E+24    1.030E+07    8.640E+15    6.264E+04    3.283E-01    3.068E-04     r       2.5
8.215E+06    1.000E+00    2.877E+24    1.030E+07    8.640E+15    6.264E+04    3.283E-01    3.069E-04     r       2.5
8.171E+06    1.000E+00    2.877E+24    1.030E+07    8.641E+15    6.264E+04    3.283E-01    3.069E-04     r       2.5
8.085E+06    1.000E+00    2.875E+24    1.030E+07    8.641E+15    6.264E+04    3.283E-01    3.069E-04     r       2.5
8.042E+06    1.000E+00    2.875E+24    1.030E+07    8.641E+15    6.264E+04    3.282E-01    3.069E-04     r       2.5
7.956E+06    1.000E+00    2.873E+24    1.030E+07    8.641E+15    6.264E+04    3.282E-01    3.069E-04     r       2.5
7.913E+06    1.000E+00    2.873E+24    1.030E+07    8.641E+15    6.264E+04    3.282E-01    3.069E-04     r       2.5
7.826E+06    1.000E+00    2.871E+24    1.030E+07    8.642E+15    6.265E+04    3.282E-01    3.070E-04     r       2.5
7.783E+06    1.000E+00    2.871E+24    1.030E+07    8.642E+15    6.265E+04    3.282E-01    3.070E-04     r       2.5
7.697E+06    1.000E+00    2.869E+24    1.030E+07    8.642E+15    6.265E+04    3.282E-01    3.070E-04     r       2.5
7.654E+06    1.000E+00    2.869E+24    1.030E+07    8.642E+15    6.265E+04    3.282E-01    3.070E-04     r       2.5
7.632E+06    1.000E+00    2.869E+24    1.030E+07    8.642E+15    6.265E+04    3.282E-01    3.070E-04     r       2.5
7.589E+06    1.000E+00    2.868E+24    1.030E+07    8.642E+15    6.265E+04    3.282E-01    3.070E-04     r       2.5
7.568E+06    1.000E+00    2.868E+24    1.030E+07    8.642E+15    6.265E+04    3.282E-01    3.070E-04     r       2.5
7.525E+06    1.000E+00    2.867E+24    1.030E+07    8.643E+15    6.265E+04    3.282E-01    3.070E-04     r       2.5
7.503E+06    1.000E+00    2.867E+24    1.030E+07    8.643E+15    6.265E+04    3.282E-01    3.070E-04     r       2.5
7.460E+06    1.000E+00    2.866E+24    1.030E+07    8.643E+15    6.265E+04    3.282E-01    3.071E-04     r       2.5
7.438E+06    1.000E+00    2.866E+24    1.030E+07    8.643E+15    6.265E+04    3.282E-01    3.071E-04     r       2.5
7.395E+06    1.000E+00    2.865E+24    1.030E+07    8.643E+15    6.265E+04    3.282E-01    3.071E-04     r       2.5
7.374E+06    1.000E+00    2.865E+24    1.030E+07    8.643E+15    6.265E+04    3.282E-01    3.071E-04     r       2.5
7.331E+06    1.000E+00    2.864E+24    1.030E+07    8.643E+15    6.265E+04    3.282E-01    3.071E-04     r       2.5
7.309E+06    1.000E+00    2.864E+24    1.030E+07    8.643E+15    6.265E+04    3.282E-01    3.071E-04     r       2.5
7.266E+06    1.000E+00    2.864E+24    1.030E+07    8.643E+15    6.265E+04    3.282E-01    3.071E-04     r       2.5
7.244E+06    1.000E+00    2.863E+24    1.030E+07    8.643E+15    6.265E+04    3.282E-01    3.071E-04     r       2.5
7.201E+06    1.000E+00    2.863E+24    1.030E+07    8.643E+15    6.265E+04    3.282E-01    3.071E-04     r       2.5
7.180E+06    1.000E+00    2.863E+24    1.030E+07    8.643E+15    6.265E+04    3.282E-01    3.071E-04     r       2.5
7.169E+06    1.000E+00    2.862E+24    1.030E+07    8.643E+15    6.265E+04    3.282E-01    3.071E-04     r       2.5
7.147E+06    1.000E+00    2.862E+24    1.030E+07    8.643E+15    6.265E+04    3.282E-01    3.071E-04     r       2.5
7.136E+06    1.000E+00    2.862E+24    1.030E+07    8.643E+15    6.265E+04    3.282E-01    3.071E-04     r       2.5
7.115E+06    1.000E+00    2.862E+24    1.030E+07    8.643E+15    6.265E+04    3.282E-01    3.071E-04     r       2.5
7.104E+06    1.000E+00    2.862E+24    1.030E+07    8.643E+15    6.265E+04    3.282E-01    3.071E-04     r       2.5
7.083E+06    1.000E+00    2.861E+24    1.030E+07    8.643E+15    6.265E+04    3.282E-01    3.071E-04     r       2.5
7.072E+06    1.000E+00    2.861E+24    1.030E+07    8.643E+15    6.265E+04    3.282E-01    3.071E-04     r       2.5
7.050E+06    1.000E+00    2.861E+24    1.030E+07    8.643E+15    6.265E+04    3.282E-01    3.071E-04     r       2.5
7.039E+06    1.000E+00    2.861E+24    1.030E+07    8.643E+15    6.265E+04    3.282E-01    3.071E-04     r       2.5
7.018E+06    1.000E+00    2.861E+24    1.030E+07    8.643E+15    6.265E+04    3.282E-01    3.071E-04     r       2.5
7.007E+06    1.000E+00    2.860E+24    1.030E+07    8.643E+15    6.265E+04    3.282E-01    3.071E-04     r       2.5
6.986E+06    1.000E+00    2.860E+24    1.030E+07    8.643E+15    6.265E+04    3.282E-01    3.071E-04     r       2.5
6.975E+06    1.000E+00    2.860E+24    1.030E+07    8.643E+15    6.265E+04    3.282E-01    3.071E-04     r       2.5
6.969E+06    1.000E+00    2.860E+24    1.030E+07    8.643E+15    6.265E+04    3.282E-01    3.071E-04     r       2.5
6.959E+06    1.000E+00    2.860E+24    1.030E+07    8.643E+15    6.265E+04    3.282E-01    3.071E-04     r       2.5
6.953E+06    1.000E+00    2.860E+24    1.030E+07    8.643E+15    6.265E+04    3.282E-01    3.071E-04     r       2.5
6.942E+06    1.000E+00    2.860E+24    1.030E+07    8.643E+15    6.265E+04    3.282E-01    3.071E-04     r       2.5
6.937E+06    1.000E+00    2.860E+24    1.030E+07    8.643E+15    6.265E+04    3.282E-01    3.071E-04     r       2.5
6.926E+06    1.000E+00    2.859E+24    1.030E+07    8.643E+15    6.265E+04    3.282E-01    3.071E-04     r       2.5
6.921E+06    1.000E+00    2.859E+24    1.030E+07    8.643E+15    6.265E+04    3.282E-01    3.071E-04     r       2.5
6.910E+06    1.000E+00    2.859E+24    1.030E+07    8.643E+15    6.265E+04    3.282E-01    3.071E-04     r       2.5
6.905E+06    1.000E+00    2.859E+24    1.030E+07    8.643E+15    6.265E+04    3.282E-01    3.071E-04     r       2.5
6.894E+06    1.000E+00    2.859E+24    1.030E+07    8.643E+15    6.265E+04    3.282E-01    3.071E-04     r       2.5
