   r        Qm       L_r       T        P        rho      kap      eps     fl   dlnPdlnT
6.454E+08    0.000E+00    6.879E+24    2.194E+03    1.756E+00    0.000E+00    6.048E+01    0.000E+00     *      99.9
6.448E+08    3.830E-14    6.879E+24    1.809E+03    2.764E-01    1.130E-08    1.636E+02    3.094E-128     r       7.6
6.441E+08    1.938E-13    6.879E+24    3.706E+03    5.016E+00    1.002E-07    7.633E+01    6.844E-102     r       2.6
6.438E+08    4.706E-13    6.879E+24    4.086E+03    1.347E+01    2.451E-07    1.110E+02    1.719E-98     r       9.4
6.436E+08    7.234E-13    6.879E+24    4.401E+03    2.121E+01    3.584E-07    1.160E+02    4.189E-96     r       6.0
6.435E+08    8.888E-13    6.879E+24    4.578E+03    2.627E+01    4.269E-07    1.162E+02    7.229E-95     r       5.4
6.435E+08    9.828E-13    6.879E+24    4.670E+03    2.915E+01    4.644E-07    1.160E+02    2.989E-94     r       5.2
6.435E+08    1.033E-12    6.879E+24    4.717E+03    3.068E+01    4.840E-07    1.157E+02    6.056E-94     r       5.1
6.435E+08    1.059E-12    6.879E+24    4.741E+03    3.147E+01    4.940E-07    1.156E+02    8.610E-94     r       5.1
6.435E+08    1.112E-12    6.879E+24    4.788E+03    3.310E+01    5.144E-07    1.153E+02    1.736E-93     r       5.1
6.434E+08    1.139E-12    6.879E+24    4.812E+03    3.394E+01    5.249E-07    1.152E+02    2.460E-93     r       5.0
6.434E+08    1.196E-12    6.879E+24    4.860E+03    3.568E+01    5.462E-07    1.149E+02    4.929E-93     r       5.0
6.434E+08    1.225E-12    6.879E+24    4.884E+03    3.657E+01    5.571E-07    1.147E+02    6.965E-93     r       5.0
6.434E+08    1.285E-12    6.879E+24    4.933E+03    3.840E+01    5.794E-07    1.143E+02    1.386E-92     r       5.0
6.434E+08    1.316E-12    6.879E+24    4.957E+03    3.935E+01    5.907E-07    1.141E+02    1.951E-92     r       4.9
6.434E+08    1.379E-12    6.879E+24    5.006E+03    4.130E+01    6.139E-07    1.137E+02    3.852E-92     r       4.9
6.433E+08    1.514E-12    6.879E+24    5.105E+03    4.542E+01    6.623E-07    1.129E+02    1.477E-91     r       4.9
6.433E+08    1.585E-12    6.879E+24    5.154E+03    4.761E+01    6.874E-07    1.124E+02    2.867E-91     r       4.8
6.433E+08    1.736E-12    6.879E+24    5.254E+03    5.222E+01    7.398E-07    1.115E+02    1.062E-90     r       4.8
6.432E+08    1.815E-12    6.879E+24    5.305E+03    5.466E+01    7.670E-07    1.110E+02    2.024E-90     r       4.8
6.432E+08    1.983E-12    6.879E+24    5.406E+03    5.980E+01    8.235E-07    1.100E+02    7.225E-90     r       4.8
6.432E+08    2.071E-12    6.879E+24    5.456E+03    6.251E+01    8.529E-07    1.095E+02    1.352E-89     r       4.8
6.431E+08    2.257E-12    6.879E+24    5.558E+03    6.823E+01    9.139E-07    1.085E+02    4.650E-89     r       4.7
6.431E+08    2.355E-12    6.879E+24    5.609E+03    7.124E+01    9.455E-07    1.079E+02    8.542E-89     r       4.7
6.431E+08    2.561E-12    6.879E+24    5.711E+03    7.757E+01    1.011E-06    1.069E+02    2.830E-88     r       4.7
6.431E+08    2.670E-12    6.879E+24    5.762E+03    8.090E+01    1.045E-06    1.064E+02    5.104E-88     r       4.7
6.430E+08    2.897E-12    6.879E+24    5.865E+03    8.789E+01    1.116E-06    1.054E+02    1.630E-87     r       4.7
6.430E+08    3.017E-12    6.879E+24    5.917E+03    9.156E+01    1.152E-06    1.049E+02    2.887E-87     r       4.7
6.430E+08    3.267E-12    6.879E+24    6.020E+03    9.926E+01    1.228E-06    1.039E+02    8.899E-87     r       4.7
6.429E+08    3.399E-12    6.879E+24    6.072E+03    1.033E+02    1.267E-06    1.034E+02    1.549E-86     r       4.7
6.429E+08    3.674E-12    6.879E+24    6.175E+03    1.118E+02    1.348E-06    1.024E+02    4.613E-86     r       4.7
6.429E+08    3.818E-12    6.879E+24    6.227E+03    1.162E+02    1.390E-06    1.019E+02    7.894E-86     r       4.7
6.428E+08    4.120E-12    6.879E+24    6.331E+03    1.255E+02    1.476E-06    1.010E+02    2.274E-85     r       4.6
6.428E+08    4.278E-12    6.879E+24    6.382E+03    1.303E+02    1.521E-06    1.005E+02    3.830E-85     r       4.6
6.428E+08    4.608E-12    6.879E+24    6.486E+03    1.405E+02    1.613E-06    9.955E+01    1.069E-84     r       4.6
6.428E+08    4.780E-12    6.879E+24    6.538E+03    1.458E+02    1.660E-06    9.909E+01    1.772E-84     r       4.6
6.427E+08    5.140E-12    6.879E+24    6.642E+03    1.569E+02    1.759E-06    9.817E+01    4.798E-84     r       4.6
6.427E+08    5.328E-12    6.879E+24    6.695E+03    1.626E+02    1.809E-06    9.772E+01    7.837E-84     r       4.6
6.427E+08    5.719E-12    6.879E+24    6.799E+03    1.747E+02    1.914E-06    9.684E+01    2.061E-83     r       4.6
6.426E+08    5.924E-12    6.879E+24    6.851E+03    1.810E+02    1.968E-06    9.640E+01    3.319E-83     r       4.6
6.426E+08    6.349E-12    6.879E+24    6.955E+03    1.941E+02    2.079E-06    9.554E+01    8.489E-83     r       4.6
6.426E+08    6.571E-12    6.879E+24    7.007E+03    2.009E+02    2.136E-06    9.512E+01    1.349E-82     r       4.6
6.425E+08    7.033E-12    6.879E+24    7.112E+03    2.152E+02    2.253E-06    9.428E+01    3.359E-82     r       4.6
6.425E+08    7.273E-12    6.879E+24    7.164E+03    2.226E+02    2.314E-06    9.387E+01    5.268E-82     r       4.6
6.425E+08    7.773E-12    6.879E+24    7.269E+03    2.380E+02    2.439E-06    9.307E+01    1.279E-81     r       4.6
6.425E+08    8.033E-12    6.879E+24    7.321E+03    2.460E+02    2.503E-06    9.267E+01    1.982E-81     r       4.6
6.424E+08    8.573E-12    6.879E+24    7.425E+03    2.627E+02    2.635E-06    9.188E+01    4.697E-81     r       4.6
6.424E+08    8.854E-12    6.879E+24    7.478E+03    2.713E+02    2.703E-06    9.150E+01    7.190E-81     r       4.6
6.424E+08    9.437E-12    6.879E+24    7.582E+03    2.893E+02    2.842E-06    9.074E+01    1.665E-80     r       4.6
6.423E+08    9.739E-12    6.879E+24    7.635E+03    2.986E+02    2.914E-06    9.036E+01    2.521E-80     r       4.6
6.423E+08    1.037E-11    6.879E+24    7.740E+03    3.180E+02    3.061E-06    8.962E+01    5.711E-80     r       4.6
6.423E+08    1.069E-11    6.879E+24    7.792E+03    3.281E+02    3.136E-06    8.926E+01    8.550E-80     r       4.6
6.422E+08    1.137E-11    6.879E+24    7.897E+03    3.489E+02    3.292E-06    8.854E+01    1.897E-79     r       4.6
6.422E+08    1.172E-11    6.879E+24    7.949E+03    3.597E+02    3.371E-06    8.819E+01    2.811E-79     r       4.6
6.422E+08    1.244E-11    6.879E+24    8.054E+03    3.821E+02    3.535E-06    8.750E+01    6.110E-79     r       4.6
6.421E+08    1.282E-11    6.879E+24    8.106E+03    3.937E+02    3.619E-06    8.716E+01    8.965E-79     r       4.6
6.421E+08    1.360E-11    6.879E+24    8.211E+03    4.178E+02    3.791E-06    8.648E+01    1.912E-78     r       4.6
6.421E+08    1.400E-11    6.879E+24    8.264E+03    4.303E+02    3.879E-06    8.615E+01    2.778E-78     r       4.6
6.420E+08    1.484E-11    6.879E+24    8.368E+03    4.560E+02    4.060E-06    8.549E+01    5.815E-78     r       4.6
6.420E+08    1.527E-11    6.879E+24    8.421E+03    4.694E+02    4.153E-06    8.517E+01    8.376E-78     r       4.6
6.420E+08    1.616E-11    6.879E+24    8.526E+03    4.969E+02    4.343E-06    8.454E+01    1.722E-77     r       4.6
6.420E+08    1.662E-11    6.879E+24    8.578E+03    5.112E+02    4.440E-06    8.422E+01    2.459E-77     r       4.6
6.419E+08    1.757E-11    6.879E+24    8.683E+03    5.407E+02    4.640E-06    8.361E+01    4.971E-77     r       4.6
6.419E+08    1.807E-11    6.879E+24    8.736E+03    5.559E+02    4.742E-06    8.330E+01    7.039E-77     r       4.6
6.419E+08    1.908E-11    6.879E+24    8.841E+03    5.874E+02    4.951E-06    8.270E+01    1.400E-76     r       4.6
6.418E+08    1.961E-11    6.879E+24    8.893E+03    6.037E+02    5.058E-06    8.240E+01    1.966E-76     r       4.6
6.418E+08    2.069E-11    6.879E+24    8.998E+03    6.373E+02    5.277E-06    8.182E+01    3.850E-76     r       4.6
6.418E+08    2.125E-11    6.879E+24    9.051E+03    6.546E+02    5.389E-06    8.153E+01    5.366E-76     r       4.6
6.417E+08    2.241E-11    6.879E+24    9.156E+03    6.903E+02    5.618E-06    8.096E+01    1.035E-75     r       4.6
6.417E+08    2.300E-11    6.879E+24    9.208E+03    7.088E+02    5.736E-06    8.068E+01    1.432E-75     r       4.6
6.417E+08    2.423E-11    6.879E+24    9.314E+03    7.469E+02    5.976E-06    8.013E+01    2.722E-75     r       4.6
6.417E+08    2.487E-11    6.879E+24    9.366E+03    7.665E+02    6.098E-06    7.986E+01    3.739E-75     r       4.6
6.416E+08    2.617E-11    6.879E+24    9.471E+03    8.070E+02    6.349E-06    7.932E+01    7.009E-75     r       4.6
6.416E+08    2.685E-11    6.879E+24    9.524E+03    8.278E+02    6.477E-06    7.905E+01    9.563E-75     r       4.6
6.416E+08    2.823E-11    6.879E+24    9.629E+03    8.708E+02    6.739E-06    7.853E+01    1.769E-74     r       4.6
6.415E+08    2.895E-11    6.879E+24    9.682E+03    8.929E+02    6.873E-06    7.827E+01    2.397E-74     r       4.6
6.415E+08    3.042E-11    6.879E+24    9.787E+03    9.385E+02    7.147E-06    7.776E+01    4.377E-74     r       4.6
6.415E+08    3.117E-11    6.879E+24    9.839E+03    9.620E+02    7.286E-06    7.750E+01    5.895E-74     r       4.6
6.414E+08    3.273E-11    6.879E+24    9.944E+03    1.010E+03    7.571E-06    7.700E+01    1.063E-73     r       4.6
6.414E+08    3.353E-11    6.879E+24    9.997E+03    1.035E+03    7.717E-06    7.676E+01    1.423E-73     r       4.6
6.414E+08    3.518E-11    6.879E+24    1.010E+04    1.086E+03    8.014E-06    7.627E+01    2.535E-73     r       4.6
6.413E+08    3.867E-11    6.879E+24    1.031E+04    1.195E+03    8.634E-06    7.532E+01    7.863E-73     r       4.6
6.413E+08    4.051E-11    6.879E+24    1.042E+04    1.252E+03    8.956E-06    7.486E+01    1.369E-72     r       4.6
6.412E+08    4.441E-11    6.879E+24    1.063E+04    1.373E+03    9.627E-06    7.396E+01    4.064E-72     r       4.6
6.411E+08    4.646E-11    6.879E+24    1.073E+04    1.437E+03    9.976E-06    7.351E+01    6.928E-72     r       4.6
6.411E+08    5.079E-11    6.879E+24    1.094E+04    1.571E+03    1.070E-05    7.265E+01    1.974E-71     r       4.6
6.410E+08    5.307E-11    6.879E+24    1.105E+04    1.642E+03    1.108E-05    7.223E+01    3.299E-71     r       4.6
6.409E+08    5.787E-11    6.879E+24    1.126E+04    1.792E+03    1.186E-05    7.141E+01    9.043E-71     r       4.6
6.409E+08    6.040E-11    6.879E+24    1.137E+04    1.870E+03    1.227E-05    7.100E+01    1.484E-70     r       4.6
6.408E+08    6.571E-11    6.879E+24    1.158E+04    2.036E+03    1.311E-05    7.022E+01    3.923E-70     r       4.6
6.408E+08    6.850E-11    6.879E+24    1.168E+04    2.122E+03    1.354E-05    6.983E+01    6.326E-70     r       4.6
6.407E+08    7.435E-11    6.879E+24    1.189E+04    2.305E+03    1.445E-05    6.908E+01    1.617E-69     r       4.6
6.407E+08    7.742E-11    6.879E+24    1.200E+04    2.401E+03    1.491E-05    6.871E+01    2.565E-69     r       4.6
6.406E+08    8.386E-11    6.879E+24    1.221E+04    2.602E+03    1.588E-05    6.798E+01    6.353E-69     r       4.6
6.405E+08    8.724E-11    6.879E+24    1.232E+04    2.707E+03    1.638E-05    6.763E+01    9.923E-69     r       4.6
6.405E+08    9.430E-11    6.879E+24    1.253E+04    2.927E+03    1.742E-05    6.693E+01    2.385E-68     r       4.6
6.404E+08    9.800E-11    6.879E+24    1.263E+04    3.043E+03    1.796E-05    6.659E+01    3.672E-68     r       4.6
6.403E+08    1.057E-10    6.879E+24    1.284E+04    3.284E+03    1.906E-05    6.593E+01    8.582E-68     r       4.6
6.403E+08    1.098E-10    6.879E+24    1.295E+04    3.411E+03    1.964E-05    6.560E+01    1.303E-67     r       4.6
6.402E+08    1.182E-10    6.879E+24    1.316E+04    3.675E+03    2.082E-05    6.496E+01    2.965E-67     r       4.6
6.402E+08    1.226E-10    6.879E+24    1.327E+04    3.813E+03    2.143E-05    6.464E+01    4.445E-67     r       4.6
6.401E+08    1.319E-10    6.879E+24    1.348E+04    4.101E+03    2.269E-05    6.403E+01    9.863E-67     r       4.6
6.401E+08    1.367E-10    6.879E+24    1.358E+04    4.251E+03    2.333E-05    6.372E+01    1.460E-66     r       4.6
6.400E+08    1.467E-10    6.879E+24    1.380E+04    4.565E+03    2.467E-05    6.313E+01    3.164E-66     r       4.6
6.399E+08    1.519E-10    6.879E+24    1.390E+04    4.729E+03    2.536E-05    6.284E+01    4.631E-66     r       4.6
6.399E+08    1.628E-10    6.879E+24    1.411E+04    5.069E+03    2.678E-05    6.226E+01    9.809E-66     r       4.6
6.398E+08    1.684E-10    6.879E+24    1.422E+04    5.247E+03    2.752E-05    6.198E+01    1.420E-65     r       4.6
6.397E+08    1.802E-10    6.879E+24    1.443E+04    5.617E+03    2.902E-05    6.143E+01    2.944E-65     r       4.6
6.397E+08    1.864E-10    6.879E+24    1.454E+04    5.809E+03    2.980E-05    6.115E+01    4.217E-65     r       4.6
6.396E+08    1.991E-10    6.879E+24    1.475E+04    6.209E+03    3.139E-05    6.062E+01    8.566E-65     r       4.6
6.396E+08    2.058E-10    6.879E+24    1.485E+04    6.417E+03    3.222E-05    6.036E+01    1.215E-64     r       4.6
6.395E+08    2.195E-10    6.879E+24    1.507E+04    6.850E+03    3.391E-05    5.984E+01    2.420E-64     r       4.6
6.394E+08    2.267E-10    6.879E+24    1.517E+04    7.075E+03    3.477E-05    5.959E+01    3.400E-64     r       4.6
6.394E+08    2.416E-10    6.879E+24    1.538E+04    7.542E+03    3.656E-05    5.909E+01    6.650E-64     r       4.6
6.393E+08    2.493E-10    6.879E+24    1.549E+04    7.784E+03    3.748E-05    5.884E+01    9.259E-64     r       4.6
6.392E+08    2.653E-10    6.879E+24    1.570E+04    8.288E+03    3.936E-05    5.836E+01    1.779E-63     r       4.6
6.392E+08    2.736E-10    6.879E+24    1.581E+04    8.549E+03    4.033E-05    5.812E+01    2.456E-63     r       4.6
6.391E+08    2.908E-10    6.879E+24    1.602E+04    9.090E+03    4.232E-05    5.765E+01    4.640E-63     r       4.6
6.391E+08    2.997E-10    6.879E+24    1.613E+04    9.371E+03    4.334E-05    5.742E+01    6.353E-63     r       4.6
6.390E+08    3.182E-10    6.879E+24    1.634E+04    9.953E+03    4.543E-05    5.697E+01    1.181E-62     r       4.6
6.390E+08    3.277E-10    6.879E+24    1.644E+04    1.025E+04    4.650E-05    5.675E+01    1.605E-62     r       4.6
6.389E+08    3.475E-10    6.879E+24    1.666E+04    1.088E+04    4.871E-05    5.631E+01    2.938E-62     r       4.6
6.388E+08    3.578E-10    6.879E+24    1.676E+04    1.120E+04    4.983E-05    5.609E+01    3.961E-62     r       4.6
6.388E+08    3.790E-10    6.879E+24    1.697E+04    1.187E+04    5.215E-05    5.566E+01    7.146E-62     r       4.6
6.387E+08    3.900E-10    6.879E+24    1.708E+04    1.222E+04    5.334E-05    5.545E+01    9.565E-62     r       4.6
6.386E+08    4.126E-10    6.879E+24    1.729E+04    1.293E+04    5.577E-05    5.504E+01    1.702E-61     r       4.6
6.386E+08    4.244E-10    6.879E+24    1.740E+04    1.330E+04    5.702E-05    5.483E+01    2.262E-61     r       4.6
6.385E+08    4.486E-10    6.879E+24    1.761E+04    1.407E+04    5.957E-05    5.443E+01    3.971E-61     r       4.6
6.385E+08    4.611E-10    6.879E+24    1.772E+04    1.446E+04    6.088E-05    5.423E+01    5.243E-61     r       4.6
6.384E+08    4.869E-10    6.879E+24    1.793E+04    1.528E+04    6.356E-05    5.384E+01    9.085E-61     r       4.6
6.384E+08    5.003E-10    6.879E+24    1.804E+04    1.570E+04    6.493E-05    5.365E+01    1.192E-60     r       4.6
6.383E+08    5.278E-10    6.879E+24    1.825E+04    1.657E+04    6.773E-05    5.327E+01    2.040E-60     r       4.6
6.382E+08    5.420E-10    6.879E+24    1.836E+04    1.702E+04    6.917E-05    5.308E+01    2.660E-60     r       4.6
6.382E+08    5.714E-10    6.879E+24    1.857E+04    1.795E+04    7.210E-05    5.271E+01    4.499E-60     r       4.6
6.381E+08    5.865E-10    6.879E+24    1.868E+04    1.843E+04    7.361E-05    5.253E+01    5.833E-60     r       4.6
6.380E+08    6.177E-10    6.879E+24    1.889E+04    1.942E+04    7.668E-05    5.217E+01    9.751E-60     r       4.6
6.380E+08    6.337E-10    6.879E+24    1.900E+04    1.993E+04    7.825E-05    5.199E+01    1.257E-59     r       4.6
6.379E+08    6.669E-10    6.879E+24    1.921E+04    2.098E+04    8.146E-05    5.164E+01    2.079E-59     r       4.6
6.379E+08    6.839E-10    6.879E+24    1.931E+04    2.152E+04    8.310E-05    5.147E+01    2.665E-59     r       4.6
6.378E+08    7.191E-10    6.879E+24    1.953E+04    2.264E+04    8.646E-05    5.113E+01    4.360E-59     r       4.6
6.378E+08    7.372E-10    6.879E+24    1.963E+04    2.321E+04    8.817E-05    5.096E+01    5.562E-59     r       4.6
6.377E+08    7.745E-10    6.879E+24    1.985E+04    2.439E+04    9.168E-05    5.063E+01    9.006E-59     r       4.6
6.376E+08    7.936E-10    6.879E+24    1.995E+04    2.500E+04    9.346E-05    5.046E+01    1.143E-58     r       4.6
6.376E+08    8.331E-10    6.879E+24    2.017E+04    2.626E+04    9.712E-05    5.014E+01    1.833E-58     r       4.6
6.375E+08    8.534E-10    6.879E+24    2.027E+04    2.690E+04    9.898E-05    4.998E+01    2.315E-58     r       4.6
6.374E+08    8.952E-10    6.879E+24    2.049E+04    2.823E+04    1.028E-04    4.966E+01    3.677E-58     r       4.6
6.373E+08    9.836E-10    6.879E+24    2.091E+04    3.105E+04    1.107E-04    4.905E+01    9.106E-58     r       4.6
6.372E+08    1.030E-09    6.879E+24    2.113E+04    3.253E+04    1.149E-04    4.875E+01    1.420E-57     r       4.6
6.370E+08    1.129E-09    6.879E+24    2.155E+04    3.568E+04    1.235E-04    4.816E+01    3.397E-57     r       4.6
6.369E+08    1.181E-09    6.879E+24    2.177E+04    3.734E+04    1.279E-04    4.787E+01    5.210E-57     r       4.6
6.368E+08    1.290E-09    6.879E+24    2.220E+04    4.084E+04    1.372E-04    4.731E+01    1.206E-56     r       4.6
6.367E+08    1.348E-09    6.879E+24    2.241E+04    4.268E+04    1.421E-04    4.704E+01    1.821E-56     r       4.6
6.365E+08    1.470E-09    6.879E+24    2.284E+04    4.656E+04    1.521E-04    4.650E+01    4.090E-56     r       4.6
6.365E+08    1.534E-09    6.879E+24    2.305E+04    4.861E+04    1.573E-04    4.624E+01    6.085E-56     r       4.6
6.363E+08    1.668E-09    6.879E+24    2.348E+04    5.291E+04    1.681E-04    4.573E+01    1.328E-55     r       4.6
6.362E+08    1.738E-09    6.879E+24    2.369E+04    5.517E+04    1.737E-04    4.548E+01    1.949E-55     r       4.6
6.361E+08    1.886E-09    6.879E+24    2.412E+04    5.992E+04    1.853E-04    4.498E+01    4.142E-55     r       4.6
6.360E+08    1.964E-09    6.879E+24    2.434E+04    6.241E+04    1.913E-04    4.474E+01    5.999E-55     r       4.6
6.358E+08    2.127E-09    6.879E+24    2.477E+04    6.764E+04    2.038E-04    4.427E+01    1.243E-54     r       4.6
6.357E+08    2.212E-09    6.879E+24    2.498E+04    7.038E+04    2.102E-04    4.404E+01    1.779E-54     r       4.6
6.356E+08    2.391E-09    6.879E+24    2.541E+04    7.613E+04    2.235E-04    4.359E+01    3.600E-54     r       4.6
6.355E+08    2.484E-09    6.879E+24    2.562E+04    7.913E+04    2.304E-04    4.337E+01    5.091E-54     r       4.6
6.353E+08    2.680E-09    6.879E+24    2.605E+04    8.543E+04    2.446E-04    4.293E+01    1.008E-53     r       4.6
6.353E+08    2.782E-09    6.879E+24    2.627E+04    8.873E+04    2.520E-04    4.272E+01    1.410E-53     r       4.6
6.351E+08    2.995E-09    6.879E+24    2.670E+04    9.562E+04    2.672E-04    4.230E+01    2.731E-53     r       4.6
6.350E+08    3.107E-09    6.879E+24    2.691E+04    9.921E+04    2.750E-04    4.210E+01    3.783E-53     r       4.6
6.348E+08    3.339E-09    6.879E+24    2.734E+04    1.067E+05    2.912E-04    4.170E+01    7.183E-53     r       4.6
6.348E+08    3.461E-09    6.879E+24    2.756E+04    1.107E+05    2.996E-04    4.150E+01    9.852E-53     r       4.6
6.346E+08    3.714E-09    6.879E+24    2.799E+04    1.188E+05    3.168E-04    4.111E+01    1.836E-52     r       4.6
6.345E+08    3.846E-09    6.879E+24    2.821E+04    1.231E+05    3.257E-04    4.092E+01    2.495E-52     r       4.6
6.344E+08    4.120E-09    6.879E+24    2.864E+04    1.320E+05    3.440E-04    4.055E+01    4.566E-52     r       4.6
6.343E+08    4.263E-09    6.879E+24    2.885E+04    1.367E+05    3.534E-04    4.037E+01    6.150E-52     r       4.6
6.341E+08    4.561E-09    6.879E+24    2.928E+04    1.463E+05    3.728E-04    4.000E+01    1.107E-51     r       4.6
6.340E+08    4.716E-09    6.879E+24    2.950E+04    1.514E+05    3.828E-04    3.983E+01    1.478E-51     r       4.6
6.339E+08    5.038E-09    6.879E+24    2.993E+04    1.618E+05    4.034E-04    3.948E+01    2.617E-51     r       4.6
6.338E+08    5.205E-09    6.879E+24    3.015E+04    1.673E+05    4.140E-04    3.931E+01    3.468E-51     r       4.6
6.336E+08    5.553E-09    6.879E+24    3.058E+04    1.786E+05    4.358E-04    3.897E+01    6.046E-51     r       4.6
6.336E+08    5.734E-09    6.879E+24    3.079E+04    1.845E+05    4.470E-04    3.881E+01    7.952E-51     r       4.6
6.334E+08    6.109E-09    6.879E+24    3.123E+04    1.967E+05    4.701E-04    3.848E+01    1.366E-50     r       4.6
6.333E+08    6.304E-09    6.879E+24    3.144E+04    2.031E+05    4.819E-04    3.832E+01    1.784E-50     r       4.6
6.332E+08    6.707E-09    6.879E+24    3.188E+04    2.163E+05    5.063E-04    3.800E+01    3.022E-50     r       4.6
6.331E+08    6.917E-09    6.879E+24    3.209E+04    2.231E+05    5.188E-04    3.785E+01    3.919E-50     r       4.6
6.329E+08    7.351E-09    6.879E+24    3.253E+04    2.373E+05    5.445E-04    3.754E+01    6.549E-50     r       4.6
6.328E+08    7.576E-09    6.879E+24    3.274E+04    2.447E+05    5.577E-04    3.739E+01    8.439E-50     r       4.6
6.327E+08    8.042E-09    6.879E+24    3.318E+04    2.600E+05    5.847E-04    3.710E+01    1.392E-49     r       4.6
6.326E+08    8.284E-09    6.879E+24    3.339E+04    2.679E+05    5.986E-04    3.695E+01    1.783E-49     r       4.6
6.324E+08    8.783E-09    6.879E+24    3.383E+04    2.843E+05    6.272E-04    3.667E+01    2.906E-49     r       4.6
6.323E+08    9.042E-09    6.879E+24    3.404E+04    2.928E+05    6.418E-04    3.652E+01    3.699E-49     r       4.6
6.322E+08    9.577E-09    6.879E+24    3.448E+04    3.104E+05    6.718E-04    3.625E+01    5.959E-49     r       4.6
6.321E+08    9.854E-09    6.879E+24    3.469E+04    3.195E+05    6.872E-04    3.611E+01    7.542E-49     r       4.6
6.319E+08    1.043E-08    6.879E+24    3.513E+04    3.383E+05    7.187E-04    3.584E+01    1.201E-48     r       4.6
6.319E+08    1.072E-08    6.879E+24    3.535E+04    3.481E+05    7.348E-04    3.570E+01    1.512E-48     r       4.6
6.317E+08    1.133E-08    6.879E+24    3.578E+04    3.682E+05    7.680E-04    3.544E+01    2.383E-48     r       4.6
6.316E+08    1.165E-08    6.879E+24    3.600E+04    3.786E+05    7.849E-04    3.531E+01    2.983E-48     r       4.6
6.315E+08    1.230E-08    6.879E+24    3.643E+04    4.002E+05    8.197E-04    3.506E+01    4.653E-48     r       4.6
6.314E+08    1.264E-08    6.879E+24    3.665E+04    4.113E+05    8.375E-04    3.493E+01    5.796E-48     r       4.6
6.312E+08    1.333E-08    6.879E+24    3.709E+04    4.343E+05    8.739E-04    3.468E+01    8.951E-48     r       4.6
6.311E+08    1.369E-08    6.879E+24    3.730E+04    4.462E+05    8.925E-04    3.456E+01    1.110E-47     r       4.6
6.310E+08    1.443E-08    6.879E+24    3.774E+04    4.707E+05    9.307E-04    3.432E+01    1.697E-47     r       4.6
6.309E+08    1.481E-08    6.879E+24    3.796E+04    4.833E+05    9.502E-04    3.420E+01    2.095E-47     r       4.6
6.307E+08    1.560E-08    6.879E+24    3.839E+04    5.094E+05    9.902E-04    3.397E+01    3.175E-47     r       4.6
6.307E+08    1.601E-08    6.879E+24    3.861E+04    5.229E+05    1.011E-03    3.385E+01    3.900E-47     r       4.6
6.305E+08    1.684E-08    6.879E+24    3.905E+04    5.507E+05    1.052E-03    3.362E+01    5.859E-47     r       4.6
6.304E+08    1.727E-08    6.879E+24    3.927E+04    5.650E+05    1.074E-03    3.351E+01    7.166E-47     r       4.6
6.303E+08    1.816E-08    6.879E+24    3.970E+04    5.945E+05    1.117E-03    3.328E+01    1.068E-46     r       4.6
6.302E+08    1.862E-08    6.879E+24    3.992E+04    6.097E+05    1.140E-03    3.317E+01    1.300E-46     r       4.6
6.300E+08    1.956E-08    6.879E+24    4.036E+04    6.411E+05    1.185E-03    3.296E+01    1.921E-46     r       4.6
6.299E+08    2.004E-08    6.879E+24    4.058E+04    6.572E+05    1.209E-03    3.285E+01    2.331E-46     r       4.6
6.298E+08    2.104E-08    6.879E+24    4.102E+04    6.905E+05    1.256E-03    3.264E+01    3.417E-46     r       4.6
6.297E+08    2.155E-08    6.879E+24    4.123E+04    7.076E+05    1.281E-03    3.253E+01    4.129E-46     r       4.6
6.295E+08    2.261E-08    6.879E+24    4.167E+04    7.429E+05    1.330E-03    3.233E+01    6.007E-46     r       4.6
6.292E+08    2.484E-08    6.879E+24    4.255E+04    8.176E+05    1.434E-03    3.192E+01    1.253E-45     r       4.6
6.290E+08    2.602E-08    6.879E+24    4.299E+04    8.571E+05    1.488E-03    3.173E+01    1.797E-45     r       4.6
6.287E+08    2.851E-08    6.879E+24    4.387E+04    9.407E+05    1.601E-03    3.134E+01    3.646E-45     r       4.6
6.286E+08    2.982E-08    6.879E+24    4.430E+04    9.849E+05    1.659E-03    3.115E+01    5.159E-45     r       4.6
6.282E+08    3.259E-08    6.879E+24    4.518E+04    1.078E+06    1.781E-03    3.079E+01    1.020E-44     r       4.6
6.281E+08    3.405E-08    6.879E+24    4.562E+04    1.127E+06    1.844E-03    3.061E+01    1.425E-44     r       4.6
6.277E+08    3.712E-08    6.879E+24    4.650E+04    1.231E+06    1.976E-03    3.026E+01    2.749E-44     r       4.6
6.276E+08    3.873E-08    6.879E+24    4.695E+04    1.286E+06    2.044E-03    3.009E+01    3.796E-44     r       4.6
6.273E+08    4.212E-08    6.879E+24    4.783E+04    1.401E+06    2.186E-03    2.975E+01    7.158E-44     r       4.6
6.271E+08    4.391E-08    6.879E+24    4.827E+04    1.461E+06    2.259E-03    2.959E+01    9.775E-44     r       4.6
6.268E+08    4.765E-08    6.879E+24    4.915E+04    1.588E+06    2.412E-03    2.927E+01    1.804E-43     r       4.6
6.266E+08    4.961E-08    6.879E+24    4.959E+04    1.655E+06    2.491E-03    2.911E+01    2.439E-43     r       4.6
6.263E+08    5.373E-08    6.879E+24    5.048E+04    1.796E+06    2.655E-03    2.880E+01    4.411E-43     r       4.6
6.261E+08    5.588E-08    6.879E+24    5.092E+04    1.869E+06    2.740E-03    2.865E+01    5.904E-43     r       4.6
6.258E+08    6.040E-08    6.879E+24    5.181E+04    2.024E+06    2.916E-03    2.835E+01    1.048E-42     r       4.6
6.257E+08    6.277E-08    6.879E+24    5.225E+04    2.105E+06    3.007E-03    2.821E+01    1.390E-42     r       4.6
6.253E+08    6.771E-08    6.879E+24    5.314E+04    2.275E+06    3.195E-03    2.792E+01    2.423E-42     r       4.6
6.252E+08    7.030E-08    6.879E+24    5.358E+04    2.363E+06    3.292E-03    2.778E+01    3.185E-42     r       4.6
6.248E+08    7.570E-08    6.879E+24    5.447E+04    2.549E+06    3.493E-03    2.751E+01    5.459E-42     r       4.6
6.247E+08    7.852E-08    6.879E+24    5.492E+04    2.647E+06    3.597E-03    2.738E+01    7.118E-42     r       4.6
6.244E+08    8.441E-08    6.879E+24    5.581E+04    2.850E+06    3.812E-03    2.711E+01    1.201E-41     r       4.6
6.242E+08    8.748E-08    6.879E+24    5.625E+04    2.956E+06    3.923E-03    2.698E+01    1.553E-41     r       4.6
6.239E+08    9.389E-08    6.879E+24    5.715E+04    3.178E+06    4.151E-03    2.673E+01    2.580E-41     r       4.6
6.237E+08    9.723E-08    6.879E+24    5.759E+04    3.294E+06    4.269E-03    2.660E+01    3.314E-41     r       4.6
6.234E+08    1.042E-07    6.879E+24    5.848E+04    3.536E+06    4.513E-03    2.636E+01    5.426E-41     r       4.6
6.232E+08    1.078E-07    6.879E+24    5.893E+04    3.662E+06    4.638E-03    2.624E+01    6.919E-41     r       4.6
6.229E+08    1.154E-07    6.879E+24    5.983E+04    3.925E+06    4.897E-03    2.600E+01    1.118E-40     r       4.6
6.227E+08    1.193E-07    6.879E+24    6.027E+04    4.062E+06    5.031E-03    2.589E+01    1.416E-40     r       4.6
6.224E+08    1.275E-07    6.879E+24    6.117E+04    4.347E+06    5.305E-03    2.566E+01    2.257E-40     r       4.6
6.223E+08    1.317E-07    6.879E+24    6.162E+04    4.496E+06    5.447E-03    2.555E+01    2.841E-40     r       4.6
6.219E+08    1.405E-07    6.879E+24    6.252E+04    4.806E+06    5.738E-03    2.532E+01    4.473E-40     r       4.6
6.218E+08    1.451E-07    6.879E+24    6.297E+04    4.966E+06    5.888E-03    2.522E+01    5.597E-40     r       4.6
6.215E+08    1.546E-07    6.879E+24    6.386E+04    5.301E+06    6.196E-03    2.500E+01    8.709E-40     r       4.6
6.213E+08    1.596E-07    6.879E+24    6.431E+04    5.475E+06    6.355E-03    2.490E+01    1.083E-39     r       4.6
6.210E+08    1.698E-07    6.879E+24    6.522E+04    5.837E+06    6.682E-03    2.469E+01    1.667E-39     r       4.6
6.208E+08    1.751E-07    6.879E+24    6.567E+04    6.025E+06    6.849E-03    2.459E+01    2.062E-39     r       4.6
6.205E+08    1.862E-07    6.879E+24    6.657E+04    6.415E+06    7.194E-03    2.439E+01    3.139E-39     r       4.6
6.203E+08    1.919E-07    6.879E+24    6.702E+04    6.618E+06    7.372E-03    2.429E+01    3.863E-39     r       4.6
6.200E+08    2.037E-07    6.879E+24    6.792E+04    7.039E+06    7.736E-03    2.409E+01    5.820E-39     r       4.6
6.198E+08    2.098E-07    6.879E+24    6.837E+04    7.257E+06    7.923E-03    2.400E+01    7.126E-39     r       4.6
6.195E+08    2.226E-07    6.879E+24    6.928E+04    7.709E+06    8.307E-03    2.381E+01    1.063E-38     r       4.6
6.194E+08    2.291E-07    6.879E+24    6.973E+04    7.944E+06    8.504E-03    2.372E+01    1.295E-38     r       4.6
6.190E+08    2.427E-07    6.879E+24    7.064E+04    8.430E+06    8.909E-03    2.353E+01    1.915E-38     r       4.6
6.189E+08    2.498E-07    6.879E+24    7.109E+04    8.682E+06    9.117E-03    2.344E+01    2.322E-38     r       4.6
6.186E+08    2.643E-07    6.879E+24    7.200E+04    9.204E+06    9.543E-03    2.327E+01    3.401E-38     r       4.6
6.184E+08    2.719E-07    6.879E+24    7.245E+04    9.474E+06    9.762E-03    2.318E+01    4.107E-38     r       4.6
6.181E+08    2.874E-07    6.879E+24    7.336E+04    1.003E+07    1.021E-02    2.301E+01    5.964E-38     r       4.6
6.179E+08    2.955E-07    6.879E+24    7.382E+04    1.032E+07    1.044E-02    2.292E+01    7.171E-38     r       4.6
6.176E+08    3.121E-07    6.879E+24    7.473E+04    1.092E+07    1.091E-02    2.275E+01    1.033E-37     r       4.6
6.174E+08    3.206E-07    6.879E+24    7.518E+04    1.123E+07    1.115E-02    2.267E+01    1.237E-37     r       4.6
6.171E+08    3.384E-07    6.879E+24    7.610E+04    1.187E+07    1.165E-02    2.251E+01    1.767E-37     r       4.6
6.169E+08    3.475E-07    6.879E+24    7.655E+04    1.220E+07    1.190E-02    2.243E+01    2.107E-37     r       4.6
6.166E+08    3.664E-07    6.879E+24    7.747E+04    1.289E+07    1.242E-02    2.227E+01    2.988E-37     r       4.6
6.165E+08    3.761E-07    6.879E+24    7.792E+04    1.324E+07    1.269E-02    2.219E+01    3.551E-37     r       4.6
6.161E+08    3.961E-07    6.879E+24    7.884E+04    1.397E+07    1.323E-02    2.203E+01    4.997E-37     r       4.6
6.160E+08    4.065E-07    6.879E+24    7.930E+04    1.435E+07    1.351E-02    2.196E+01    5.917E-37     r       4.6
6.156E+08    4.278E-07    6.879E+24    8.021E+04    1.513E+07    1.408E-02    2.181E+01    8.267E-37     r       4.6
6.155E+08    4.388E-07    6.879E+24    8.067E+04    1.553E+07    1.437E-02    2.173E+01    9.756E-37     r       4.6
6.152E+08    4.615E-07    6.879E+24    8.159E+04    1.636E+07    1.497E-02    2.159E+01    1.354E-36     r       4.6
6.150E+08    4.731E-07    6.879E+24    8.205E+04    1.679E+07    1.528E-02    2.151E+01    1.592E-36     r       4.6
6.147E+08    4.971E-07    6.879E+24    8.297E+04    1.767E+07    1.590E-02    2.137E+01    2.195E-36     r       4.6
6.145E+08    5.095E-07    6.879E+24    8.343E+04    1.813E+07    1.622E-02    2.130E+01    2.574E-36     r       4.6
6.142E+08    5.350E-07    6.879E+24    8.435E+04    1.907E+07    1.688E-02    2.116E+01    3.526E-36     r       4.6
6.140E+08    5.481E-07    6.879E+24    8.481E+04    1.955E+07    1.721E-02    2.109E+01    4.120E-36     r       4.6
6.137E+08    5.751E-07    6.879E+24    8.573E+04    2.055E+07    1.789E-02    2.096E+01    5.610E-36     r       4.6
6.136E+08    5.889E-07    6.879E+24    8.619E+04    2.106E+07    1.824E-02    2.089E+01    6.537E-36     r       4.6
6.132E+08    6.175E-07    6.879E+24    8.712E+04    2.212E+07    1.896E-02    2.076E+01    8.848E-36     r       4.6
6.131E+08    6.321E-07    6.879E+24    8.758E+04    2.266E+07    1.932E-02    2.069E+01    1.028E-35     r       4.6
6.127E+08    6.623E-07    6.879E+24    8.851E+04    2.379E+07    2.007E-02    2.056E+01    1.383E-35     r       4.6
6.121E+08    7.260E-07    6.879E+24    9.036E+04    2.617E+07    2.162E-02    2.031E+01    2.479E-35     r       4.6
6.118E+08    7.596E-07    6.879E+24    9.129E+04    2.743E+07    2.243E-02    2.018E+01    3.300E-35     r       4.6
6.111E+08    8.306E-07    6.879E+24    9.315E+04    3.009E+07    2.412E-02    1.994E+01    5.790E-35     r       4.6
6.108E+08    8.679E-07    6.879E+24    9.408E+04    3.150E+07    2.500E-02    1.982E+01    7.631E-35     r       4.6
6.102E+08    9.467E-07    6.879E+24    9.594E+04    3.448E+07    2.683E-02    1.959E+01    1.313E-34     r       4.6
6.098E+08    9.881E-07    6.879E+24    9.688E+04    3.605E+07    2.778E-02    1.948E+01    1.714E-34     r       4.6
6.092E+08    1.075E-06    6.879E+24    9.875E+04    3.937E+07    2.976E-02    1.926E+01    2.895E-34     r       4.6
6.089E+08    1.121E-06    6.879E+24    9.969E+04    4.111E+07    3.079E-02    1.915E+01    3.745E-34     r       4.6
6.082E+08    1.217E-06    6.879E+24    1.016E+05    4.480E+07    3.293E-02    1.894E+01    6.218E-34     r       4.6
6.079E+08    1.268E-06    6.879E+24    1.025E+05    4.674E+07    3.404E-02    1.883E+01    7.978E-34     r       4.6
6.073E+08    1.374E-06    6.879E+24    1.044E+05    5.082E+07    3.635E-02    1.863E+01    1.303E-33     r       4.6
6.069E+08    1.429E-06    6.879E+24    1.053E+05    5.297E+07    3.755E-02    1.853E+01    1.659E-33     r       4.6
6.063E+08    1.546E-06    6.879E+24    1.072E+05    5.748E+07    4.003E-02    1.834E+01    2.668E-33     r       4.6
6.060E+08    1.606E-06    6.879E+24    1.082E+05    5.985E+07    4.131E-02    1.824E+01    3.371E-33     r       4.6
6.053E+08    1.734E-06    6.879E+24    1.101E+05    6.483E+07    4.398E-02    1.805E+01    5.344E-33     r       4.6
6.050E+08    1.801E-06    6.879E+24    1.110E+05    6.744E+07    4.536E-02    1.796E+01    6.705E-33     r       4.6
6.044E+08    1.940E-06    6.879E+24    1.129E+05    7.292E+07    4.822E-02    1.778E+01    1.049E-32     r       4.6
6.040E+08    2.013E-06    6.879E+24    1.139E+05    7.579E+07    4.970E-02    1.769E+01    1.307E-32     r       4.6
6.034E+08    2.165E-06    6.879E+24    1.158E+05    8.181E+07    5.276E-02    1.752E+01    2.017E-32     r       4.6
6.031E+08    2.245E-06    6.879E+24    1.167E+05    8.497E+07    5.435E-02    1.743E+01    2.498E-32     r       4.6
6.024E+08    2.411E-06    6.879E+24    1.187E+05    9.157E+07    5.762E-02    1.726E+01    3.810E-32     r       4.6
6.021E+08    2.497E-06    6.879E+24    1.196E+05    9.502E+07    5.931E-02    1.718E+01    4.690E-32     r       4.6
6.014E+08    2.677E-06    6.879E+24    1.215E+05    1.022E+08    6.281E-02    1.702E+01    7.068E-32     r       4.6
6.011E+08    2.771E-06    6.879E+24    1.225E+05    1.060E+08    6.462E-02    1.694E+01    8.653E-32     r       4.6
6.005E+08    2.967E-06    6.879E+24    1.244E+05    1.139E+08    6.835E-02    1.678E+01    1.290E-31     r       4.6
6.002E+08    3.069E-06    6.879E+24    1.254E+05    1.180E+08    7.028E-02    1.671E+01    1.570E-31     r       4.6
5.995E+08    3.281E-06    6.879E+24    1.273E+05    1.266E+08    7.426E-02    1.655E+01    2.316E-31     r       4.6
5.992E+08    3.391E-06    6.879E+24    1.283E+05    1.311E+08    7.631E-02    1.648E+01    2.806E-31     r       4.6
5.985E+08    3.620E-06    6.879E+24    1.302E+05    1.405E+08    8.054E-02    1.633E+01    4.096E-31     r       4.6
5.982E+08    3.739E-06    6.879E+24    1.312E+05    1.454E+08    8.273E-02    1.626E+01    4.938E-31     r       4.6
5.976E+08    3.987E-06    6.879E+24    1.331E+05    1.555E+08    8.723E-02    1.612E+01    7.141E-31     r       4.6
5.973E+08    4.116E-06    6.879E+24    1.341E+05    1.608E+08    8.954E-02    1.605E+01    8.568E-31     r       4.6
5.966E+08    4.383E-06    6.879E+24    1.361E+05    1.719E+08    9.432E-02    1.591E+01    1.228E-30     r       4.6
5.963E+08    4.521E-06    6.879E+24    1.371E+05    1.776E+08    9.678E-02    1.585E+01    1.467E-30     r       4.6
5.956E+08    4.809E-06    6.879E+24    1.390E+05    1.896E+08    1.019E-01    1.571E+01    2.084E-30     r       4.6
5.953E+08    4.958E-06    6.879E+24    1.400E+05    1.958E+08    1.045E-01    1.565E+01    2.478E-30     r       4.6
5.947E+08    5.267E-06    6.879E+24    1.420E+05    2.088E+08    1.098E-01    1.552E+01    3.492E-30     r       4.6
5.943E+08    5.428E-06    6.879E+24    1.429E+05    2.155E+08    1.126E-01    1.545E+01    4.136E-30     r       4.6
5.937E+08    5.760E-06    6.879E+24    1.449E+05    2.296E+08    1.183E-01    1.533E+01    5.781E-30     r       4.6
5.934E+08    5.932E-06    6.879E+24    1.459E+05    2.368E+08    1.212E-01    1.527E+01    6.822E-30     r       4.6
5.927E+08    6.288E-06    6.879E+24    1.479E+05    2.520E+08    1.272E-01    1.515E+01    9.463E-30     r       4.6
5.924E+08    6.472E-06    6.879E+24    1.489E+05    2.598E+08    1.303E-01    1.509E+01    1.112E-29     r       4.6
5.918E+08    6.854E-06    6.879E+24    1.509E+05    2.761E+08    1.367E-01    1.497E+01    1.532E-29     r       4.6
5.914E+08    7.051E-06    6.879E+24    1.519E+05    2.846E+08    1.399E-01    1.491E+01    1.794E-29     r       4.6
5.908E+08    7.460E-06    6.879E+24    1.538E+05    3.021E+08    1.467E-01    1.480E+01    2.453E-29     r       4.6
5.905E+08    7.671E-06    6.879E+24    1.548E+05    3.113E+08    1.501E-01    1.474E+01    2.864E-29     r       4.6
5.898E+08    8.107E-06    6.879E+24    1.568E+05    3.302E+08    1.572E-01    1.463E+01    3.890E-29     r       4.6
5.895E+08    8.332E-06    6.879E+24    1.578E+05    3.399E+08    1.608E-01    1.457E+01    4.526E-29     r       4.6
5.889E+08    8.798E-06    6.879E+24    1.599E+05    3.602E+08    1.683E-01    1.446E+01    6.107E-29     r       4.6
5.885E+08    9.039E-06    6.879E+24    1.609E+05    3.708E+08    1.721E-01    1.441E+01    7.083E-29     r       4.6
5.879E+08    9.535E-06    6.879E+24    1.629E+05    3.926E+08    1.800E-01    1.431E+01    9.499E-29     r       4.6
5.876E+08    9.792E-06    6.879E+24    1.639E+05    4.038E+08    1.840E-01    1.425E+01    1.098E-28     r       4.6
5.869E+08    1.032E-05    6.879E+24    1.659E+05    4.272E+08    1.923E-01    1.415E+01    1.464E-28     r       4.6
5.866E+08    1.059E-05    6.879E+24    1.669E+05    4.393E+08    1.965E-01    1.410E+01    1.688E-28     r       4.6
5.860E+08    1.116E-05    6.879E+24    1.689E+05    4.643E+08    2.053E-01    1.400E+01    2.238E-28     r       4.6
5.856E+08    1.145E-05    6.879E+24    1.699E+05    4.773E+08    2.097E-01    1.395E+01    2.572E-28     r       4.6
5.850E+08    1.205E-05    6.879E+24    1.720E+05    5.041E+08    2.189E-01    1.385E+01    3.391E-28     r       4.6
5.847E+08    1.235E-05    6.879E+24    1.730E+05    5.179E+08    2.236E-01    1.380E+01    3.888E-28     r       4.6
5.840E+08    1.299E-05    6.879E+24    1.750E+05    5.466E+08    2.332E-01    1.371E+01    5.097E-28     r       4.6
5.837E+08    1.332E-05    6.879E+24    1.761E+05    5.614E+08    2.381E-01    1.366E+01    5.829E-28     r       4.6
5.831E+08    1.399E-05    6.879E+24    1.781E+05    5.920E+08    2.482E-01    1.357E+01    7.603E-28     r       4.6
5.827E+08    1.434E-05    6.879E+24    1.791E+05    6.078E+08    2.534E-01    1.352E+01    8.673E-28     r       4.6
5.821E+08    1.506E-05    6.879E+24    1.812E+05    6.404E+08    2.640E-01    1.343E+01    1.126E-27     r       4.6
5.818E+08    1.542E-05    6.879E+24    1.822E+05    6.573E+08    2.694E-01    1.339E+01    1.281E-27     r       4.6
5.811E+08    1.618E-05    6.879E+24    1.843E+05    6.921E+08    2.805E-01    1.330E+01    1.654E-27     r       4.6
5.808E+08    1.657E-05    6.879E+24    1.853E+05    7.101E+08    2.862E-01    1.326E+01    1.878E-27     r       4.6
5.802E+08    1.737E-05    6.879E+24    1.874E+05    7.472E+08    2.978E-01    1.317E+01    2.415E-27     r       4.6
5.798E+08    1.779E-05    6.879E+24    1.884E+05    7.664E+08    3.038E-01    1.313E+01    2.735E-27     r       4.6
5.792E+08    1.863E-05    6.879E+24    1.905E+05    8.059E+08    3.159E-01    1.304E+01    3.501E-27     r       4.6
5.789E+08    1.907E-05    6.879E+24    1.915E+05    8.263E+08    3.222E-01    1.300E+01    3.957E-27     r       4.6
5.782E+08    1.997E-05    6.879E+24    1.936E+05    8.683E+08    3.349E-01    1.292E+01    5.043E-27     r       4.6
5.779E+08    2.043E-05    6.879E+24    1.946E+05    8.900E+08    3.414E-01    1.288E+01    5.687E-27     r       4.6
5.772E+08    2.137E-05    6.879E+24    1.967E+05    9.347E+08    3.548E-01    1.280E+01    7.218E-27     r       4.6
5.769E+08    2.186E-05    6.879E+24    1.978E+05    9.577E+08    3.616E-01    1.276E+01    8.123E-27     r       4.6
5.763E+08    2.286E-05    6.879E+24    1.999E+05    1.005E+09    3.756E-01    1.268E+01    1.027E-26     r       4.6
5.750E+08    2.497E-05    6.879E+24    2.041E+05    1.106E+09    4.047E-01    1.252E+01    1.628E-26     r       4.6
5.743E+08    2.608E-05    6.879E+24    2.062E+05    1.159E+09    4.199E-01    1.245E+01    2.042E-26     r       4.6
5.731E+08    2.842E-05    6.879E+24    2.104E+05    1.273E+09    4.517E-01    1.230E+01    3.189E-26     r       4.6
5.724E+08    2.965E-05    6.879E+24    2.125E+05    1.333E+09    4.683E-01    1.223E+01    3.972E-26     r       4.6
5.711E+08    3.224E-05    6.879E+24    2.168E+05    1.460E+09    5.030E-01    1.209E+01    6.117E-26     r       4.6
5.705E+08    3.360E-05    6.879E+24    2.189E+05    1.527E+09    5.210E-01    1.202E+01    7.565E-26     r       4.6
5.692E+08    3.645E-05    6.879E+24    2.232E+05    1.670E+09    5.586E-01    1.188E+01    1.150E-25     r       4.6
5.685E+08    3.795E-05    6.879E+24    2.254E+05    1.745E+09    5.782E-01    1.181E+01    1.413E-25     r       4.6
5.672E+08    4.110E-05    6.879E+24    2.297E+05    1.904E+09    6.190E-01    1.168E+01    2.121E-25     r       4.6
5.666E+08    4.275E-05    6.879E+24    2.319E+05    1.988E+09    6.402E-01    1.162E+01    2.591E-25     r       4.6
5.653E+08    4.621E-05    6.879E+24    2.362E+05    2.165E+09    6.844E-01    1.149E+01    3.844E-25     r       4.6
5.647E+08    4.802E-05    6.879E+24    2.384E+05    2.258E+09    7.074E-01    1.143E+01    4.669E-25     r       4.6
5.634E+08    5.181E-05    6.879E+24    2.428E+05    2.455E+09    7.552E-01    1.131E+01    6.849E-25     r       4.6
5.627E+08    5.380E-05    6.879E+24    2.450E+05    2.559E+09    7.800E-01    1.125E+01    8.274E-25     r       4.6
5.614E+08    5.795E-05    6.879E+24    2.494E+05    2.777E+09    8.316E-01    1.113E+01    1.201E-24     r       4.6
5.608E+08    6.012E-05    6.879E+24    2.516E+05    2.892E+09    8.584E-01    1.108E+01    1.444E-24     r       4.6
5.595E+08    6.465E-05    6.879E+24    2.561E+05    3.134E+09    9.141E-01    1.096E+01    2.075E-24     r       4.6
5.589E+08    6.702E-05    6.879E+24    2.583E+05    3.261E+09    9.429E-01    1.091E+01    2.482E-24     r       4.6
5.576E+08    7.196E-05    6.879E+24    2.628E+05    3.529E+09    1.003E+00    1.080E+01    3.533E-24     r       4.6
5.569E+08    7.454E-05    6.879E+24    2.650E+05    3.669E+09    1.034E+00    1.075E+01    4.206E-24     r       4.6
5.556E+08    7.992E-05    6.879E+24    2.695E+05    3.964E+09    1.098E+00    1.064E+01    5.935E-24     r       4.6
5.550E+08    8.272E-05    6.879E+24    2.718E+05    4.119E+09    1.132E+00    1.059E+01    7.035E-24     r       4.6
5.537E+08    8.857E-05    6.879E+24    2.763E+05    4.444E+09    1.201E+00    1.049E+01    9.842E-24     r       4.6
5.530E+08    9.161E-05    6.879E+24    2.786E+05    4.615E+09    1.237E+00    1.044E+01    1.162E-23     r       4.6
5.518E+08    9.795E-05    6.879E+24    2.832E+05    4.972E+09    1.311E+00    1.034E+01    1.612E-23     r       4.6
5.511E+08    1.013E-04    6.879E+24    2.855E+05    5.160E+09    1.350E+00    1.029E+01    1.895E-23     r       4.6
5.498E+08    1.081E-04    6.879E+24    2.901E+05    5.553E+09    1.430E+00    1.020E+01    2.609E-23     r       4.6
5.492E+08    1.117E-04    6.879E+24    2.924E+05    5.758E+09    1.471E+00    1.015E+01    3.056E-23     r       4.6
5.479E+08    1.191E-04    6.879E+24    2.970E+05    6.189E+09    1.556E+00    1.006E+01    4.177E-23     r       4.6
5.472E+08    1.230E-04    6.879E+24    2.994E+05    6.414E+09    1.600E+00    1.001E+01    4.874E-23     r       4.6
5.459E+08    1.310E-04    6.879E+24    3.040E+05    6.886E+09    1.692E+00    9.921E+00    6.615E-23     r       4.6
5.453E+08    1.352E-04    6.879E+24    3.064E+05    7.133E+09    1.739E+00    9.876E+00    7.692E-23     r       4.6
5.440E+08    1.438E-04    6.879E+24    3.111E+05    7.649E+09    1.836E+00    9.789E+00    1.037E-22     r       4.6
5.434E+08    1.483E-04    6.879E+24    3.134E+05    7.919E+09    1.887E+00    9.746E+00    1.202E-22     r       4.6
5.421E+08    1.576E-04    6.879E+24    3.182E+05    8.483E+09    1.991E+00    9.662E+00    1.610E-22     r       4.6
5.414E+08    1.624E-04    6.879E+24    3.205E+05    8.777E+09    2.045E+00    9.620E+00    1.860E-22     r       4.6
5.401E+08    1.724E-04    6.879E+24    3.253E+05    9.392E+09    2.156E+00    9.538E+00    2.475E-22     r       4.6
5.395E+08    1.776E-04    6.879E+24    3.277E+05    9.713E+09    2.214E+00    9.498E+00    2.851E-22     r       4.6
5.382E+08    1.884E-04    6.879E+24    3.325E+05    1.038E+10    2.332E+00    9.418E+00    3.772E-22     r       4.6
5.376E+08    1.940E-04    6.879E+24    3.349E+05    1.073E+10    2.393E+00    9.379E+00    4.333E-22     r       4.6
5.363E+08    2.055E-04    6.879E+24    3.398E+05    1.146E+10    2.520E+00    9.301E+00    5.700E-22     r       4.6
5.356E+08    2.115E-04    6.879E+24    3.422E+05    1.184E+10    2.585E+00    9.263E+00    6.529E-22     r       4.6
5.343E+08    2.239E-04    6.879E+24    3.471E+05    1.264E+10    2.719E+00    9.187E+00    8.543E-22     r       4.6
5.337E+08    2.303E-04    6.879E+24    3.495E+05    1.305E+10    2.789E+00    9.150E+00    9.758E-22     r       4.6
5.324E+08    2.435E-04    6.879E+24    3.544E+05    1.391E+10    2.932E+00    9.076E+00    1.270E-21     r       4.6
5.317E+08    2.504E-04    6.879E+24    3.569E+05    1.436E+10    3.005E+00    9.040E+00    1.447E-21     r       4.6
5.305E+08    2.646E-04    6.879E+24    3.619E+05    1.530E+10    3.157E+00    8.968E+00    1.874E-21     r       4.6
5.298E+08    2.719E-04    6.879E+24    3.643E+05    1.578E+10    3.236E+00    8.933E+00    2.130E-21     r       4.6
5.285E+08    2.870E-04    6.879E+24    3.693E+05    1.680E+10    3.397E+00    8.863E+00    2.745E-21     r       4.6
5.279E+08    2.948E-04    6.879E+24    3.718E+05    1.733E+10    3.480E+00    8.829E+00    3.112E-21     r       4.6
5.266E+08    3.110E-04    6.879E+24    3.769E+05    1.842E+10    3.651E+00    8.760E+00    3.992E-21     r       4.6
5.259E+08    3.194E-04    6.879E+24    3.794E+05    1.900E+10    3.740E+00    8.727E+00    4.517E-21     r       4.6
5.246E+08    3.366E-04    6.879E+24    3.844E+05    2.018E+10    3.921E+00    8.660E+00    5.768E-21     r       4.6
5.240E+08    3.455E-04    6.879E+24    3.870E+05    2.080E+10    4.015E+00    8.628E+00    6.511E-21     r       4.6
5.227E+08    3.638E-04    6.879E+24    3.921E+05    2.209E+10    4.207E+00    8.563E+00    8.278E-21     r       4.6
5.221E+08    3.733E-04    6.879E+24    3.946E+05    2.276E+10    4.307E+00    8.531E+00    9.324E-21     r       4.6
5.208E+08    3.929E-04    6.879E+24    3.998E+05    2.414E+10    4.511E+00    8.467E+00    1.181E-20     r       4.6
5.201E+08    4.029E-04    6.879E+24    4.024E+05    2.486E+10    4.616E+00    8.436E+00    1.327E-20     r       4.6
5.188E+08    4.237E-04    6.879E+24    4.075E+05    2.636E+10    4.832E+00    8.374E+00    1.674E-20     r       4.6
5.182E+08    4.344E-04    6.879E+24    4.101E+05    2.714E+10    4.943E+00    8.344E+00    1.878E-20     r       4.6
5.169E+08    4.565E-04    6.879E+24    4.153E+05    2.876E+10    5.171E+00    8.283E+00    2.359E-20     r       4.6
5.163E+08    4.679E-04    6.879E+24    4.180E+05    2.960E+10    5.289E+00    8.254E+00    2.641E-20     r       4.6
5.150E+08    4.914E-04    6.879E+24    4.232E+05    3.134E+10    5.531E+00    8.195E+00    3.305E-20     r       4.6
5.143E+08    5.034E-04    6.879E+24    4.259E+05    3.224E+10    5.655E+00    8.165E+00    3.694E-20     r       4.6
5.130E+08    5.283E-04    6.879E+24    4.311E+05    3.412E+10    5.911E+00    8.108E+00    4.607E-20     r       4.6
5.124E+08    5.411E-04    6.879E+24    4.338E+05    3.509E+10    6.042E+00    8.079E+00    5.140E-20     r       4.6
5.111E+08    5.675E-04    6.879E+24    4.391E+05    3.711E+10    6.312E+00    8.023E+00    6.387E-20     r       4.6
5.104E+08    5.811E-04    6.879E+24    4.418E+05    3.816E+10    6.451E+00    7.995E+00    7.113E-20     r       4.6
5.092E+08    6.090E-04    6.879E+24    4.472E+05    4.033E+10    6.736E+00    7.939E+00    8.809E-20     r       4.6
5.085E+08    6.234E-04    6.879E+24    4.499E+05    4.146E+10    6.882E+00    7.912E+00    9.795E-20     r       4.6
5.072E+08    6.530E-04    6.879E+24    4.553E+05    4.379E+10    7.184E+00    7.858E+00    1.209E-19     r       4.6
5.066E+08    6.682E-04    6.879E+24    4.580E+05    4.500E+10    7.338E+00    7.831E+00    1.342E-19     r       4.6
5.053E+08    6.995E-04    6.879E+24    4.635E+05    4.751E+10    7.656E+00    7.778E+00    1.652E-19     r       4.6
5.046E+08    7.156E-04    6.879E+24    4.662E+05    4.881E+10    7.819E+00    7.752E+00    1.831E-19     r       4.6
5.033E+08    7.487E-04    6.879E+24    4.717E+05    5.150E+10    8.154E+00    7.700E+00    2.246E-19     r       4.6
5.027E+08    7.657E-04    6.879E+24    4.745E+05    5.289E+10    8.326E+00    7.675E+00    2.485E-19     r       4.6
5.014E+08    8.006E-04    6.879E+24    4.800E+05    5.578E+10    8.679E+00    7.624E+00    3.040E-19     r       4.6
5.008E+08    8.186E-04    6.879E+24    4.828E+05    5.727E+10    8.860E+00    7.599E+00    3.359E-19     r       4.6
4.995E+08    8.555E-04    6.879E+24    4.884E+05    6.037E+10    9.232E+00    7.549E+00    4.097E-19     r       4.6
4.988E+08    8.744E-04    6.879E+24    4.912E+05    6.197E+10    9.423E+00    7.524E+00    4.521E-19     r       4.6
4.975E+08    9.134E-04    6.879E+24    4.968E+05    6.529E+10    9.815E+00    7.475E+00    5.499E-19     r       4.6
4.969E+08    9.333E-04    6.879E+24    4.997E+05    6.700E+10    1.002E+01    7.451E+00    6.060E-19     r       4.6
4.956E+08    9.744E-04    6.879E+24    5.053E+05    7.055E+10    1.043E+01    7.403E+00    7.350E-19     r       4.6
4.950E+08    9.955E-04    6.879E+24    5.082E+05    7.239E+10    1.064E+01    7.380E+00    8.089E-19     r       4.6
4.937E+08    1.039E-03    6.879E+24    5.139E+05    7.619E+10    1.107E+01    7.333E+00    9.785E-19     r       4.6
4.930E+08    1.061E-03    6.879E+24    5.168E+05    7.816E+10    1.130E+01    7.309E+00    1.076E-18     r       4.6
4.917E+08    1.106E-03    6.879E+24    5.226E+05    8.223E+10    1.175E+01    7.263E+00    1.298E-18     r       4.6
4.911E+08    1.130E-03    6.879E+24    5.254E+05    8.433E+10    1.199E+01    7.241E+00    1.425E-18     r       4.6
4.898E+08    1.178E-03    6.879E+24    5.313E+05    8.868E+10    1.247E+01    7.195E+00    1.715E-18     r       4.6
4.892E+08    1.202E-03    6.879E+24    5.342E+05    9.093E+10    1.271E+01    7.173E+00    1.880E-18     r       4.6
4.879E+08    1.253E-03    6.879E+24    5.400E+05    9.558E+10    1.322E+01    7.129E+00    2.258E-18     r       4.6
4.872E+08    1.279E-03    6.879E+24    5.430E+05    9.798E+10    1.348E+01    7.107E+00    2.472E-18     r       4.6
4.859E+08    1.332E-03    6.879E+24    5.489E+05    1.029E+11    1.401E+01    7.063E+00    2.962E-18     r       4.6
4.853E+08    1.359E-03    6.879E+24    5.518E+05    1.055E+11    1.428E+01    7.041E+00    3.240E-18     r       4.6
4.840E+08    1.415E-03    6.879E+24    5.578E+05    1.108E+11    1.484E+01    6.999E+00    3.873E-18     r       4.6
4.833E+08    1.443E-03    6.879E+24    5.608E+05    1.136E+11    1.512E+01    6.977E+00    4.232E-18     r       4.6
4.821E+08    1.502E-03    6.879E+24    5.668E+05    1.192E+11    1.571E+01    6.935E+00    5.047E-18     r       4.6
4.795E+08    1.625E-03    6.879E+24    5.789E+05    1.313E+11    1.694E+01    6.853E+00    7.147E-18     r       4.6
4.782E+08    1.689E-03    6.879E+24    5.850E+05    1.377E+11    1.759E+01    6.812E+00    8.488E-18     r       4.6
4.756E+08    1.825E-03    6.879E+24    5.973E+05    1.515E+11    1.894E+01    6.732E+00    1.192E-17     r       4.6
4.743E+08    1.896E-03    6.879E+24    6.035E+05    1.588E+11    1.965E+01    6.693E+00    1.410E-17     r       4.6
4.717E+08    2.045E-03    6.879E+24    6.160E+05    1.744E+11    2.114E+01    6.616E+00    1.966E-17     r       4.6
4.704E+08    2.123E-03    6.879E+24    6.223E+05    1.827E+11    2.192E+01    6.577E+00    2.316E-17     r       4.6
4.679E+08    2.286E-03    6.879E+24    6.350E+05    2.003E+11    2.356E+01    6.503E+00    3.205E-17     r       4.6
4.666E+08    2.371E-03    6.879E+24    6.414E+05    2.097E+11    2.442E+01    6.466E+00    3.763E-17     r       4.6
4.640E+08    2.550E-03    6.879E+24    6.543E+05    2.297E+11    2.622E+01    6.393E+00    5.170E-17     r       4.6
4.627E+08    2.643E-03    6.879E+24    6.608E+05    2.403E+11    2.716E+01    6.358E+00    6.049E-17     r       4.6
4.601E+08    2.839E-03    6.879E+24    6.740E+05    2.629E+11    2.914E+01    6.287E+00    8.256E-17     r       4.6
4.588E+08    2.941E-03    6.879E+24    6.806E+05    2.749E+11    3.017E+01    6.253E+00    9.630E-17     r       4.6
4.562E+08    3.154E-03    6.879E+24    6.939E+05    3.004E+11    3.233E+01    6.185E+00    1.306E-16     r       4.6
4.549E+08    3.266E-03    6.879E+24    7.007E+05    3.139E+11    3.346E+01    6.151E+00    1.518E-16     r       4.6
4.524E+08    3.498E-03    6.879E+24    7.143E+05    3.427E+11    3.583E+01    6.085E+00    2.047E-16     r       4.6
4.511E+08    3.619E-03    6.879E+24    7.211E+05    3.579E+11    3.707E+01    6.052E+00    2.373E-16     r       4.6
4.485E+08    3.872E-03    6.879E+24    7.349E+05    3.903E+11    3.966E+01    5.988E+00    3.181E-16     r       4.6
4.472E+08    4.004E-03    6.879E+24    7.419E+05    4.074E+11    4.102E+01    5.956E+00    3.677E-16     r       4.6
4.446E+08    4.280E-03    6.879E+24    7.560E+05    4.438E+11    4.385E+01    5.894E+00    4.902E-16     r       4.6
4.433E+08    4.423E-03    6.879E+24    7.631E+05    4.631E+11    4.534E+01    5.863E+00    5.652E-16     r       4.6
4.407E+08    4.722E-03    6.879E+24    7.774E+05    5.040E+11    4.843E+01    5.802E+00    7.494E-16     r       4.6
4.395E+08    4.877E-03    6.879E+24    7.846E+05    5.257E+11    5.005E+01    5.772E+00    8.619E-16     r       4.6
4.369E+08    5.201E-03    6.879E+24    7.991E+05    5.717E+11    5.343E+01    5.712E+00    1.137E-15     r       4.6
4.356E+08    5.370E-03    6.879E+24    8.065E+05    5.960E+11    5.520E+01    5.683E+00    1.305E-15     r       4.6
4.330E+08    5.720E-03    6.879E+24    8.213E+05    6.475E+11    5.889E+01    5.625E+00    1.713E-15     r       4.6
4.317E+08    5.903E-03    6.879E+24    8.288E+05    6.748E+11    6.081E+01    5.597E+00    1.961E-15     r       4.6
4.291E+08    6.282E-03    6.879E+24    8.439E+05    7.325E+11    6.484E+01    5.541E+00    2.564E-15     r       4.6
4.278E+08    6.480E-03    6.879E+24    8.515E+05    7.630E+11    6.694E+01    5.513E+00    2.928E-15     r       4.6
4.253E+08    6.890E-03    6.879E+24    8.668E+05    8.277E+11    7.132E+01    5.458E+00    3.811E-15     r       4.5
4.240E+08    7.103E-03    6.879E+24    8.746E+05    8.619E+11    7.361E+01    5.431E+00    4.343E-15     r       4.5
4.214E+08    7.546E-03    6.879E+24    8.902E+05    9.342E+11    7.839E+01    5.377E+00    5.629E-15     r       4.5
4.201E+08    7.775E-03    6.879E+24    8.981E+05    9.724E+11    8.088E+01    5.350E+00    6.402E-15     r       4.5
4.175E+08    8.253E-03    6.879E+24    9.140E+05    1.053E+12    8.608E+01    5.298E+00    8.264E-15     r       4.5
4.162E+08    8.501E-03    6.879E+24    9.220E+05    1.096E+12    8.879E+01    5.272E+00    9.380E-15     r       4.5
4.136E+08    9.015E-03    6.879E+24    9.382E+05    1.186E+12    9.445E+01    5.221E+00    1.206E-14     r       4.5
4.123E+08    9.282E-03    6.879E+24    9.464E+05    1.234E+12    9.741E+01    5.196E+00    1.367E-14     r       4.5
4.098E+08    9.835E-03    6.879E+24    9.629E+05    1.335E+12    1.036E+02    5.146E+00    1.751E-14     r       4.5
4.085E+08    1.012E-02    6.879E+24    9.712E+05    1.388E+12    1.068E+02    5.121E+00    1.980E-14     r       4.5
4.059E+08    1.072E-02    6.879E+24    9.881E+05    1.501E+12    1.135E+02    5.072E+00    2.528E-14     r       4.5
4.046E+08    1.103E-02    6.879E+24    9.966E+05    1.560E+12    1.170E+02    5.048E+00    2.854E-14     r       4.5
4.020E+08    1.167E-02    6.879E+24    1.014E+06    1.686E+12    1.242E+02    5.000E+00    3.632E-14     r       4.5
4.007E+08    1.200E-02    6.879E+24    1.022E+06    1.752E+12    1.280E+02    4.976E+00    4.094E-14     r       4.5
3.981E+08    1.268E-02    6.879E+24    1.040E+06    1.892E+12    1.359E+02    4.929E+00    5.192E-14     r       4.5
3.969E+08    1.304E-02    6.879E+24    1.049E+06    1.966E+12    1.400E+02    4.906E+00    5.842E-14     r       4.5
3.943E+08    1.378E-02    6.879E+24    1.066E+06    2.122E+12    1.486E+02    4.860E+00    7.386E-14     r       4.5
3.930E+08    1.416E-02    6.879E+24    1.075E+06    2.204E+12    1.531E+02    4.837E+00    8.299E-14     r       4.5
3.904E+08    1.495E-02    6.879E+24    1.094E+06    2.378E+12    1.624E+02    4.792E+00    1.046E-13     r       4.5
3.891E+08    1.535E-02    6.879E+24    1.103E+06    2.469E+12    1.673E+02    4.769E+00    1.174E-13     r       4.5
3.865E+08    1.620E-02    6.879E+24    1.121E+06    2.662E+12    1.774E+02    4.725E+00    1.475E-13     r       4.5
3.852E+08    1.664E-02    6.879E+24    1.130E+06    2.764E+12    1.826E+02    4.703E+00    1.653E-13     r       4.5
3.827E+08    1.754E-02    6.879E+24    1.149E+06    2.979E+12    1.936E+02    4.660E+00    2.071E-13     r       4.5
3.814E+08    1.801E-02    6.879E+24    1.159E+06    3.092E+12    1.993E+02    4.638E+00    2.317E-13     r       4.5
3.788E+08    1.898E-02    6.879E+24    1.178E+06    3.331E+12    2.112E+02    4.596E+00    2.897E-13     r       4.5
3.775E+08    1.948E-02    6.879E+24    1.188E+06    3.457E+12    2.174E+02    4.574E+00    3.236E-13     r       4.5
3.749E+08    2.051E-02    6.879E+24    1.207E+06    3.723E+12    2.303E+02    4.533E+00    4.035E-13     r       4.5
3.736E+08    2.104E-02    6.879E+24    1.217E+06    3.863E+12    2.370E+02    4.512E+00    4.502E-13     r       4.5
3.710E+08    2.215E-02    6.879E+24    1.237E+06    4.158E+12    2.510E+02    4.471E+00    5.599E-13     r       4.5
3.698E+08    2.272E-02    6.879E+24    1.247E+06    4.313E+12    2.583E+02    4.450E+00    6.240E-13     r       4.5
3.672E+08    2.389E-02    6.879E+24    1.268E+06    4.641E+12    2.735E+02    4.410E+00    7.742E-13     r       4.5
3.659E+08    2.450E-02    6.879E+24    1.278E+06    4.813E+12    2.813E+02    4.390E+00    8.618E-13     r       4.5
3.633E+08    2.576E-02    6.879E+24    1.299E+06    5.177E+12    2.978E+02    4.350E+00    1.067E-12     r       4.5
3.620E+08    2.640E-02    6.879E+24    1.309E+06    5.369E+12    3.063E+02    4.330E+00    1.186E-12     r       4.5
3.594E+08    2.774E-02    6.879E+24    1.330E+06    5.773E+12    3.241E+02    4.291E+00    1.465E-12     r       4.5
3.581E+08    2.843E-02    6.879E+24    1.341E+06    5.985E+12    3.333E+02    4.272E+00    1.627E-12     r       4.5
3.556E+08    2.986E-02    6.879E+24    1.363E+06    6.433E+12    3.526E+02    4.233E+00    2.005E-12     r       4.5
3.543E+08    3.059E-02    6.879E+24    1.374E+06    6.669E+12    3.626E+02    4.214E+00    2.224E-12     r       4.5
3.517E+08    3.211E-02    6.879E+24    1.396E+06    7.166E+12    3.835E+02    4.176E+00    2.735E-12     r       4.5
3.504E+08    3.289E-02    6.879E+24    1.407E+06    7.427E+12    3.943E+02    4.157E+00    3.032E-12     r       4.5
3.478E+08    3.450E-02    6.879E+24    1.430E+06    7.978E+12    4.169E+02    4.119E+00    3.720E-12     r       4.5
3.465E+08    3.533E-02    6.879E+24    1.441E+06    8.268E+12    4.286E+02    4.101E+00    4.119E-12     r       4.5
3.439E+08    3.704E-02    6.879E+24    1.464E+06    8.879E+12    4.530E+02    4.064E+00    5.045E-12     r       4.5
3.426E+08    3.793E-02    6.879E+24    1.476E+06    9.200E+12    4.657E+02    4.046E+00    5.581E-12     r       4.5
3.401E+08    3.975E-02    6.879E+24    1.499E+06    9.877E+12    4.921E+02    4.009E+00    6.822E-12     r       4.5
3.388E+08    4.068E-02    6.879E+24    1.511E+06    1.023E+13    5.059E+02    3.991E+00    7.539E-12     r       4.5
3.362E+08    4.261E-02    6.879E+24    1.535E+06    1.098E+13    5.345E+02    3.955E+00    9.199E-12     r       4.5
3.349E+08    4.361E-02    6.879E+24    1.547E+06    1.138E+13    5.493E+02    3.937E+00    1.016E-11     r       4.5
3.323E+08    4.566E-02    6.879E+24    1.572E+06    1.221E+13    5.802E+02    3.902E+00    1.237E-11     r       4.5
3.310E+08    4.671E-02    6.879E+24    1.584E+06    1.264E+13    5.963E+02    3.884E+00    1.365E-11     r       4.5
3.284E+08    4.889E-02    6.879E+24    1.609E+06    1.356E+13    6.297E+02    3.849E+00    1.659E-11     r       4.5
3.272E+08    5.001E-02    6.879E+24    1.622E+06    1.405E+13    6.471E+02    3.832E+00    1.829E-11     r       4.5
3.246E+08    5.231E-02    6.879E+24    1.647E+06    1.507E+13    6.832E+02    3.797E+00    2.220E-11     r       4.5
3.233E+08    5.350E-02    6.879E+24    1.660E+06    1.560E+13    7.020E+02    3.780E+00    2.445E-11     r       4.5
3.207E+08    5.593E-02    6.879E+24    1.686E+06    1.673E+13    7.410E+02    3.746E+00    2.962E-11     r       4.5
3.194E+08    5.719E-02    6.879E+24    1.699E+06    1.732E+13    7.613E+02    3.729E+00    3.260E-11     r       4.5
3.168E+08    5.977E-02    6.879E+24    1.726E+06    1.857E+13    8.035E+02    3.695E+00    3.944E-11     r       4.5
3.155E+08    6.110E-02    6.879E+24    1.740E+06    1.922E+13    8.255E+02    3.678E+00    4.336E-11     r       4.5
3.130E+08    6.383E-02    6.879E+24    1.767E+06    2.060E+13    8.711E+02    3.645E+00    5.238E-11     r       4.5
3.117E+08    6.524E-02    6.879E+24    1.781E+06    2.133E+13    8.947E+02    3.628E+00    5.755E-11     r       4.5
3.091E+08    6.812E-02    6.879E+24    1.809E+06    2.285E+13    9.440E+02    3.595E+00    6.941E-11     r       4.4
3.078E+08    6.961E-02    6.879E+24    1.823E+06    2.366E+13    9.696E+02    3.578E+00    7.620E-11     r       4.4
3.052E+08    7.266E-02    6.879E+24    1.851E+06    2.534E+13    1.023E+03    3.545E+00    9.176E-11     r       4.4
3.039E+08    7.423E-02    6.879E+24    1.865E+06    2.623E+13    1.050E+03    3.529E+00    1.007E-10     r       4.4
3.013E+08    7.745E-02    6.879E+24    1.895E+06    2.810E+13    1.108E+03    3.496E+00    1.211E-10     r       4.4
3.000E+08    7.911E-02    6.879E+24    1.909E+06    2.908E+13    1.138E+03    3.480E+00    1.327E-10     r       4.4
2.975E+08    8.251E-02    6.879E+24    1.939E+06    3.114E+13    1.200E+03    3.448E+00    1.594E-10     r       4.4
2.962E+08    8.425E-02    6.879E+24    1.954E+06    3.222E+13    1.232E+03    3.432E+00    1.746E-10     r       4.4
2.936E+08    8.784E-02    6.879E+24    1.984E+06    3.450E+13    1.299E+03    3.400E+00    2.093E-10     r       4.4
2.923E+08    8.968E-02    6.879E+24    2.000E+06    3.570E+13    1.333E+03    3.384E+00    2.292E-10     r       4.4
2.897E+08    9.347E-02    6.879E+24    2.031E+06    3.821E+13    1.406E+03    3.352E+00    2.744E-10     r       4.4
2.884E+08    9.541E-02    6.879E+24    2.047E+06    3.954E+13    1.443E+03    3.337E+00    3.002E-10     r       4.4
2.859E+08    9.939E-02    6.879E+24    2.078E+06    4.231E+13    1.521E+03    3.305E+00    3.590E-10     r       4.4
2.846E+08    1.014E-01    6.879E+24    2.094E+06    4.377E+13    1.561E+03    3.289E+00    3.925E-10     r       4.4
2.820E+08    1.056E-01    6.879E+24    2.127E+06    4.684E+13    1.645E+03    3.258E+00    4.688E-10     r       4.4
2.807E+08    1.078E-01    6.879E+24    2.143E+06    4.845E+13    1.689E+03    3.242E+00    5.121E-10     r       4.4
2.781E+08    1.122E-01    6.879E+24    2.177E+06    5.184E+13    1.779E+03    3.211E+00    6.109E-10     r       4.4
2.768E+08    1.145E-01    6.879E+24    2.193E+06    5.362E+13    1.826E+03    3.196E+00    6.670E-10     r       4.4
2.742E+08    1.191E-01    6.879E+24    2.227E+06    5.736E+13    1.924E+03    3.165E+00    7.945E-10     r       4.4
2.729E+08    1.215E-01    6.879E+24    2.245E+06    5.932E+13    1.974E+03    3.150E+00    8.669E-10     r       4.4
2.704E+08    1.264E-01    6.879E+24    2.279E+06    6.344E+13    2.079E+03    3.119E+00    1.031E-09     r       4.4
2.691E+08    1.289E-01    6.879E+24    2.297E+06    6.560E+13    2.134E+03    3.104E+00    1.125E-09     r       4.4
2.665E+08    1.340E-01    6.879E+24    2.332E+06    7.015E+13    2.247E+03    3.073E+00    1.336E-09     r       4.4
2.652E+08    1.366E-01    6.879E+24    2.350E+06    7.253E+13    2.305E+03    3.058E+00    1.456E-09     r       4.4
2.626E+08    1.420E-01    6.879E+24    2.387E+06    7.754E+13    2.427E+03    3.027E+00    1.728E-09     r       4.4
2.613E+08    1.447E-01    6.879E+24    2.405E+06    8.017E+13    2.490E+03    3.012E+00    1.882E-09     r       4.3
2.587E+08    1.504E-01    6.879E+24    2.442E+06    8.569E+13    2.621E+03    2.982E+00    2.230E-09     r       4.3
2.575E+08    1.532E-01    6.879E+24    2.461E+06    8.859E+13    2.689E+03    2.967E+00    2.427E-09     r       4.3
2.549E+08    1.591E-01    6.879E+24    2.499E+06    9.466E+13    2.830E+03    2.937E+00    2.874E-09     r       4.3
2.536E+08    1.622E-01    6.879E+24    2.518E+06    9.785E+13    2.903E+03    2.922E+00    3.126E-09     r       4.3
2.510E+08    1.683E-01    6.879E+24    2.557E+06    1.045E+14    3.054E+03    2.892E+00    3.695E-09     r       4.3
2.497E+08    1.715E-01    6.879E+24    2.577E+06    1.081E+14    3.132E+03    2.877E+00    4.017E-09     r       4.3
2.471E+08    1.780E-01    6.879E+24    2.617E+06    1.154E+14    3.295E+03    2.847E+00    4.743E-09     r       4.3
2.458E+08    1.813E-01    6.879E+24    2.637E+06    1.193E+14    3.379E+03    2.832E+00    5.153E-09     r       4.3
2.433E+08    1.880E-01    6.879E+24    2.677E+06    1.274E+14    3.554E+03    2.802E+00    6.077E-09     r       4.3
2.420E+08    1.915E-01    6.879E+24    2.698E+06    1.316E+14    3.644E+03    2.787E+00    6.598E-09     r       4.3
2.394E+08    1.986E-01    6.879E+24    2.740E+06    1.405E+14    3.831E+03    2.757E+00    7.771E-09     r       4.3
2.381E+08    2.022E-01    6.879E+24    2.761E+06    1.452E+14    3.928E+03    2.742E+00    8.432E-09     r       4.3
2.355E+08    2.095E-01    6.879E+24    2.803E+06    1.550E+14    4.129E+03    2.713E+00    9.920E-09     r       4.3
2.342E+08    2.133E-01    6.879E+24    2.825E+06    1.601E+14    4.233E+03    2.698E+00    1.076E-08     r       4.3
2.316E+08    2.210E-01    6.879E+24    2.868E+06    1.708E+14    4.449E+03    2.668E+00    1.264E-08     r       4.2
2.303E+08    2.249E-01    6.879E+24    2.890E+06    1.764E+14    4.560E+03    2.653E+00    1.369E-08     r       4.2
2.278E+08    2.329E-01    6.878E+24    2.935E+06    1.882E+14    4.791E+03    2.624E+00    1.607E-08     r       4.2
2.265E+08    2.370E-01    6.878E+24    2.957E+06    1.944E+14    4.910E+03    2.609E+00    1.740E-08     r       4.2
2.239E+08    2.453E-01    6.878E+24    3.002E+06    2.073E+14    5.157E+03    2.579E+00    2.039E-08     r       4.2
2.226E+08    2.495E-01    6.878E+24    3.025E+06    2.140E+14    5.284E+03    2.564E+00    2.207E-08     r       4.2
2.200E+08    2.582E-01    6.878E+24    3.072E+06    2.281E+14    5.548E+03    2.535E+00    2.583E-08     r       4.2
2.187E+08    2.626E-01    6.878E+24    3.095E+06    2.355E+14    5.684E+03    2.520E+00    2.794E-08     r       4.2
2.161E+08    2.716E-01    6.878E+24    3.143E+06    2.510E+14    5.966E+03    2.490E+00    3.265E-08     r       4.2
2.149E+08    2.762E-01    6.877E+24    3.167E+06    2.591E+14    6.111E+03    2.476E+00    3.529E-08     r       4.2
2.123E+08    2.855E-01    6.877E+24    3.216E+06    2.760E+14    6.412E+03    2.446E+00    4.120E-08     r       4.2
2.110E+08    2.902E-01    6.877E+24    3.240E+06    2.849E+14    6.567E+03    2.431E+00    4.449E-08     r       4.1
2.084E+08    2.999E-01    6.876E+24    3.290E+06    3.033E+14    6.888E+03    2.402E+00    5.187E-08     r       4.1
2.071E+08    3.048E-01    6.876E+24    3.315E+06    3.130E+14    7.053E+03    2.387E+00    5.598E-08     r       4.1
2.045E+08    3.147E-01    6.875E+24    3.365E+06    3.331E+14    7.395E+03    2.357E+00    6.516E-08     r       4.1
2.032E+08    3.198E-01    6.875E+24    3.391E+06    3.437E+14    7.571E+03    2.342E+00    7.028E-08     r       4.1
2.007E+08    3.301E-01    6.874E+24    3.443E+06    3.657E+14    7.934E+03    2.313E+00    8.169E-08     r       4.1
1.994E+08    3.354E-01    6.874E+24    3.469E+06    3.771E+14    8.121E+03    2.298E+00    8.804E-08     r       4.1
1.968E+08    3.460E-01    6.873E+24    3.522E+06    4.011E+14    8.507E+03    2.268E+00    1.022E-07     r       4.1
1.955E+08    3.514E-01    6.872E+24    3.549E+06    4.135E+14    8.705E+03    2.254E+00    1.101E-07     r       4.1
1.929E+08    3.624E-01    6.871E+24    3.603E+06    4.396E+14    9.115E+03    2.224E+00    1.276E-07     r       4.0
1.916E+08    3.679E-01    6.870E+24    3.630E+06    4.531E+14    9.325E+03    2.209E+00    1.373E-07     r       4.0
1.890E+08    3.792E-01    6.869E+24    3.685E+06    4.814E+14    9.759E+03    2.179E+00    1.588E-07     r       4.0
1.877E+08    3.849E-01    6.868E+24    3.713E+06    4.961E+14    9.982E+03    2.165E+00    1.708E-07     r       4.0
1.852E+08    3.965E-01    6.866E+24    3.769E+06    5.268E+14    1.044E+04    2.135E+00    1.973E-07     r       4.0
1.839E+08    4.023E-01    6.864E+24    3.798E+06    5.427E+14    1.068E+04    2.120E+00    2.120E-07     r       4.0
1.813E+08    4.142E-01    6.862E+24    3.855E+06    5.759E+14    1.116E+04    2.090E+00    2.446E-07     r       4.0
1.800E+08    4.202E-01    6.860E+24    3.884E+06    5.932E+14    1.141E+04    2.076E+00    2.626E-07     r       3.9
1.774E+08    4.324E-01    6.857E+24    3.942E+06    6.291E+14    1.192E+04    2.046E+00    3.024E-07     r       3.9
1.761E+08    4.385E-01    6.855E+24    3.972E+06    6.477E+14    1.218E+04    2.031E+00    3.243E-07     r       3.9
1.736E+08    4.509E-01    6.851E+24    4.032E+06    6.865E+14    1.272E+04    2.001E+00    3.729E-07     r       3.9
1.723E+08    4.572E-01    6.848E+24    4.062E+06    7.066E+14    1.300E+04    1.986E+00    3.996E-07     r       3.9
1.697E+08    4.698E-01    6.843E+24    4.122E+06    7.484E+14    1.356E+04    1.957E+00    4.586E-07     r       3.9
1.684E+08    4.762E-01    6.840E+24    4.153E+06    7.700E+14    1.385E+04    1.942E+00    4.911E-07     r       3.8
1.658E+08    4.891E-01    6.833E+24    4.215E+06    8.149E+14    1.444E+04    1.912E+00    5.625E-07     r       3.8
1.645E+08    4.956E-01    6.829E+24    4.246E+06    8.382E+14    1.475E+04    1.897E+00    6.018E-07     r       3.8
1.619E+08    5.087E-01    6.821E+24    4.309E+06    8.864E+14    1.537E+04    1.868E+00    6.881E-07     r       3.8
1.606E+08    5.153E-01    6.816E+24    4.341E+06    9.113E+14    1.568E+04    1.853E+00    7.354E-07     r       3.8
1.581E+08    5.285E-01    6.806E+24    4.405E+06    9.630E+14    1.633E+04    1.823E+00    8.393E-07     r       3.8
1.568E+08    5.352E-01    6.800E+24    4.437E+06    9.896E+14    1.666E+04    1.809E+00    8.961E-07     r       3.7
1.542E+08    5.486E-01    6.787E+24    4.503E+06    1.045E+15    1.733E+04    1.779E+00    1.021E-06     r       3.7
1.529E+08    5.553E-01    6.780E+24    4.535E+06    1.073E+15    1.768E+04    1.764E+00    1.089E-06     r       3.7
1.503E+08    5.688E-01    6.765E+24    4.602E+06    1.132E+15    1.838E+04    1.735E+00    1.237E-06     r       3.7
1.490E+08    5.756E-01    6.756E+24    4.635E+06    1.163E+15    1.874E+04    1.720E+00    1.319E-06     r       3.7
1.464E+08    5.892E-01    6.737E+24    4.702E+06    1.225E+15    1.946E+04    1.691E+00    1.496E-06     r       3.6
1.452E+08    5.960E-01    6.727E+24    4.736E+06    1.257E+15    1.983E+04    1.676E+00    1.592E-06     r       3.6
1.426E+08    6.097E-01    6.704E+24    4.804E+06    1.324E+15    2.058E+04    1.647E+00    1.802E-06     r       3.6
1.413E+08    6.165E-01    6.691E+24    4.839E+06    1.358E+15    2.097E+04    1.633E+00    1.916E-06     r       3.6
1.387E+08    6.301E-01    6.663E+24    4.908E+06    1.428E+15    2.174E+04    1.604E+00    2.163E-06     r       3.6
1.374E+08    6.370E-01    6.648E+24    4.942E+06    1.464E+15    2.213E+04    1.590E+00    2.297E-06     r       3.5
1.348E+08    6.506E-01    6.615E+24    5.012E+06    1.539E+15    2.293E+04    1.561E+00    2.588E-06     r       3.5
1.335E+08    6.574E-01    6.597E+24    5.048E+06    1.577E+15    2.333E+04    1.547E+00    2.745E-06     r       3.5
1.310E+08    6.709E-01    6.558E+24    5.118E+06    1.655E+15    2.415E+04    1.518E+00    3.086E-06     r       3.5
1.284E+08    6.844E-01    6.514E+24    5.190E+06    1.736E+15    2.498E+04    1.490E+00    3.462E-06     r       3.4
1.258E+08    6.978E-01    6.465E+24    5.261E+06    1.819E+15    2.582E+04    1.462E+00    3.879E-06     r       3.4
1.232E+08    7.110E-01    6.411E+24    5.334E+06    1.905E+15    2.667E+04    1.435E+00    4.338E-06     r       3.4
1.206E+08    7.242E-01    6.351E+24    5.406E+06    1.993E+15    2.753E+04    1.407E+00    4.843E-06     r       3.4
1.180E+08    7.372E-01    6.285E+24    5.479E+06    2.083E+15    2.840E+04    1.380E+00    5.397E-06     r       3.3
1.155E+08    7.500E-01    6.213E+24    5.552E+06    2.176E+15    2.928E+04    1.354E+00    6.004E-06     r       3.3
1.129E+08    7.626E-01    6.133E+24    5.626E+06    2.271E+15    3.016E+04    1.327E+00    6.667E-06     r       3.3
1.116E+08    7.689E-01    6.090E+24    5.662E+06    2.320E+15    3.060E+04    1.314E+00    7.020E-06     r       3.2
1.103E+08    7.751E-01    6.046E+24    5.699E+06    2.369E+15    3.105E+04    1.301E+00    7.389E-06     r       3.2
1.090E+08    7.812E-01    6.000E+24    5.736E+06    2.418E+15    3.149E+04    1.288E+00    7.774E-06     r       3.2
1.077E+08    7.873E-01    5.952E+24    5.773E+06    2.468E+15    3.194E+04    1.275E+00    8.175E-06     r       3.2
1.064E+08    7.933E-01    5.902E+24    5.810E+06    2.519E+15    3.238E+04    1.263E+00    8.592E-06     r       3.2
1.051E+08    7.992E-01    5.850E+24    5.847E+06    2.569E+15    3.283E+04    1.250E+00    9.026E-06     r       3.2
1.038E+08    8.051E-01    5.795E+24    5.884E+06    2.621E+15    3.327E+04    1.238E+00    9.477E-06     r       3.1
1.026E+08    8.109E-01    5.739E+24    5.921E+06    2.672E+15    3.372E+04    1.225E+00    9.947E-06     r       3.1
1.013E+08    8.167E-01    5.681E+24    5.957E+06    2.725E+15    3.416E+04    1.213E+00    1.043E-05     r       3.1
9.998E+07    8.224E-01    5.621E+24    5.994E+06    2.777E+15    3.461E+04    1.201E+00    1.094E-05     r       3.1
9.869E+07    8.280E-01    5.558E+24    6.031E+06    2.830E+15    3.505E+04    1.189E+00    1.146E-05     r       3.1
9.739E+07    8.335E-01    5.494E+24    6.068E+06    2.883E+15    3.549E+04    1.177E+00    1.201E-05     r       3.1
9.610E+07    8.389E-01    5.427E+24    6.105E+06    2.937E+15    3.593E+04    1.165E+00    1.257E-05     r       3.0
9.481E+07    8.443E-01    5.358E+24    6.141E+06    2.990E+15    3.637E+04    1.153E+00    1.315E-05     r       3.0
9.352E+07    8.496E-01    5.288E+24    6.178E+06    3.045E+15    3.681E+04    1.142E+00    1.376E-05     r       3.0
9.223E+07    8.548E-01    5.215E+24    6.215E+06    3.099E+15    3.725E+04    1.130E+00    1.438E-05     r       3.0
9.094E+07    8.599E-01    5.140E+24    6.251E+06    3.153E+15    3.768E+04    1.119E+00    1.502E-05     r       3.0
8.965E+07    8.650E-01    5.063E+24    6.287E+06    3.208E+15    3.812E+04    1.108E+00    1.568E-05     r       3.0
8.836E+07    8.699E-01    4.984E+24    6.324E+06    3.263E+15    3.855E+04    1.097E+00    1.637E-05     r       2.9
8.707E+07    8.748E-01    4.903E+24    6.360E+06    3.318E+15    3.897E+04    1.086E+00    1.707E-05     r       2.9
8.578E+07    8.796E-01    4.820E+24    6.396E+06    3.373E+15    3.940E+04    1.075E+00    1.780E-05     r       2.9
8.449E+07    8.843E-01    4.736E+24    6.432E+06    3.429E+15    3.982E+04    1.064E+00    1.855E-05     r       2.9
8.320E+07    8.888E-01    4.649E+24    6.468E+06    3.484E+15    4.024E+04    1.054E+00    1.932E-05     r       2.9
8.190E+07    8.933E-01    4.561E+24    6.503E+06    3.539E+15    4.065E+04    1.043E+00    2.010E-05     r       2.9
8.061E+07    8.977E-01    4.471E+24    6.539E+06    3.595E+15    4.106E+04    1.033E+00    2.091E-05     r       2.8
7.932E+07    9.020E-01    4.380E+24    6.574E+06    3.650E+15    4.147E+04    1.023E+00    2.175E-05     r       2.8
7.803E+07    9.062E-01    4.287E+24    6.610E+06    3.705E+15    4.188E+04    1.013E+00    2.260E-05     r       2.8
7.674E+07    9.104E-01    4.193E+24    6.645E+06    3.761E+15    4.228E+04    1.003E+00    2.347E-05     r       2.8
7.545E+07    9.144E-01    4.098E+24    6.679E+06    3.816E+15    4.267E+04    9.928E-01    2.436E-05     r       2.8
7.416E+07    9.183E-01    4.001E+24    6.714E+06    3.871E+15    4.306E+04    9.831E-01    2.528E-05     r       2.8
7.287E+07    9.221E-01    3.904E+24    6.749E+06    3.925E+15    4.345E+04    9.735E-01    2.621E-05     r       2.7
7.158E+07    9.258E-01    3.805E+24    6.783E+06    3.980E+15    4.383E+04    9.640E-01    2.716E-05     r       2.7
7.029E+07    9.294E-01    3.706E+24    6.817E+06    4.034E+15    4.420E+04    9.547E-01    2.813E-05     r       2.7
6.900E+07    9.329E-01    3.606E+24    6.851E+06    4.088E+15    4.457E+04    9.455E-01    2.912E-05     r       2.7
6.642E+07    9.396E-01    3.405E+24    6.918E+06    4.195E+15    4.530E+04    9.274E-01    3.116E-05     r       2.7
6.512E+07    9.429E-01    3.303E+24    6.951E+06    4.248E+15    4.565E+04    9.185E-01    3.221E-05     r       2.6
6.448E+07    9.444E-01    3.253E+24    6.967E+06    4.274E+15    4.582E+04    9.141E-01    3.274E-05     r       2.6
6.319E+07    9.475E-01    3.152E+24    7.000E+06    4.326E+15    4.616E+04    9.055E-01    3.381E-05     r       2.6
6.254E+07    9.490E-01    3.101E+24    7.016E+06    4.352E+15    4.633E+04    9.011E-01    3.435E-05     r       2.6
6.125E+07    9.519E-01    3.000E+24    7.049E+06    4.404E+15    4.667E+04    8.926E-01    3.544E-05     r       2.6
6.061E+07    9.533E-01    2.950E+24    7.065E+06    4.429E+15    4.683E+04    8.884E-01    3.600E-05     r       2.5
5.932E+07    9.560E-01    2.850E+24    7.097E+06    4.480E+15    4.715E+04    8.800E-01    3.712E-05     r       2.5
5.867E+07    9.574E-01    2.800E+24    7.113E+06    4.505E+15    4.731E+04    8.758E-01    3.768E-05     r       2.5
5.738E+07    9.600E-01    2.701E+24    7.144E+06    4.555E+15    4.762E+04    8.677E-01    3.882E-05     r       2.5
5.673E+07    9.613E-01    2.652E+24    7.160E+06    4.580E+15    4.778E+04    8.637E-01    3.939E-05     r       2.5
5.544E+07    9.637E-01    2.554E+24    7.191E+06    4.629E+15    4.808E+04    8.559E-01    4.054E-05     r       2.5
5.480E+07    9.649E-01    2.506E+24    7.206E+06    4.653E+15    4.823E+04    8.520E-01    4.111E-05     r       2.5
5.351E+07    9.672E-01    2.410E+24    7.236E+06    4.701E+15    4.853E+04    8.445E-01    4.227E-05     r       2.5
5.286E+07    9.683E-01    2.362E+24    7.251E+06    4.725E+15    4.867E+04    8.408E-01    4.285E-05     r       2.5
5.157E+07    9.705E-01    2.268E+24    7.280E+06    4.771E+15    4.896E+04    8.335E-01    4.401E-05     r       2.4
5.093E+07    9.716E-01    2.222E+24    7.295E+06    4.795E+15    4.909E+04    8.299E-01    4.460E-05     r       2.4
4.964E+07    9.736E-01    2.131E+24    7.324E+06    4.840E+15    4.937E+04    8.229E-01    4.577E-05     r       2.4
4.899E+07    9.746E-01    2.086E+24    7.338E+06    4.863E+15    4.950E+04    8.195E-01    4.635E-05     r       2.4
4.770E+07    9.765E-01    1.998E+24    7.366E+06    4.907E+15    4.977E+04    8.127E-01    4.752E-05     r       2.4
4.705E+07    9.774E-01    1.954E+24    7.379E+06    4.929E+15    4.990E+04    8.093E-01    4.811E-05     r       2.4
4.576E+07    9.791E-01    1.869E+24    7.407E+06    4.973E+15    5.015E+04    8.028E-01    4.928E-05     r       2.4
4.512E+07    9.800E-01    1.828E+24    7.420E+06    4.994E+15    5.027E+04    7.996E-01    4.987E-05     r       2.4
4.383E+07    9.816E-01    1.746E+24    7.447E+06    5.036E+15    5.051E+04    7.932E-01    5.104E-05     r       2.3
4.318E+07    9.824E-01    1.706E+24    7.460E+06    5.056E+15    5.063E+04    7.901E-01    5.162E-05     r       2.3
4.189E+07    9.839E-01    1.628E+24    7.486E+06    5.097E+15    5.086E+04    7.839E-01    5.278E-05     r       2.3
4.124E+07    9.846E-01    1.591E+24    7.498E+06    5.117E+15    5.097E+04    7.809E-01    5.337E-05     r       2.3
3.995E+07    9.860E-01    1.517E+24    7.524E+06    5.156E+15    5.119E+04    7.749E-01    5.452E-05     r       2.3
3.931E+07    9.866E-01    1.481E+24    7.536E+06    5.175E+15    5.129E+04    7.719E-01    5.510E-05     r       2.2
3.802E+07    9.879E-01    1.412E+24    7.561E+06    5.212E+15    5.149E+04    7.661E-01    5.625E-05     r       2.2
3.737E+07    9.885E-01    1.378E+24    7.573E+06    5.231E+15    5.159E+04    7.632E-01    5.682E-05     r       2.2
3.608E+07    9.896E-01    1.313E+24    7.597E+06    5.266E+15    5.178E+04    7.575E-01    5.796E-05     r       2.2
3.544E+07    9.902E-01    1.282E+24    7.609E+06    5.284E+15    5.187E+04    7.546E-01    5.853E-05     r       2.1
3.511E+07    9.904E-01    1.267E+24    7.615E+06    5.293E+15    5.192E+04    7.532E-01    5.881E-05     r       2.1
3.447E+07    9.909E-01    1.236E+24    7.626E+06    5.310E+15    5.201E+04    7.504E-01    5.938E-05     r       2.1
3.415E+07    9.912E-01    1.222E+24    7.632E+06    5.318E+15    5.205E+04    7.490E-01    5.966E-05     r       2.1
3.350E+07    9.917E-01    1.193E+24    7.644E+06    5.335E+15    5.213E+04    7.462E-01    6.022E-05     r       2.1
3.318E+07    9.919E-01    1.178E+24    7.650E+06    5.343E+15    5.217E+04    7.448E-01    6.050E-05     r       2.0
3.253E+07    9.924E-01    1.151E+24    7.661E+06    5.360E+15    5.226E+04    7.421E-01    6.106E-05     r       2.0
3.221E+07    9.926E-01    1.137E+24    7.667E+06    5.368E+15    5.229E+04    7.407E-01    6.134E-05     r       2.0
3.156E+07    9.930E-01    1.110E+24    7.678E+06    5.383E+15    5.237E+04    7.379E-01    6.189E-05     r       2.0
3.124E+07    9.932E-01    1.098E+24    7.684E+06    5.391E+15    5.241E+04    7.365E-01    6.217E-05     r       2.0
3.060E+07    9.936E-01    1.072E+24    7.695E+06    5.407E+15    5.248E+04    7.338E-01    6.272E-05     r       1.9
3.027E+07    9.938E-01    1.060E+24    7.701E+06    5.414E+15    5.252E+04    7.324E-01    6.300E-05     r       1.9
2.963E+07    9.942E-01    1.036E+24    7.712E+06    5.429E+15    5.258E+04    7.296E-01    6.355E-05     r       1.9
2.931E+07    9.944E-01    1.024E+24    7.718E+06    5.436E+15    5.262E+04    7.282E-01    6.383E-05     r       1.9
2.866E+07    9.948E-01    1.001E+24    7.729E+06    5.451E+15    5.268E+04    7.255E-01    6.437E-05     r       1.8
2.834E+07    9.950E-01    9.895E+23    7.734E+06    5.458E+15    5.271E+04    7.241E-01    6.465E-05     r       1.8
2.769E+07    9.953E-01    9.677E+23    7.745E+06    5.472E+15    5.277E+04    7.213E-01    6.519E-05     r       1.8
2.737E+07    9.955E-01    9.571E+23    7.751E+06    5.479E+15    5.280E+04    7.199E-01    6.547E-05     r       1.8
2.672E+07    9.958E-01    9.365E+23    7.762E+06    5.493E+15    5.286E+04    7.171E-01    6.601E-05     r       1.7
2.640E+07    9.959E-01    9.265E+23    7.768E+06    5.499E+15    5.288E+04    7.157E-01    6.628E-05     r       1.7
2.576E+07    9.962E-01    9.071E+23    7.779E+06    5.512E+15    5.293E+04    7.129E-01    6.683E-05     r       1.7
2.543E+07    9.964E-01    8.977E+23    7.784E+06    5.519E+15    5.296E+04    7.115E-01    6.710E-05     c       1.6
2.479E+07    9.966E-01    8.794E+23    7.795E+06    5.531E+15    5.300E+04    7.086E-01    6.764E-05     c       1.6
2.446E+07    9.968E-01    8.706E+23    7.801E+06    5.538E+15    5.302E+04    7.072E-01    6.792E-05     c       1.6
2.382E+07    9.970E-01    8.535E+23    7.812E+06    5.550E+15    5.306E+04    7.042E-01    6.846E-05     c       1.5
2.350E+07    9.971E-01    8.453E+23    7.815E+06    5.556E+15    5.310E+04    7.036E-01    6.865E-05     r       2.5
2.285E+07    9.974E-01    8.293E+23    7.827E+06    5.567E+15    5.313E+04    7.006E-01    6.920E-05     c       1.5
2.253E+07    9.975E-01    8.216E+23    7.830E+06    5.573E+15    5.317E+04    7.000E-01    6.939E-05     r       2.5
2.188E+07    9.977E-01    8.068E+23    7.841E+06    5.584E+15    5.319E+04    6.970E-01    6.994E-05     c       1.4
2.156E+07    9.978E-01    7.997E+23    7.844E+06    5.590E+15    5.322E+04    6.964E-01    7.012E-05     r       2.5
2.091E+07    9.980E-01    7.860E+23    7.856E+06    5.600E+15    5.325E+04    6.932E-01    7.067E-05     c       1.3
2.059E+07    9.981E-01    7.794E+23    7.859E+06    5.605E+15    5.328E+04    6.927E-01    7.084E-05     r       2.5
1.995E+07    9.983E-01    7.668E+23    7.871E+06    5.616E+15    5.329E+04    6.894E-01    7.141E-05     c       1.2
1.962E+07    9.983E-01    7.607E+23    7.874E+06    5.621E+15    5.332E+04    6.889E-01    7.157E-05     r       2.5
1.898E+07    9.985E-01    7.491E+23    7.886E+06    5.630E+15    5.333E+04    6.854E-01    7.214E-05     c       1.1
1.866E+07    9.986E-01    7.436E+23    7.888E+06    5.635E+15    5.336E+04    6.849E-01    7.230E-05     r       2.5
1.849E+07    9.986E-01    7.409E+23    7.890E+06    5.637E+15    5.337E+04    6.847E-01    7.238E-05     r       2.5
1.817E+07    9.987E-01    7.356E+23    7.892E+06    5.642E+15    5.340E+04    6.842E-01    7.253E-05     r       2.5
1.801E+07    9.987E-01    7.330E+23    7.894E+06    5.644E+15    5.341E+04    6.840E-01    7.261E-05     r       2.5
1.769E+07    9.988E-01    7.280E+23    7.896E+06    5.648E+15    5.343E+04    6.836E-01    7.276E-05     r       2.5
1.753E+07    9.988E-01    7.256E+23    7.897E+06    5.651E+15    5.345E+04    6.833E-01    7.283E-05     r       2.5
1.720E+07    9.989E-01    7.208E+23    7.900E+06    5.655E+15    5.347E+04    6.829E-01    7.298E-05     r       2.5
1.704E+07    9.989E-01    7.185E+23    7.901E+06    5.657E+15    5.348E+04    6.827E-01    7.305E-05     r       2.5
1.672E+07    9.990E-01    7.140E+23    7.903E+06    5.661E+15    5.351E+04    6.823E-01    7.319E-05     r       2.5
1.656E+07    9.990E-01    7.118E+23    7.904E+06    5.663E+15    5.352E+04    6.821E-01    7.326E-05     r       2.5
1.624E+07    9.991E-01    7.075E+23    7.907E+06    5.667E+15    5.354E+04    6.817E-01    7.339E-05     r       2.5
1.607E+07    9.991E-01    7.054E+23    7.908E+06    5.669E+15    5.355E+04    6.815E-01    7.346E-05     r       2.5
1.575E+07    9.992E-01    7.014E+23    7.910E+06    5.673E+15    5.357E+04    6.811E-01    7.359E-05     r       2.5
1.559E+07    9.992E-01    6.994E+23    7.911E+06    5.675E+15    5.358E+04    6.809E-01    7.366E-05     r       2.5
1.527E+07    9.992E-01    6.956E+23    7.913E+06    5.679E+15    5.361E+04    6.805E-01    7.379E-05     r       2.5
1.511E+07    9.993E-01    6.937E+23    7.914E+06    5.681E+15    5.362E+04    6.803E-01    7.385E-05     r       2.5
1.478E+07    9.993E-01    6.902E+23    7.916E+06    5.684E+15    5.364E+04    6.800E-01    7.397E-05     r       2.5
1.462E+07    9.993E-01    6.884E+23    7.917E+06    5.686E+15    5.365E+04    6.798E-01    7.403E-05     r       2.5
1.430E+07    9.994E-01    6.850E+23    7.919E+06    5.690E+15    5.367E+04    6.795E-01    7.415E-05     r       2.5
1.414E+07    9.994E-01    6.834E+23    7.920E+06    5.691E+15    5.368E+04    6.793E-01    7.421E-05     r       2.5
1.382E+07    9.995E-01    6.803E+23    7.922E+06    5.695E+15    5.369E+04    6.790E-01    7.432E-05     r       2.5
1.365E+07    9.995E-01    6.787E+23    7.923E+06    5.696E+15    5.370E+04    6.788E-01    7.438E-05     r       2.5
1.333E+07    9.995E-01    6.758E+23    7.924E+06    5.699E+15    5.372E+04    6.785E-01    7.449E-05     r       2.5
1.317E+07    9.995E-01    6.744E+23    7.925E+06    5.701E+15    5.373E+04    6.783E-01    7.454E-05     r       2.5
1.285E+07    9.996E-01    6.716E+23    7.927E+06    5.704E+15    5.375E+04    6.780E-01    7.464E-05     r       2.5
1.269E+07    9.996E-01    6.703E+23    7.928E+06    5.705E+15    5.376E+04    6.779E-01    7.469E-05     r       2.5
1.236E+07    9.996E-01    6.677E+23    7.929E+06    5.708E+15    5.377E+04    6.776E-01    7.479E-05     r       2.5
1.220E+07    9.996E-01    6.665E+23    7.930E+06    5.710E+15    5.378E+04    6.775E-01    7.484E-05     r       2.5
1.188E+07    9.997E-01    6.641E+23    7.932E+06    5.712E+15    5.380E+04    6.772E-01    7.493E-05     r       2.5
1.172E+07    9.997E-01    6.630E+23    7.932E+06    5.714E+15    5.380E+04    6.771E-01    7.498E-05     r       2.5
1.140E+07    9.997E-01    6.608E+23    7.934E+06    5.716E+15    5.382E+04    6.768E-01    7.507E-05     r       2.5
1.123E+07    9.997E-01    6.597E+23    7.935E+06    5.718E+15    5.382E+04    6.767E-01    7.511E-05     r       2.5
1.091E+07    9.998E-01    6.577E+23    7.936E+06    5.720E+15    5.384E+04    6.764E-01    7.519E-05     r       2.5
1.075E+07    9.998E-01    6.568E+23    7.937E+06    5.721E+15    5.384E+04    6.763E-01    7.523E-05     r       2.5
1.067E+07    9.998E-01    6.563E+23    7.937E+06    5.722E+15    5.385E+04    6.763E-01    7.525E-05     r       2.5
1.051E+07    9.998E-01    6.554E+23    7.937E+06    5.723E+15    5.385E+04    6.762E-01    7.529E-05     r       2.5
1.043E+07    9.998E-01    6.549E+23    7.938E+06    5.723E+15    5.386E+04    6.761E-01    7.531E-05     r       2.5
1.027E+07    9.998E-01    6.540E+23    7.938E+06    5.724E+15    5.386E+04    6.760E-01    7.534E-05     r       2.5
1.019E+07    9.998E-01    6.536E+23    7.939E+06    5.725E+15    5.387E+04    6.760E-01    7.536E-05     r       2.5
1.002E+07    9.998E-01    6.528E+23    7.939E+06    5.726E+15    5.387E+04    6.759E-01    7.540E-05     r       2.5
9.943E+06    9.998E-01    6.524E+23    7.939E+06    5.726E+15    5.387E+04    6.758E-01    7.542E-05     r       2.5
9.782E+06    9.998E-01    6.516E+23    7.940E+06    5.727E+15    5.388E+04    6.757E-01    7.545E-05     r       2.5
9.701E+06    9.998E-01    6.512E+23    7.940E+06    5.728E+15    5.388E+04    6.757E-01    7.547E-05     r       2.5
9.540E+06    9.999E-01    6.504E+23    7.941E+06    5.729E+15    5.389E+04    6.756E-01    7.550E-05     r       2.5
9.459E+06    9.999E-01    6.500E+23    7.941E+06    5.729E+15    5.389E+04    6.755E-01    7.551E-05     r       2.5
9.298E+06    9.999E-01    6.493E+23    7.942E+06    5.730E+15    5.390E+04    6.754E-01    7.554E-05     r       2.5
9.217E+06    9.999E-01    6.490E+23    7.942E+06    5.731E+15    5.390E+04    6.754E-01    7.556E-05     r       2.5
9.056E+06    9.999E-01    6.483E+23    7.942E+06    5.731E+15    5.390E+04    6.753E-01    7.559E-05     r       2.5
8.975E+06    9.999E-01    6.479E+23    7.942E+06    5.732E+15    5.391E+04    6.753E-01    7.560E-05     r       2.5
8.814E+06    9.999E-01    6.473E+23    7.943E+06    5.733E+15    5.391E+04    6.752E-01    7.563E-05     r       2.5
8.733E+06    9.999E-01    6.470E+23    7.943E+06    5.733E+15    5.391E+04    6.752E-01    7.564E-05     r       2.5
8.572E+06    9.999E-01    6.463E+23    7.944E+06    5.734E+15    5.392E+04    6.751E-01    7.567E-05     r       2.5
8.491E+06    9.999E-01    6.460E+23    7.944E+06    5.734E+15    5.392E+04    6.751E-01    7.568E-05     r       2.5
8.330E+06    9.999E-01    6.455E+23    7.944E+06    5.735E+15    5.392E+04    6.750E-01    7.570E-05     r       2.5
8.249E+06    9.999E-01    6.452E+23    7.944E+06    5.735E+15    5.392E+04    6.750E-01    7.571E-05     r       2.5
8.088E+06    9.999E-01    6.446E+23    7.945E+06    5.736E+15    5.393E+04    6.749E-01    7.573E-05     r       2.5
8.007E+06    9.999E-01    6.444E+23    7.945E+06    5.736E+15    5.393E+04    6.749E-01    7.574E-05     r       2.5
7.967E+06    9.999E-01    6.442E+23    7.945E+06    5.736E+15    5.393E+04    6.749E-01    7.575E-05     r       2.5
7.886E+06    9.999E-01    6.440E+23    7.945E+06    5.736E+15    5.393E+04    6.748E-01    7.576E-05     r       2.5
7.846E+06    9.999E-01    6.438E+23    7.945E+06    5.737E+15    5.393E+04    6.748E-01    7.576E-05     r       2.5
7.765E+06    9.999E-01    6.436E+23    7.945E+06    5.737E+15    5.393E+04    6.748E-01    7.577E-05     r       2.5
7.725E+06    9.999E-01    6.435E+23    7.945E+06    5.737E+15    5.393E+04    6.748E-01    7.578E-05     r       2.5
7.644E+06    1.000E+00    6.432E+23    7.945E+06    5.737E+15    5.394E+04    6.748E-01    7.578E-05     r       2.5
7.604E+06    1.000E+00    6.431E+23    7.945E+06    5.737E+15    5.394E+04    6.747E-01    7.579E-05     r       2.5
7.523E+06    1.000E+00    6.429E+23    7.946E+06    5.738E+15    5.394E+04    6.747E-01    7.580E-05     r       2.5
7.483E+06    1.000E+00    6.427E+23    7.946E+06    5.738E+15    5.394E+04    6.747E-01    7.580E-05     r       2.5
7.402E+06    1.000E+00    6.425E+23    7.946E+06    5.738E+15    5.394E+04    6.747E-01    7.581E-05     r       2.5
7.362E+06    1.000E+00    6.424E+23    7.946E+06    5.738E+15    5.394E+04    6.747E-01    7.581E-05     r       2.5
7.281E+06    1.000E+00    6.422E+23    7.946E+06    5.738E+15    5.394E+04    6.747E-01    7.582E-05     r       2.5
7.241E+06    1.000E+00    6.421E+23    7.946E+06    5.738E+15    5.394E+04    6.747E-01    7.582E-05     r       2.5
7.160E+06    1.000E+00    6.418E+23    7.946E+06    5.738E+15    5.394E+04    6.746E-01    7.583E-05     r       2.5
7.120E+06    1.000E+00    6.417E+23    7.946E+06    5.739E+15    5.394E+04    6.746E-01    7.583E-05     r       2.5
7.039E+06    1.000E+00    6.415E+23    7.946E+06    5.739E+15    5.394E+04    6.746E-01    7.584E-05     r       2.5
6.999E+06    1.000E+00    6.414E+23    7.946E+06    5.739E+15    5.394E+04    6.746E-01    7.584E-05     r       2.5
6.978E+06    1.000E+00    6.414E+23    7.946E+06    5.739E+15    5.394E+04    6.746E-01    7.584E-05     r       2.5
6.938E+06    1.000E+00    6.413E+23    7.946E+06    5.739E+15    5.394E+04    6.746E-01    7.584E-05     r       2.5
6.918E+06    1.000E+00    6.412E+23    7.946E+06    5.739E+15    5.394E+04    6.746E-01    7.584E-05     r       2.5
6.878E+06    1.000E+00    6.411E+23    7.946E+06    5.739E+15    5.395E+04    6.746E-01    7.585E-05     r       2.5
6.857E+06    1.000E+00    6.411E+23    7.946E+06    5.739E+15    5.395E+04    6.746E-01    7.585E-05     r       2.5
6.817E+06    1.000E+00    6.410E+23    7.946E+06    5.739E+15    5.395E+04    6.746E-01    7.585E-05     r       2.5
6.797E+06    1.000E+00    6.409E+23    7.946E+06    5.739E+15    5.395E+04    6.746E-01    7.585E-05     r       2.5
6.756E+06    1.000E+00    6.408E+23    7.946E+06    5.739E+15    5.395E+04    6.746E-01    7.585E-05     r       2.5
6.736E+06    1.000E+00    6.408E+23    7.947E+06    5.739E+15    5.395E+04    6.746E-01    7.585E-05     r       2.5
6.696E+06    1.000E+00    6.407E+23    7.947E+06    5.739E+15    5.395E+04    6.746E-01    7.585E-05     r       2.5
6.676E+06    1.000E+00    6.407E+23    7.947E+06    5.739E+15    5.395E+04    6.746E-01    7.585E-05     r       2.5
6.635E+06    1.000E+00    6.406E+23    7.947E+06    5.739E+15    5.395E+04    6.745E-01    7.586E-05     r       2.5
6.615E+06    1.000E+00    6.405E+23    7.947E+06    5.739E+15    5.395E+04    6.745E-01    7.586E-05     r       2.5
6.575E+06    1.000E+00    6.404E+23    7.947E+06    5.739E+15    5.395E+04    6.745E-01    7.586E-05     r       2.5
6.555E+06    1.000E+00    6.404E+23    7.947E+06    5.739E+15    5.395E+04    6.745E-01    7.586E-05     r       2.5
6.545E+06    1.000E+00    6.404E+23    7.947E+06    5.739E+15    5.395E+04    6.745E-01    7.586E-05     r       2.5
6.525E+06    1.000E+00    6.403E+23    7.947E+06    5.739E+15    5.395E+04    6.745E-01    7.586E-05     r       2.5
6.514E+06    1.000E+00    6.403E+23    7.947E+06    5.739E+15    5.395E+04    6.745E-01    7.586E-05     r       2.5
6.494E+06    1.000E+00    6.402E+23    7.947E+06    5.739E+15    5.395E+04    6.745E-01    7.586E-05     r       2.5
6.484E+06    1.000E+00    6.402E+23    7.947E+06    5.739E+15    5.395E+04    6.745E-01    7.586E-05     r       2.5
6.464E+06    1.000E+00    6.402E+23    7.947E+06    5.739E+15    5.395E+04    6.745E-01    7.586E-05     r       2.5
6.454E+06    1.000E+00    6.402E+23    7.947E+06    5.739E+15    5.395E+04    6.745E-01    7.586E-05     r       2.5
