   r        Qm       L_r       T        P        rho      kap      eps     fl   dlnPdlnT
1.378E+09    0.000E+00    1.230E+29    1.737E+04    2.411E+03    0.000E+00    7.734E-02    0.000E+00     *      99.9
1.376E+09    4.863E-14    1.230E+29    6.781E+03    1.604E+00    1.180E-08    1.696E+00    1.086E-85     r       2.3
1.375E+09    1.815E-13    1.230E+29    1.833E+04    1.409E+01    5.741E-08    2.155E-01    2.081E-63     r       1.7
1.374E+09    3.382E-13    1.230E+29    2.124E+04    2.883E+01    1.014E-07    2.049E-01    1.550E-60     r       4.7
1.374E+09    4.623E-13    1.230E+29    2.126E+04    4.052E+01    1.424E-07    2.577E-01    2.249E-60     *      99.9
1.374E+09    5.420E-13    1.230E+29    2.127E+04    4.804E+01    1.687E-07    2.897E-01    2.731E-60     *      99.9
1.374E+09    5.794E-13    1.230E+29    2.128E+04    5.158E+01    1.811E-07    3.042E-01    2.967E-60     *      99.9
1.374E+09    5.914E-13    1.230E+29    2.128E+04    5.270E+01    3.500E-09    4.548E-02    5.757E-62     *      99.9
1.374E+09    5.923E-13    1.230E+29    2.128E+04    5.279E+01    3.810E-09    4.628E-02    6.267E-62     *      99.9
1.373E+09    5.945E-13    1.230E+29    2.128E+04    5.299E+01    4.514E-09    4.807E-02    7.427E-62     *      99.9
1.373E+09    6.000E-13    1.230E+29    2.128E+04    5.351E+01    6.338E-09    5.246E-02    1.043E-61     *      99.9
1.372E+09    6.185E-13    1.230E+29    2.128E+04    5.527E+01    1.249E-08    6.576E-02    2.058E-61     *      99.9
1.371E+09    7.254E-13    1.230E+29    2.129E+04    6.542E+01    4.789E-08    1.270E-01    7.986E-61     *      99.9
1.370E+09    8.651E-13    1.230E+29    2.130E+04    7.873E+01    9.407E-08    1.934E-01    1.609E-60     *      99.9
1.370E+09    9.792E-13    1.230E+29    2.131E+04    8.962E+01    1.317E-07    2.421E-01    2.317E-60     *      99.9
1.370E+09    1.052E-12    1.230E+29    2.133E+04    9.661E+01    1.557E-07    2.715E-01    2.798E-60     *      99.9
1.370E+09    1.094E-12    1.230E+29    2.133E+04    1.006E+02    1.693E-07    2.877E-01    3.081E-60     *      99.9
1.370E+09    1.188E-12    1.230E+29    2.135E+04    1.095E+02    1.999E-07    3.230E-01    3.759E-60     *      99.9
1.369E+09    1.241E-12    1.230E+29    2.136E+04    1.146E+02    2.173E-07    3.424E-01    4.166E-60     r      91.5
1.369E+09    1.362E-12    1.230E+29    2.139E+04    1.261E+02    2.563E-07    3.845E-01    5.162E-60     r      78.2
1.369E+09    1.430E-12    1.230E+29    2.140E+04    1.327E+02    2.783E-07    4.074E-01    5.775E-60     r      67.1
1.369E+09    1.466E-12    1.230E+29    2.141E+04    1.361E+02    2.900E-07    4.193E-01    6.118E-60     r      62.0
1.369E+09    1.543E-12    1.230E+29    2.143E+04    1.435E+02    3.147E-07    4.441E-01    6.889E-60     r      57.2
1.369E+09    1.584E-12    1.230E+29    2.144E+04    1.474E+02    3.279E-07    4.570E-01    7.323E-60     r      52.8
1.369E+09    1.671E-12    1.230E+29    2.147E+04    1.557E+02    3.556E-07    4.837E-01    8.309E-60     r      48.7
1.369E+09    1.717E-12    1.230E+29    2.148E+04    1.602E+02    3.704E-07    4.975E-01    8.871E-60     r      45.0
1.369E+09    1.815E-12    1.230E+29    2.151E+04    1.696E+02    4.015E-07    5.261E-01    1.016E-59     r      41.5
1.369E+09    1.868E-12    1.230E+29    2.153E+04    1.746E+02    4.180E-07    5.409E-01    1.090E-59     r      38.3
1.369E+09    1.979E-12    1.230E+29    2.156E+04    1.852E+02    4.528E-07    5.713E-01    1.262E-59     r      35.3
1.369E+09    2.037E-12    1.230E+29    2.158E+04    1.908E+02    4.712E-07    5.869E-01    1.362E-59     r      32.6
1.369E+09    2.162E-12    1.230E+29    2.163E+04    2.028E+02    5.101E-07    6.190E-01    1.598E-59     r      30.1
1.369E+09    2.229E-12    1.230E+29    2.165E+04    2.092E+02    5.306E-07    6.354E-01    1.737E-59     r      27.8
1.368E+09    2.369E-12    1.230E+29    2.170E+04    2.226E+02    5.738E-07    6.689E-01    2.069E-59     r      25.7
1.368E+09    2.444E-12    1.230E+29    2.173E+04    2.298E+02    5.966E-07    6.860E-01    2.268E-59     r      23.8
1.368E+09    2.602E-12    1.230E+29    2.179E+04    2.449E+02    6.446E-07    7.206E-01    2.749E-59     r      22.0
1.368E+09    2.685E-12    1.230E+29    2.183E+04    2.529E+02    6.698E-07    7.381E-01    3.040E-59     r      20.4
1.368E+09    2.862E-12    1.230E+29    2.190E+04    2.699E+02    7.227E-07    7.735E-01    3.758E-59     r      19.0
1.368E+09    2.956E-12    1.230E+29    2.194E+04    2.789E+02    7.506E-07    7.912E-01    4.201E-59     r      17.6
1.368E+09    3.155E-12    1.230E+29    2.203E+04    2.980E+02    8.089E-07    8.268E-01    5.307E-59     r      16.4
1.368E+09    3.260E-12    1.230E+29    2.208E+04    3.080E+02    8.394E-07    8.445E-01    6.000E-59     r      15.3
1.368E+09    3.481E-12    1.230E+29    2.218E+04    3.293E+02    9.034E-07    8.797E-01    7.762E-59     r      14.3
1.368E+09    3.598E-12    1.230E+29    2.224E+04    3.406E+02    9.369E-07    8.971E-01    8.883E-59     r      13.4
1.368E+09    3.845E-12    1.230E+29    2.236E+04    3.643E+02    1.007E-06    9.312E-01    1.179E-58     r      12.6
1.368E+09    3.976E-12    1.230E+29    2.242E+04    3.768E+02    1.043E-06    9.480E-01    1.366E-58     r      11.8
1.368E+09    4.251E-12    1.230E+29    2.256E+04    4.032E+02    1.119E-06    9.806E-01    1.860E-58     r      11.2
1.368E+09    4.396E-12    1.230E+29    2.263E+04    4.172E+02    1.159E-06    9.964E-01    2.185E-58     r      10.5
1.368E+09    4.701E-12    1.230E+29    2.279E+04    4.465E+02    1.241E-06    1.027E+00    3.053E-58     r      10.0
1.367E+09    4.861E-12    1.230E+29    2.287E+04    4.619E+02    1.284E-06    1.041E+00    3.633E-58     r       9.5
1.367E+09    5.199E-12    1.230E+29    2.304E+04    4.944E+02    1.373E-06    1.069E+00    5.209E-58     r       9.0
1.367E+09    5.376E-12    1.230E+29    2.313E+04    5.114E+02    1.419E-06    1.082E+00    6.275E-58     r       8.6
1.367E+09    5.749E-12    1.230E+29    2.332E+04    5.473E+02    1.514E-06    1.107E+00    9.217E-58     r       8.2
1.367E+09    5.945E-12    1.230E+29    2.342E+04    5.661E+02    1.564E-06    1.119E+00    1.123E-57     r       7.9
1.367E+09    6.355E-12    1.230E+29    2.363E+04    6.056E+02    1.666E-06    1.140E+00    1.687E-57     r       7.6
1.367E+09    6.570E-12    1.230E+29    2.374E+04    6.263E+02    1.719E-06    1.150E+00    2.078E-57     r       7.3
1.367E+09    7.021E-12    1.230E+29    2.397E+04    6.697E+02    1.828E-06    1.169E+00    3.182E-57     r       7.1
1.367E+09    7.257E-12    1.230E+29    2.408E+04    6.924E+02    1.885E-06    1.177E+00    3.955E-57     r       6.8
1.367E+09    7.750E-12    1.230E+29    2.433E+04    7.399E+02    2.001E-06    1.192E+00    6.160E-57     r       6.6
1.367E+09    8.008E-12    1.230E+29    2.445E+04    7.647E+02    2.061E-06    1.199E+00    7.715E-57     r       6.5
1.367E+09    8.548E-12    1.230E+29    2.471E+04    8.167E+02    2.185E-06    1.211E+00    1.218E-56     r       6.3
1.367E+09    8.829E-12    1.230E+29    2.484E+04    8.438E+02    2.249E-06    1.216E+00    1.535E-56     r       6.1
1.367E+09    9.417E-12    1.230E+29    2.511E+04    9.005E+02    2.381E-06    1.225E+00    2.450E-56     r       6.0
1.367E+09    9.724E-12    1.230E+29    2.525E+04    9.300E+02    2.449E-06    1.229E+00    3.101E-56     r       5.9
1.367E+09    1.036E-11    1.230E+29    2.553E+04    9.917E+02    2.588E-06    1.235E+00    4.988E-56     r       5.8
1.366E+09    1.070E-11    1.230E+29    2.568E+04    1.024E+03    2.660E-06    1.238E+00    6.335E-56     r       5.7
1.366E+09    1.139E-11    1.230E+29    2.597E+04    1.091E+03    2.808E-06    1.242E+00    1.024E-55     r       5.6
1.366E+09    1.175E-11    1.230E+29    2.612E+04    1.126E+03    2.884E-06    1.244E+00    1.303E-55     r       5.5
1.366E+09    1.250E-11    1.230E+29    2.642E+04    1.198E+03    3.040E-06    1.246E+00    2.113E-55     r       5.4
1.366E+09    1.290E-11    1.230E+29    2.658E+04    1.236E+03    3.120E-06    1.246E+00    2.691E-55     r       5.3
1.366E+09    1.371E-11    1.230E+29    2.689E+04    1.314E+03    3.285E-06    1.247E+00    4.365E-55     r       5.3
1.366E+09    1.413E-11    1.230E+29    2.705E+04    1.355E+03    3.370E-06    1.247E+00    5.558E-55     r       5.2
1.366E+09    1.501E-11    1.230E+29    2.737E+04    1.440E+03    3.544E-06    1.246E+00    9.006E-55     r       5.2
1.366E+09    1.546E-11    1.230E+29    2.753E+04    1.484E+03    3.634E-06    1.245E+00    1.146E-54     r       5.1
1.366E+09    1.641E-11    1.230E+29    2.785E+04    1.575E+03    3.817E-06    1.243E+00    1.852E-54     r       5.1
1.366E+09    1.690E-11    1.230E+29    2.802E+04    1.622E+03    3.911E-06    1.242E+00    2.352E-54     r       5.0
1.366E+09    1.791E-11    1.230E+29    2.835E+04    1.721E+03    4.105E-06    1.239E+00    3.786E-54     r       5.0
1.366E+09    1.844E-11    1.230E+29    2.852E+04    1.771E+03    4.204E-06    1.237E+00    4.799E-54     r       5.0
1.366E+09    1.953E-11    1.230E+29    2.885E+04    1.877E+03    4.407E-06    1.233E+00    7.689E-54     r       4.9
1.366E+09    2.010E-11    1.230E+29    2.902E+04    1.932E+03    4.512E-06    1.231E+00    9.719E-54     r       4.9
1.365E+09    2.127E-11    1.230E+29    2.936E+04    2.045E+03    4.725E-06    1.226E+00    1.549E-53     r       4.9
1.365E+09    2.188E-11    1.230E+29    2.954E+04    2.103E+03    4.835E-06    1.224E+00    1.952E-53     r       4.9
1.365E+09    2.313E-11    1.230E+29    2.988E+04    2.225E+03    5.060E-06    1.219E+00    3.091E-53     r       4.8
1.365E+09    2.378E-11    1.230E+29    3.005E+04    2.288E+03    5.175E-06    1.217E+00    3.884E-53     r       4.8
1.365E+09    2.512E-11    1.230E+29    3.040E+04    2.417E+03    5.411E-06    1.211E+00    6.110E-53     r       4.8
1.365E+09    2.581E-11    1.230E+29    3.058E+04    2.484E+03    5.532E-06    1.208E+00    7.651E-53     r       4.8
1.365E+09    2.725E-11    1.230E+29    3.093E+04    2.623E+03    5.779E-06    1.203E+00    1.195E-52     r       4.8
1.365E+09    2.799E-11    1.230E+29    3.110E+04    2.695E+03    5.906E-06    1.200E+00    1.492E-52     r       4.8
1.365E+09    2.952E-11    1.230E+29    3.146E+04    2.843E+03    6.166E-06    1.194E+00    2.314E-52     r       4.7
1.365E+09    3.031E-11    1.230E+29    3.163E+04    2.919E+03    6.298E-06    1.191E+00    2.877E-52     r       4.7
1.365E+09    3.194E-11    1.230E+29    3.199E+04    3.077E+03    6.570E-06    1.185E+00    4.432E-52     r       4.7
1.365E+09    3.278E-11    1.230E+29    3.217E+04    3.159E+03    6.709E-06    1.182E+00    5.490E-52     r       4.7
1.365E+09    3.451E-11    1.230E+29    3.252E+04    3.327E+03    6.994E-06    1.176E+00    8.396E-52     r       4.7
1.365E+09    3.541E-11    1.230E+29    3.270E+04    3.414E+03    7.140E-06    1.173E+00    1.036E-51     r       4.7
1.365E+09    3.725E-11    1.230E+29    3.306E+04    3.593E+03    7.437E-06    1.166E+00    1.573E-51     r       4.7
1.365E+09    3.821E-11    1.230E+29    3.324E+04    3.685E+03    7.590E-06    1.163E+00    1.935E-51     r       4.7
1.364E+09    4.017E-11    1.230E+29    3.360E+04    3.875E+03    7.901E-06    1.157E+00    2.916E-51     r       4.7
1.364E+09    4.118E-11    1.230E+29    3.378E+04    3.973E+03    8.060E-06    1.154E+00    3.573E-51     r       4.7
1.364E+09    4.326E-11    1.230E+29    3.414E+04    4.175E+03    8.385E-06    1.148E+00    5.346E-51     r       4.7
1.364E+09    4.433E-11    1.230E+29    3.433E+04    4.279E+03    8.551E-06    1.145E+00    6.528E-51     r       4.6
1.364E+09    4.654E-11    1.230E+29    3.469E+04    4.493E+03    8.891E-06    1.138E+00    9.698E-51     r       4.6
1.364E+09    4.767E-11    1.230E+29    3.487E+04    4.603E+03    9.064E-06    1.135E+00    1.180E-50     r       4.6
1.364E+09    5.001E-11    1.230E+29    3.523E+04    4.831E+03    9.418E-06    1.129E+00    1.741E-50     r       4.6
1.364E+09    5.496E-11    1.230E+29    3.596E+04    5.311E+03    1.016E-05    1.117E+00    3.738E-50     r       4.6
1.364E+09    5.758E-11    1.230E+29    3.633E+04    5.566E+03    1.054E-05    1.111E+00    5.440E-50     r       4.6
1.364E+09    6.311E-11    1.230E+29    3.706E+04    6.104E+03    1.134E-05    1.099E+00    1.137E-49     r       4.6
1.364E+09    6.604E-11    1.230E+29    3.743E+04    6.388E+03    1.176E-05    1.093E+00    1.634E-49     r       4.6
1.363E+09    7.220E-11    1.230E+29    3.817E+04    6.987E+03    1.263E-05    1.081E+00    3.331E-49     r       4.6
1.363E+09    7.545E-11    1.230E+29    3.853E+04    7.304E+03    1.308E-05    1.076E+00    4.726E-49     r       4.6
1.363E+09    8.230E-11    1.230E+29    3.927E+04    7.970E+03    1.402E-05    1.064E+00    9.402E-49     r       4.6
1.363E+09    8.590E-11    1.230E+29    3.964E+04    8.321E+03    1.451E-05    1.059E+00    1.318E-48     r       4.6
1.363E+09    9.349E-11    1.230E+29    4.038E+04    9.060E+03    1.552E-05    1.048E+00    2.563E-48     r       4.6
1.363E+09    9.747E-11    1.230E+29    4.075E+04    9.449E+03    1.605E-05    1.042E+00    3.554E-48     r       4.6
1.363E+09    1.059E-10    1.230E+29    4.150E+04    1.027E+04    1.713E-05    1.032E+00    6.761E-48     r       4.6
1.363E+09    1.102E-10    1.230E+29    4.187E+04    1.069E+04    1.770E-05    1.027E+00    9.275E-48     r       4.6
1.362E+09    1.195E-10    1.230E+29    4.261E+04    1.159E+04    1.887E-05    1.016E+00    1.728E-47     r       4.6
1.362E+09    1.243E-10    1.230E+29    4.298E+04    1.207E+04    1.948E-05    1.011E+00    2.347E-47     r       4.6
1.362E+09    1.345E-10    1.230E+29    4.373E+04    1.306E+04    2.073E-05    1.002E+00    4.288E-47     r       4.6
1.362E+09    1.398E-10    1.230E+29    4.410E+04    1.358E+04    2.138E-05    9.968E-01    5.769E-47     r       4.6
1.362E+09    1.509E-10    1.230E+29    4.485E+04    1.466E+04    2.273E-05    9.872E-01    1.034E-46     r       4.6
1.362E+09    1.567E-10    1.230E+29    4.522E+04    1.523E+04    2.342E-05    9.826E-01    1.379E-46     r       4.6
1.362E+09    1.689E-10    1.230E+29    4.597E+04    1.642E+04    2.486E-05    9.734E-01    2.429E-46     r       4.6
1.361E+09    1.752E-10    1.230E+29    4.635E+04    1.704E+04    2.560E-05    9.689E-01    3.211E-46     r       4.6
1.361E+09    1.885E-10    1.230E+29    4.710E+04    1.835E+04    2.713E-05    9.600E-01    5.562E-46     r       4.6
1.361E+09    1.955E-10    1.230E+29    4.747E+04    1.902E+04    2.792E-05    9.556E-01    7.291E-46     r       4.6
1.361E+09    2.100E-10    1.230E+29    4.822E+04    2.044E+04    2.956E-05    9.471E-01    1.243E-45     r       4.6
1.361E+09    2.175E-10    1.230E+29    4.860E+04    2.118E+04    3.040E-05    9.428E-01    1.617E-45     r       4.6
1.361E+09    2.333E-10    1.230E+29    4.935E+04    2.273E+04    3.214E-05    9.346E-01    2.715E-45     r       4.6
1.361E+09    2.415E-10    1.230E+29    4.973E+04    2.353E+04    3.303E-05    9.305E-01    3.505E-45     r       4.6
1.361E+09    2.586E-10    1.230E+29    5.048E+04    2.521E+04    3.488E-05    9.225E-01    5.800E-45     r       4.6
1.360E+09    2.675E-10    1.230E+29    5.086E+04    2.608E+04    3.583E-05    9.185E-01    7.436E-45     r       4.6
1.360E+09    2.860E-10    1.230E+29    5.161E+04    2.790E+04    3.779E-05    9.108E-01    1.214E-44     r       4.6
1.360E+09    2.956E-10    1.230E+29    5.199E+04    2.885E+04    3.880E-05    9.070E-01    1.546E-44     r       4.6
1.360E+09    3.157E-10    1.230E+29    5.274E+04    3.082E+04    4.088E-05    8.995E-01    2.490E-44     r       4.6
1.360E+09    3.261E-10    1.230E+29    5.312E+04    3.184E+04    4.195E-05    8.958E-01    3.150E-44     r       4.6
1.360E+09    3.477E-10    1.230E+29    5.388E+04    3.397E+04    4.415E-05    8.885E-01    5.012E-44     r       4.6
1.360E+09    3.590E-10    1.230E+29    5.426E+04    3.507E+04    4.529E-05    8.849E-01    6.303E-44     r       4.6
1.359E+09    3.823E-10    1.230E+29    5.501E+04    3.737E+04    4.761E-05    8.779E-01    9.908E-44     r       4.6
1.359E+09    3.944E-10    1.230E+29    5.539E+04    3.856E+04    4.881E-05    8.744E-01    1.239E-43     r       4.6
1.359E+09    4.196E-10    1.230E+29    5.615E+04    4.104E+04    5.127E-05    8.676E-01    1.925E-43     r       4.6
1.359E+09    4.326E-10    1.230E+29    5.653E+04    4.232E+04    5.253E-05    8.642E-01    2.393E-43     r       4.6
1.359E+09    4.597E-10    1.230E+29    5.729E+04    4.499E+04    5.513E-05    8.576E-01    3.679E-43     r       4.6
1.359E+09    4.737E-10    1.230E+29    5.767E+04    4.637E+04    5.646E-05    8.543E-01    4.549E-43     r       4.6
1.359E+09    5.027E-10    1.230E+29    5.843E+04    4.923E+04    5.919E-05    8.479E-01    6.919E-43     r       4.6
1.359E+09    5.178E-10    1.230E+29    5.881E+04    5.072E+04    6.060E-05    8.447E-01    8.512E-43     r       4.6
1.358E+09    5.489E-10    1.230E+29    5.957E+04    5.379E+04    6.348E-05    8.385E-01    1.282E-42     r       4.6
1.358E+09    5.650E-10    1.230E+29    5.995E+04    5.538E+04    6.496E-05    8.354E-01    1.569E-42     r       4.6
1.358E+09    5.984E-10    1.230E+29    6.071E+04    5.867E+04    6.799E-05    8.294E-01    2.341E-42     r       4.6
1.358E+09    6.156E-10    1.230E+29    6.109E+04    6.038E+04    6.954E-05    8.264E-01    2.852E-42     r       4.6
1.358E+09    6.513E-10    1.230E+29    6.185E+04    6.391E+04    7.273E-05    8.205E-01    4.214E-42     r       4.6
1.358E+09    6.697E-10    1.230E+29    6.223E+04    6.573E+04    7.436E-05    8.176E-01    5.112E-42     r       4.6
1.358E+09    7.079E-10    1.230E+29    6.300E+04    6.950E+04    7.771E-05    8.118E-01    7.487E-42     r       4.6
1.358E+09    7.276E-10    1.230E+29    6.338E+04    7.145E+04    7.942E-05    8.090E-01    9.042E-42     r       4.6
1.357E+09    7.683E-10    1.230E+29    6.414E+04    7.548E+04    8.294E-05    8.034E-01    1.313E-41     r       4.6
1.357E+09    7.893E-10    1.230E+29    6.452E+04    7.756E+04    8.474E-05    8.007E-01    1.579E-41     r       4.6
1.357E+09    8.326E-10    1.230E+29    6.529E+04    8.185E+04    8.842E-05    7.953E-01    2.275E-41     r       4.6
1.357E+09    8.550E-10    1.230E+29    6.567E+04    8.407E+04    9.030E-05    7.926E-01    2.725E-41     r       4.6
1.357E+09    9.012E-10    1.230E+29    6.644E+04    8.865E+04    9.416E-05    7.873E-01    3.894E-41     r       4.6
1.357E+09    9.250E-10    1.230E+29    6.682E+04    9.101E+04    9.614E-05    7.847E-01    4.647E-41     r       4.6
1.357E+09    9.742E-10    1.230E+29    6.759E+04    9.589E+04    1.002E-04    7.796E-01    6.591E-41     r       4.6
1.357E+09    9.995E-10    1.230E+29    6.797E+04    9.840E+04    1.022E-04    7.770E-01    7.834E-41     r       4.6
1.356E+09    1.052E-09    1.230E+29    6.874E+04    1.036E+05    1.065E-04    7.720E-01    1.103E-40     r       4.6
1.356E+09    1.079E-09    1.230E+29    6.912E+04    1.063E+05    1.086E-04    7.695E-01    1.307E-40     r       4.6
1.356E+09    1.134E-09    1.230E+29    6.989E+04    1.118E+05    1.131E-04    7.646E-01    1.827E-40     r       4.6
1.356E+09    1.163E-09    1.230E+29    7.027E+04    1.146E+05    1.153E-04    7.622E-01    2.156E-40     r       4.6
1.356E+09    1.221E-09    1.230E+29    7.104E+04    1.205E+05    1.199E-04    7.575E-01    2.995E-40     r       4.6
1.356E+09    1.252E-09    1.230E+29    7.142E+04    1.235E+05    1.223E-04    7.551E-01    3.523E-40     r       4.6
1.356E+09    1.314E-09    1.230E+29    7.219E+04    1.297E+05    1.271E-04    7.505E-01    4.861E-40     r       4.6
1.356E+09    1.346E-09    1.230E+29    7.258E+04    1.329E+05    1.296E-04    7.482E-01    5.700E-40     r       4.6
1.355E+09    1.412E-09    1.230E+29    7.335E+04    1.394E+05    1.346E-04    7.436E-01    7.815E-40     r       4.6
1.355E+09    1.552E-09    1.230E+29    7.489E+04    1.534E+05    1.451E-04    7.348E-01    1.451E-39     r       4.6
1.355E+09    1.626E-09    1.230E+29    7.566E+04    1.607E+05    1.505E-04    7.304E-01    1.965E-39     r       4.6
1.354E+09    1.782E-09    1.230E+29    7.720E+04    1.763E+05    1.619E-04    7.220E-01    3.565E-39     r       4.6
1.354E+09    1.864E-09    1.230E+29    7.797E+04    1.845E+05    1.678E-04    7.178E-01    4.776E-39     r       4.6
1.354E+09    2.037E-09    1.230E+29    7.952E+04    2.019E+05    1.802E-04    7.098E-01    8.478E-39     r       4.6
1.354E+09    2.129E-09    1.230E+29    8.029E+04    2.110E+05    1.866E-04    7.058E-01    1.124E-38     r       4.6
1.353E+09    2.321E-09    1.230E+29    8.184E+04    2.303E+05    1.999E-04    6.981E-01    1.954E-38     r       4.6
1.353E+09    2.423E-09    1.230E+29    8.262E+04    2.404E+05    2.068E-04    6.943E-01    2.565E-38     r       4.6
1.353E+09    2.636E-09    1.230E+29    8.417E+04    2.618E+05    2.211E-04    6.869E-01    4.377E-38     r       4.6
1.353E+09    2.748E-09    1.230E+29    8.494E+04    2.730E+05    2.286E-04    6.833E-01    5.692E-38     r       4.6
1.352E+09    2.983E-09    1.230E+29    8.650E+04    2.966E+05    2.440E-04    6.762E-01    9.540E-38     r       4.6
1.352E+09    3.106E-09    1.230E+29    8.727E+04    3.090E+05    2.520E-04    6.727E-01    1.230E-37     r       4.6
1.352E+09    3.365E-09    1.230E+29    8.883E+04    3.351E+05    2.686E-04    6.659E-01    2.027E-37     r       4.6
1.352E+09    3.501E-09    1.230E+29    8.961E+04    3.487E+05    2.772E-04    6.626E-01    2.591E-37     r       4.6
1.351E+09    3.785E-09    1.230E+29    9.117E+04    3.774E+05    2.950E-04    6.560E-01    4.202E-37     r       4.6
1.351E+09    3.934E-09    1.230E+29    9.195E+04    3.924E+05    3.042E-04    6.528E-01    5.331E-37     r       4.6
1.351E+09    4.245E-09    1.230E+29    9.351E+04    4.238E+05    3.232E-04    6.465E-01    8.517E-37     r       4.6
1.351E+09    4.408E-09    1.230E+29    9.429E+04    4.402E+05    3.330E-04    6.434E-01    1.073E-36     r       4.6
1.350E+09    4.748E-09    1.230E+29    9.585E+04    4.746E+05    3.533E-04    6.374E-01    1.689E-36     r       4.6
1.350E+09    4.926E-09    1.230E+29    9.663E+04    4.926E+05    3.638E-04    6.344E-01    2.113E-36     r       4.6
1.350E+09    5.297E-09    1.230E+29    9.820E+04    5.302E+05    3.855E-04    6.286E-01    3.283E-36     r       4.6
1.350E+09    5.491E-09    1.230E+29    9.898E+04    5.498E+05    3.967E-04    6.257E-01    4.079E-36     r       4.6
1.349E+09    5.896E-09    1.230E+29    1.005E+05    5.908E+05    4.198E-04    6.201E-01    6.257E-36     r       4.6
1.349E+09    6.107E-09    1.230E+29    1.013E+05    6.122E+05    4.317E-04    6.173E-01    7.725E-36     r       4.6
1.349E+09    6.546E-09    1.230E+29    1.029E+05    6.568E+05    4.563E-04    6.119E-01    1.171E-35     r       4.6
1.349E+09    6.775E-09    1.230E+29    1.037E+05    6.801E+05    4.690E-04    6.092E-01    1.437E-35     r       4.6
1.348E+09    7.252E-09    1.230E+29    1.053E+05    7.285E+05    4.951E-04    6.040E-01    2.153E-35     r       4.6
1.348E+09    7.500E-09    1.230E+29    1.060E+05    7.538E+05    5.085E-04    6.014E-01    2.627E-35     r       4.6
1.348E+09    8.016E-09    1.230E+29    1.076E+05    8.064E+05    5.363E-04    5.963E-01    3.893E-35     r       4.6
1.348E+09    8.285E-09    1.230E+29    1.084E+05    8.337E+05    5.505E-04    5.938E-01    4.726E-35     r       4.6
1.347E+09    8.843E-09    1.230E+29    1.100E+05    8.906E+05    5.799E-04    5.889E-01    6.929E-35     r       4.6
1.347E+09    9.133E-09    1.230E+29    1.108E+05    9.202E+05    5.950E-04    5.865E-01    8.368E-35     r       4.6
1.347E+09    9.735E-09    1.230E+29    1.124E+05    9.818E+05    6.261E-04    5.818E-01    1.215E-34     r       4.6
1.347E+09    1.005E-08    1.230E+29    1.131E+05    1.014E+06    6.421E-04    5.794E-01    1.460E-34     r       4.6
1.346E+09    1.070E-08    1.230E+29    1.147E+05    1.080E+06    6.750E-04    5.749E-01    2.099E-34     r       4.6
1.346E+09    1.103E-08    1.230E+29    1.155E+05    1.115E+06    6.919E-04    5.726E-01    2.511E-34     r       4.6
1.346E+09    1.173E-08    1.230E+29    1.171E+05    1.186E+06    7.266E-04    5.681E-01    3.578E-34     r       4.6
1.346E+09    1.210E-08    1.230E+29    1.179E+05    1.223E+06    7.444E-04    5.660E-01    4.262E-34     r       4.6
1.345E+09    1.285E-08    1.230E+29    1.195E+05    1.300E+06    7.810E-04    5.616E-01    6.019E-34     r       4.6
1.345E+09    1.324E-08    1.230E+29    1.203E+05    1.340E+06    7.999E-04    5.595E-01    7.138E-34     r       4.6
1.345E+09    1.404E-08    1.230E+29    1.219E+05    1.423E+06    8.385E-04    5.553E-01    9.998E-34     r       4.6
1.345E+09    1.446E-08    1.230E+29    1.226E+05    1.466E+06    8.583E-04    5.533E-01    1.181E-33     r       4.6
1.344E+09    1.532E-08    1.230E+29    1.242E+05    1.555E+06    8.990E-04    5.492E-01    1.641E-33     r       4.6
1.344E+09    1.577E-08    1.230E+29    1.250E+05    1.601E+06    9.198E-04    5.472E-01    1.931E-33     r       4.6
1.344E+09    1.669E-08    1.230E+29    1.266E+05    1.696E+06    9.626E-04    5.433E-01    2.662E-33     r       4.6
1.343E+09    1.717E-08    1.230E+29    1.274E+05    1.746E+06    9.846E-04    5.413E-01    3.120E-33     r       4.6
1.343E+09    1.816E-08    1.230E+29    1.290E+05    1.848E+06    1.030E-03    5.375E-01    4.271E-33     r       4.6
1.343E+09    1.867E-08    1.230E+29    1.298E+05    1.900E+06    1.053E-03    5.356E-01    4.988E-33     r       4.6
1.343E+09    1.973E-08    1.230E+29    1.314E+05    2.010E+06    1.100E-03    5.319E-01    6.780E-33     r       4.6
1.342E+09    2.027E-08    1.230E+29    1.322E+05    2.066E+06    1.124E-03    5.300E-01    7.891E-33     r       4.6
1.342E+09    2.140E-08    1.230E+29    1.338E+05    2.183E+06    1.174E-03    5.264E-01    1.065E-32     r       4.6
1.342E+09    2.198E-08    1.230E+29    1.346E+05    2.243E+06    1.199E-03    5.246E-01    1.236E-32     r       4.6
1.342E+09    2.318E-08    1.230E+29    1.362E+05    2.367E+06    1.251E-03    5.211E-01    1.658E-32     r       4.6
1.341E+09    2.380E-08    1.230E+29    1.370E+05    2.432E+06    1.278E-03    5.193E-01    1.917E-32     r       4.6
1.341E+09    2.507E-08    1.230E+29    1.386E+05    2.564E+06    1.332E-03    5.159E-01    2.555E-32     r       4.6
1.341E+09    2.573E-08    1.230E+29    1.394E+05    2.633E+06    1.360E-03    5.142E-01    2.945E-32     r       4.6
1.341E+09    2.709E-08    1.230E+29    1.410E+05    2.774E+06    1.417E-03    5.109E-01    3.902E-32     r       4.6
1.340E+09    2.779E-08    1.230E+29    1.418E+05    2.847E+06    1.446E-03    5.092E-01    4.485E-32     r       4.6
1.340E+09    2.923E-08    1.230E+29    1.434E+05    2.997E+06    1.506E-03    5.060E-01    5.908E-32     r       4.6
1.340E+09    2.997E-08    1.230E+29    1.442E+05    3.074E+06    1.536E-03    5.044E-01    6.771E-32     r       4.6
1.340E+09    3.150E-08    1.230E+29    1.458E+05    3.234E+06    1.599E-03    5.012E-01    8.870E-32     r       4.6
1.339E+09    3.229E-08    1.230E+29    1.466E+05    3.316E+06    1.631E-03    4.996E-01    1.014E-31     r       4.6
1.339E+09    3.392E-08    1.230E+29    1.482E+05    3.486E+06    1.696E-03    4.965E-01    1.321E-31     r       4.6
1.339E+09    3.475E-08    1.230E+29    1.490E+05    3.573E+06    1.729E-03    4.950E-01    1.506E-31     r       4.6
1.338E+09    3.647E-08    1.230E+29    1.506E+05    3.753E+06    1.797E-03    4.920E-01    1.952E-31     r       4.6
1.338E+09    3.735E-08    1.230E+29    1.514E+05    3.846E+06    1.832E-03    4.905E-01    2.219E-31     r       4.6
1.338E+09    3.917E-08    1.230E+29    1.530E+05    4.037E+06    1.903E-03    4.875E-01    2.862E-31     r       4.6
1.337E+09    4.302E-08    1.230E+29    1.563E+05    4.441E+06    2.051E-03    4.818E-01    4.713E-31     r       4.6
1.337E+09    4.505E-08    1.230E+29    1.579E+05    4.654E+06    2.128E-03    4.789E-01    6.021E-31     r       4.6
1.336E+09    4.934E-08    1.230E+29    1.611E+05    5.106E+06    2.289E-03    4.735E-01    9.735E-31     r       4.6
1.336E+09    5.161E-08    1.230E+29    1.627E+05    5.345E+06    2.373E-03    4.708E-01    1.233E-30     r       4.6
1.335E+09    5.638E-08    1.230E+29    1.660E+05    5.849E+06    2.547E-03    4.655E-01    1.959E-30     r       4.6
1.335E+09    5.889E-08    1.230E+29    1.676E+05    6.115E+06    2.637E-03    4.630E-01    2.459E-30     r       4.6
1.334E+09    6.418E-08    1.230E+29    1.708E+05    6.676E+06    2.825E-03    4.579E-01    3.846E-30     r       4.6
1.334E+09    6.696E-08    1.230E+29    1.725E+05    6.971E+06    2.923E-03    4.555E-01    4.791E-30     r       4.6
1.333E+09    7.281E-08    1.230E+29    1.757E+05    7.593E+06    3.126E-03    4.507E-01    7.380E-30     r       4.6
1.333E+09    7.589E-08    1.230E+29    1.774E+05    7.920E+06    3.231E-03    4.483E-01    9.126E-30     r       4.6
1.332E+09    8.234E-08    1.230E+29    1.806E+05    8.608E+06    3.450E-03    4.437E-01    1.386E-29     r       4.6
1.332E+09    8.572E-08    1.230E+29    1.823E+05    8.970E+06    3.563E-03    4.414E-01    1.702E-29     r       4.6
1.331E+09    9.282E-08    1.230E+29    1.855E+05    9.729E+06    3.797E-03    4.370E-01    2.550E-29     r       4.6
1.331E+09    9.653E-08    1.230E+29    1.872E+05    1.013E+07    3.919E-03    4.348E-01    3.111E-29     r       4.6
1.330E+09    1.043E-07    1.230E+29    1.904E+05    1.096E+07    4.171E-03    4.306E-01    4.601E-29     r       4.6
1.330E+09    1.084E-07    1.230E+29    1.921E+05    1.140E+07    4.301E-03    4.285E-01    5.579E-29     r       4.6
1.329E+09    1.169E-07    1.230E+29    1.954E+05    1.232E+07    4.570E-03    4.244E-01    8.155E-29     r       4.6
1.329E+09    1.214E-07    1.230E+29    1.970E+05    1.280E+07    4.710E-03    4.224E-01    9.831E-29     r       4.6
1.328E+09    1.307E-07    1.230E+29    2.003E+05    1.381E+07    4.998E-03    4.185E-01    1.421E-28     r       4.6
1.328E+09    1.356E-07    1.230E+29    2.019E+05    1.433E+07    5.147E-03    4.165E-01    1.703E-28     r       4.6
1.327E+09    1.457E-07    1.230E+29    2.052E+05    1.543E+07    5.454E-03    4.128E-01    2.435E-28     r       4.6
1.327E+09    1.510E-07    1.230E+29    2.069E+05    1.601E+07    5.613E-03    4.109E-01    2.904E-28     r       4.6
1.326E+09    1.621E-07    1.230E+29    2.102E+05    1.721E+07    5.941E-03    4.072E-01    4.110E-28     r       4.6
1.326E+09    1.678E-07    1.230E+29    2.118E+05    1.783E+07    6.110E-03    4.054E-01    4.877E-28     r       4.6
1.325E+09    1.798E-07    1.230E+29    2.151E+05    1.914E+07    6.460E-03    4.019E-01    6.835E-28     r       4.6
1.325E+09    1.861E-07    1.230E+29    2.168E+05    1.983E+07    6.640E-03    4.002E-01    8.073E-28     r       4.6
1.324E+09    1.991E-07    1.230E+29    2.201E+05    2.125E+07    7.011E-03    3.968E-01    1.121E-27     r       4.6
1.323E+09    2.059E-07    1.230E+29    2.218E+05    2.199E+07    7.202E-03    3.951E-01    1.318E-27     r       4.6
1.323E+09    2.200E-07    1.230E+29    2.251E+05    2.354E+07    7.596E-03    3.918E-01    1.815E-27     r       4.6
1.322E+09    2.273E-07    1.230E+29    2.268E+05    2.434E+07    7.799E-03    3.902E-01    2.124E-27     r       4.6
1.322E+09    2.425E-07    1.230E+29    2.301E+05    2.602E+07    8.217E-03    3.870E-01    2.900E-27     r       4.6
1.321E+09    2.504E-07    1.230E+29    2.318E+05    2.689E+07    8.433E-03    3.854E-01    3.382E-27     r       4.6
1.321E+09    2.669E-07    1.230E+29    2.351E+05    2.870E+07    8.876E-03    3.823E-01    4.580E-27     r       4.6
1.320E+09    2.754E-07    1.230E+29    2.368E+05    2.964E+07    9.103E-03    3.808E-01    5.319E-27     r       4.6
1.320E+09    2.931E-07    1.230E+29    2.401E+05    3.160E+07    9.572E-03    3.778E-01    7.150E-27     r       4.6
1.319E+09    3.023E-07    1.230E+29    2.418E+05    3.262E+07    9.813E-03    3.764E-01    8.274E-27     r       4.6
1.319E+09    3.213E-07    1.230E+29    2.451E+05    3.474E+07    1.031E-02    3.735E-01    1.104E-26     r       4.6
1.318E+09    3.312E-07    1.230E+29    2.468E+05    3.583E+07    1.056E-02    3.720E-01    1.273E-26     r       4.6
1.318E+09    3.516E-07    1.230E+29    2.502E+05    3.811E+07    1.109E-02    3.692E-01    1.687E-26     r       4.6
1.317E+09    3.622E-07    1.230E+29    2.518E+05    3.930E+07    1.136E-02    3.679E-01    1.938E-26     r       4.6
1.317E+09    3.842E-07    1.230E+29    2.552E+05    4.175E+07    1.191E-02    3.651E-01    2.552E-26     r       4.6
1.316E+09    3.956E-07    1.230E+29    2.569E+05    4.302E+07    1.219E-02    3.638E-01    2.923E-26     r       4.6
1.316E+09    4.191E-07    1.230E+29    2.603E+05    4.566E+07    1.277E-02    3.611E-01    3.823E-26     r       4.6
1.315E+09    4.312E-07    1.230E+29    2.620E+05    4.702E+07    1.307E-02    3.598E-01    4.365E-26     r       4.6
1.315E+09    4.564E-07    1.230E+29    2.653E+05    4.985E+07    1.368E-02    3.573E-01    5.675E-26     r       4.6
1.314E+09    4.694E-07    1.230E+29    2.670E+05    5.132E+07    1.400E-02    3.560E-01    6.461E-26     r       4.6
1.314E+09    4.963E-07    1.230E+29    2.704E+05    5.435E+07    1.464E-02    3.535E-01    8.350E-26     r       4.6
1.313E+09    5.102E-07    1.230E+29    2.721E+05    5.592E+07    1.497E-02    3.523E-01    9.479E-26     r       4.6
1.312E+09    5.389E-07    1.230E+29    2.755E+05    5.917E+07    1.565E-02    3.499E-01    1.218E-25     r       4.6
1.312E+09    5.537E-07    1.230E+29    2.772E+05    6.085E+07    1.600E-02    3.487E-01    1.379E-25     r       4.6
1.311E+09    5.843E-07    1.230E+29    2.806E+05    6.433E+07    1.671E-02    3.463E-01    1.763E-25     r       4.6
1.311E+09    6.002E-07    1.230E+29    2.823E+05    6.612E+07    1.708E-02    3.451E-01    1.990E-25     r       4.6
1.310E+09    6.328E-07    1.230E+29    2.857E+05    6.984E+07    1.782E-02    3.428E-01    2.531E-25     r       4.6
1.310E+09    6.496E-07    1.230E+29    2.874E+05    7.176E+07    1.821E-02    3.417E-01    2.851E-25     r       4.6
1.309E+09    6.843E-07    1.230E+29    2.908E+05    7.572E+07    1.899E-02    3.395E-01    3.607E-25     r       4.6
1.309E+09    7.022E-07    1.230E+29    2.925E+05    7.777E+07    1.939E-02    3.384E-01    4.052E-25     r       4.6
1.308E+09    7.391E-07    1.230E+29    2.959E+05    8.200E+07    2.021E-02    3.362E-01    5.102E-25     r       4.6
1.308E+09    7.581E-07    1.230E+29    2.976E+05    8.418E+07    2.064E-02    3.351E-01    5.719E-25     r       4.6
1.307E+09    7.973E-07    1.230E+29    3.010E+05    8.869E+07    2.150E-02    3.330E-01    7.168E-25     r       4.6
1.307E+09    8.175E-07    1.230E+29    3.027E+05    9.101E+07    2.194E-02    3.319E-01    8.016E-25     r       4.6
1.306E+09    8.591E-07    1.230E+29    3.062E+05    9.581E+07    2.284E-02    3.299E-01    1.000E-24     r       4.6
1.306E+09    8.805E-07    1.230E+29    3.079E+05    9.828E+07    2.330E-02    3.288E-01    1.116E-24     r       4.6
1.305E+09    9.245E-07    1.230E+29    3.113E+05    1.034E+08    2.424E-02    3.268E-01    1.387E-24     r       4.6
1.305E+09    9.472E-07    1.230E+29    3.130E+05    1.060E+08    2.472E-02    3.258E-01    1.544E-24     r       4.6
1.304E+09    9.939E-07    1.230E+29    3.165E+05    1.114E+08    2.571E-02    3.239E-01    1.910E-24     r       4.6
1.304E+09    1.018E-06    1.230E+29    3.182E+05    1.142E+08    2.621E-02    3.229E-01    2.123E-24     r       4.6
1.303E+09    1.067E-06    1.230E+29    3.217E+05    1.200E+08    2.724E-02    3.210E-01    2.616E-24     r       4.6
1.303E+09    1.093E-06    1.230E+29    3.234E+05    1.229E+08    2.776E-02    3.200E-01    2.901E-24     r       4.6
1.302E+09    1.145E-06    1.230E+29    3.268E+05    1.290E+08    2.884E-02    3.181E-01    3.561E-24     r       4.6
1.301E+09    1.255E-06    1.230E+29    3.338E+05    1.420E+08    3.108E-02    3.145E-01    5.326E-24     r       4.6
1.300E+09    1.314E-06    1.230E+29    3.372E+05    1.488E+08    3.225E-02    3.127E-01    6.489E-24     r       4.6
1.299E+09    1.436E-06    1.230E+29    3.442E+05    1.633E+08    3.468E-02    3.092E-01    9.568E-24     r       4.6
1.298E+09    1.501E-06    1.230E+29    3.476E+05    1.710E+08    3.595E-02    3.075E-01    1.158E-23     r       4.6
1.297E+09    1.638E-06    1.230E+29    3.546E+05    1.872E+08    3.859E-02    3.041E-01    1.685E-23     r       4.6
1.296E+09    1.709E-06    1.230E+29    3.581E+05    1.957E+08    3.996E-02    3.025E-01    2.025E-23     r       4.6
1.295E+09    1.861E-06    1.230E+29    3.651E+05    2.138E+08    4.282E-02    2.993E-01    2.910E-23     r       4.6
1.294E+09    1.940E-06    1.230E+29    3.686E+05    2.233E+08    4.431E-02    2.977E-01    3.477E-23     r       4.6
1.292E+09    2.107E-06    1.230E+29    3.756E+05    2.433E+08    4.739E-02    2.946E-01    4.937E-23     r       4.6
1.292E+09    2.194E-06    1.230E+29    3.792E+05    2.539E+08    4.899E-02    2.931E-01    5.867E-23     r       4.6
1.290E+09    2.378E-06    1.230E+29    3.862E+05    2.761E+08    5.232E-02    2.902E-01    8.238E-23     r       4.6
1.290E+09    2.474E-06    1.230E+29    3.897E+05    2.878E+08    5.405E-02    2.887E-01    9.736E-23     r       4.6
1.288E+09    2.676E-06    1.230E+29    3.968E+05    3.124E+08    5.763E-02    2.859E-01    1.353E-22     r       4.6
1.288E+09    2.782E-06    1.230E+29    4.004E+05    3.253E+08    5.949E-02    2.845E-01    1.591E-22     r       4.6
1.286E+09    3.003E-06    1.230E+29    4.075E+05    3.524E+08    6.333E-02    2.818E-01    2.189E-22     r       4.6
1.286E+09    3.119E-06    1.230E+29    4.110E+05    3.666E+08    6.533E-02    2.804E-01    2.561E-22     r       4.6
1.284E+09    3.361E-06    1.230E+29    4.182E+05    3.965E+08    6.946E-02    2.778E-01    3.491E-22     r       4.6
1.284E+09    3.487E-06    1.230E+29    4.217E+05    4.121E+08    7.159E-02    2.765E-01    4.067E-22     r       4.6
1.282E+09    3.752E-06    1.230E+29    4.289E+05    4.449E+08    7.601E-02    2.740E-01    5.495E-22     r       4.5
1.281E+09    3.890E-06    1.230E+29    4.325E+05    4.621E+08    7.830E-02    2.727E-01    6.373E-22     r       4.6
1.280E+09    4.177E-06    1.230E+29    4.396E+05    4.980E+08    8.303E-02    2.703E-01    8.538E-22     r       4.5
1.279E+09    4.328E-06    1.230E+29    4.432E+05    5.169E+08    8.548E-02    2.691E-01    9.863E-22     r       4.6
1.278E+09    4.641E-06    1.230E+29    4.504E+05    5.562E+08    9.053E-02    2.668E-01    1.311E-21     r       4.5
1.277E+09    4.804E-06    1.230E+29    4.541E+05    5.768E+08    9.314E-02    2.656E-01    1.508E-21     r       4.5
1.276E+09    5.144E-06    1.230E+29    4.613E+05    6.198E+08    9.853E-02    2.633E-01    1.990E-21     r       4.5
1.275E+09    5.320E-06    1.230E+29    4.649E+05    6.423E+08    1.013E-01    2.622E-01    2.281E-21     r       4.5
1.274E+09    5.689E-06    1.230E+29    4.722E+05    6.892E+08    1.071E-01    2.600E-01    2.987E-21     r       4.5
1.273E+09    5.880E-06    1.230E+29    4.758E+05    7.136E+08    1.100E-01    2.589E-01    3.412E-21     r       4.5
1.272E+09    6.279E-06    1.230E+29    4.831E+05    7.647E+08    1.161E-01    2.568E-01    4.438E-21     r       4.5
1.271E+09    6.486E-06    1.230E+29    4.867E+05    7.914E+08    1.193E-01    2.558E-01    5.053E-21     r       4.5
1.270E+09    6.916E-06    1.230E+29    4.941E+05    8.469E+08    1.258E-01    2.537E-01    6.529E-21     r       4.5
1.269E+09    7.139E-06    1.230E+29    4.977E+05    8.758E+08    1.291E-01    2.527E-01    7.410E-21     r       4.5
1.268E+09    7.604E-06    1.230E+29    5.051E+05    9.361E+08    1.360E-01    2.507E-01    9.514E-21     r       4.5
1.267E+09    7.844E-06    1.230E+29    5.087E+05    9.675E+08    1.396E-01    2.497E-01    1.077E-20     r       4.5
1.266E+09    8.344E-06    1.230E+29    5.161E+05    1.033E+09    1.469E-01    2.478E-01    1.374E-20     r       4.5
1.265E+09    8.603E-06    1.230E+29    5.198E+05    1.067E+09    1.507E-01    2.469E-01    1.550E-20     r       4.5
1.264E+09    9.141E-06    1.230E+29    5.272E+05    1.138E+09    1.584E-01    2.450E-01    1.967E-20     r       4.5
1.263E+09    9.419E-06    1.230E+29    5.309E+05    1.174E+09    1.624E-01    2.441E-01    2.213E-20     r       4.5
1.261E+09    9.997E-06    1.230E+29    5.383E+05    1.251E+09    1.706E-01    2.423E-01    2.794E-20     r       4.5
1.261E+09    1.030E-05    1.230E+29    5.420E+05    1.290E+09    1.749E-01    2.414E-01    3.134E-20     r       4.5
1.259E+09    1.091E-05    1.230E+29    5.495E+05    1.373E+09    1.836E-01    2.396E-01    3.936E-20     r       4.5
1.259E+09    1.124E-05    1.230E+29    5.532E+05    1.416E+09    1.880E-01    2.387E-01    4.404E-20     r       4.5
1.257E+09    1.190E-05    1.230E+29    5.607E+05    1.505E+09    1.972E-01    2.370E-01    5.502E-20     r       4.5
1.257E+09    1.224E-05    1.230E+29    5.644E+05    1.551E+09    2.019E-01    2.362E-01    6.143E-20     r       4.5
1.255E+09    1.295E-05    1.230E+29    5.719E+05    1.647E+09    2.116E-01    2.345E-01    7.637E-20     r       4.5
1.255E+09    1.332E-05    1.230E+29    5.757E+05    1.697E+09    2.166E-01    2.337E-01    8.506E-20     r       4.5
1.253E+09    1.408E-05    1.230E+29    5.832E+05    1.800E+09    2.268E-01    2.321E-01    1.053E-19     r       4.5
1.253E+09    1.447E-05    1.230E+29    5.870E+05    1.853E+09    2.321E-01    2.313E-01    1.170E-19     r       4.5
1.251E+09    1.528E-05    1.230E+29    5.945E+05    1.964E+09    2.429E-01    2.297E-01    1.441E-19     r       4.5
1.250E+09    1.570E-05    1.230E+29    5.983E+05    2.022E+09    2.484E-01    2.289E-01    1.598E-19     r       4.5
1.249E+09    1.656E-05    1.230E+29    6.059E+05    2.140E+09    2.597E-01    2.274E-01    1.961E-19     r       4.5
1.248E+09    1.701E-05    1.230E+29    6.097E+05    2.202E+09    2.656E-01    2.266E-01    2.169E-19     r       4.5
1.247E+09    1.792E-05    1.230E+29    6.173E+05    2.330E+09    2.775E-01    2.252E-01    2.651E-19     r       4.5
1.246E+09    1.840E-05    1.230E+29    6.211E+05    2.396E+09    2.836E-01    2.244E-01    2.927E-19     r       4.5
1.245E+09    1.938E-05    1.230E+29    6.287E+05    2.532E+09    2.962E-01    2.230E-01    3.562E-19     r       4.5
1.244E+09    1.988E-05    1.230E+29    6.326E+05    2.603E+09    3.027E-01    2.222E-01    3.926E-19     r       4.5
1.243E+09    2.092E-05    1.230E+29    6.402E+05    2.749E+09    3.159E-01    2.208E-01    4.759E-19     r       4.5
1.242E+09    2.146E-05    1.230E+29    6.441E+05    2.825E+09    3.226E-01    2.201E-01    5.236E-19     r       4.5
1.241E+09    2.257E-05    1.230E+29    6.518E+05    2.981E+09    3.365E-01    2.188E-01    6.324E-19     r       4.5
1.240E+09    2.313E-05    1.230E+29    6.556E+05    3.062E+09    3.436E-01    2.181E-01    6.945E-19     r       4.5
1.239E+09    2.431E-05    1.230E+29    6.633E+05    3.229E+09    3.582E-01    2.167E-01    8.359E-19     r       4.5
1.238E+09    2.491E-05    1.230E+29    6.672E+05    3.316E+09    3.656E-01    2.161E-01    9.163E-19     r       4.5
1.237E+09    2.615E-05    1.230E+29    6.750E+05    3.494E+09    3.809E-01    2.147E-01    1.099E-18     r       4.5
1.236E+09    2.679E-05    1.230E+29    6.788E+05    3.586E+09    3.887E-01    2.141E-01    1.203E-18     r       4.5
1.235E+09    2.811E-05    1.230E+29    6.866E+05    3.776E+09    4.048E-01    2.128E-01    1.438E-18     r       4.5
1.234E+09    2.879E-05    1.230E+29    6.905E+05    3.874E+09    4.130E-01    2.122E-01    1.571E-18     r       4.5
1.233E+09    3.018E-05    1.230E+29    6.983E+05    4.077E+09    4.297E-01    2.109E-01    1.872E-18     r       4.5
1.232E+09    3.090E-05    1.230E+29    7.022E+05    4.181E+09    4.383E-01    2.103E-01    2.043E-18     r       4.5
1.230E+09    3.238E-05    1.230E+29    7.101E+05    4.397E+09    4.559E-01    2.091E-01    2.427E-18     r       4.5
1.230E+09    3.313E-05    1.230E+29    7.140E+05    4.508E+09    4.649E-01    2.085E-01    2.643E-18     r       4.5
1.228E+09    3.469E-05    1.230E+29    7.218E+05    4.738E+09    4.833E-01    2.073E-01    3.131E-18     r       4.5
1.228E+09    3.549E-05    1.230E+29    7.258E+05    4.856E+09    4.927E-01    2.067E-01    3.405E-18     r       4.5
1.226E+09    3.714E-05    1.230E+29    7.337E+05    5.100E+09    5.119E-01    2.055E-01    4.023E-18     r       4.5
1.226E+09    3.798E-05    1.230E+29    7.376E+05    5.226E+09    5.217E-01    2.049E-01    4.369E-18     r       4.5
1.224E+09    3.972E-05    1.230E+29    7.455E+05    5.485E+09    5.418E-01    2.038E-01    5.146E-18     r       4.5
1.222E+09    4.338E-05    1.230E+29    7.614E+05    6.036E+09    5.839E-01    2.016E-01    7.101E-18     r       4.5
1.220E+09    4.531E-05    1.230E+29    7.694E+05    6.328E+09    6.058E-01    2.005E-01    8.320E-18     r       4.5
1.217E+09    4.937E-05    1.230E+29    7.854E+05    6.947E+09    6.516E-01    1.983E-01    1.136E-17     r       4.5
1.216E+09    5.151E-05    1.230E+29    7.935E+05    7.274E+09    6.755E-01    1.973E-01    1.325E-17     r       4.5
1.213E+09    5.601E-05    1.230E+29    8.096E+05    7.969E+09    7.253E-01    1.952E-01    1.792E-17     r       4.5
1.212E+09    5.837E-05    1.230E+29    8.177E+05    8.336E+09    7.513E-01    1.942E-01    2.079E-17     r       4.5
1.209E+09    6.333E-05    1.230E+29    8.339E+05    9.113E+09    8.054E-01    1.922E-01    2.787E-17     r       4.5
1.208E+09    6.594E-05    1.230E+29    8.421E+05    9.523E+09    8.336E-01    1.913E-01    3.220E-17     r       4.5
1.205E+09    7.140E-05    1.230E+29    8.585E+05    1.039E+10    8.923E-01    1.894E-01    4.279E-17     r       4.5
1.204E+09    7.426E-05    1.230E+29    8.667E+05    1.085E+10    9.229E-01    1.884E-01    4.923E-17     r       4.5
1.201E+09    8.027E-05    1.230E+29    8.832E+05    1.181E+10    9.864E-01    1.866E-01    6.489E-17     r       4.5
1.199E+09    8.341E-05    1.230E+29    8.914E+05    1.232E+10    1.019E+00    1.857E-01    7.435E-17     r       4.5
1.197E+09    8.999E-05    1.230E+29    9.081E+05    1.340E+10    1.088E+00    1.840E-01    9.726E-17     r       4.5
1.195E+09    9.343E-05    1.230E+29    9.164E+05    1.396E+10    1.124E+00    1.831E-01    1.110E-16     r       4.5
1.193E+09    1.006E-04    1.230E+29    9.331E+05    1.515E+10    1.198E+00    1.814E-01    1.442E-16     r       4.5
1.191E+09    1.044E-04    1.230E+29    9.415E+05    1.578E+10    1.236E+00    1.806E-01    1.640E-16     r       4.5
1.188E+09    1.123E-04    1.230E+29    9.584E+05    1.710E+10    1.316E+00    1.789E-01    2.115E-16     r       4.5
1.187E+09    1.164E-04    1.230E+29    9.668E+05    1.779E+10    1.358E+00    1.781E-01    2.398E-16     r       4.5
1.184E+09    1.249E-04    1.230E+29    9.838E+05    1.925E+10    1.444E+00    1.766E-01    3.073E-16     r       4.5
1.183E+09    1.294E-04    1.230E+29    9.923E+05    2.001E+10    1.488E+00    1.758E-01    3.473E-16     r       4.5
1.180E+09    1.387E-04    1.230E+29    1.009E+06    2.162E+10    1.581E+00    1.743E-01    4.422E-16     r       4.5
1.179E+09    1.436E-04    1.230E+29    1.018E+06    2.247E+10    1.629E+00    1.735E-01    4.982E-16     r       4.5
1.176E+09    1.537E-04    1.230E+29    1.035E+06    2.424E+10    1.728E+00    1.720E-01    6.306E-16     r       4.5
1.175E+09    1.590E-04    1.230E+29    1.044E+06    2.516E+10    1.779E+00    1.713E-01    7.085E-16     r       4.5
1.172E+09    1.700E-04    1.230E+29    1.061E+06    2.711E+10    1.886E+00    1.699E-01    8.918E-16     r       4.5
1.171E+09    1.757E-04    1.230E+29    1.070E+06    2.813E+10    1.941E+00    1.692E-01    9.991E-16     r       4.5
1.168E+09    1.876E-04    1.230E+29    1.088E+06    3.027E+10    2.055E+00    1.678E-01    1.251E-15     r       4.5
1.166E+09    1.937E-04    1.230E+29    1.096E+06    3.139E+10    2.114E+00    1.671E-01    1.398E-15     r       4.5
1.164E+09    2.066E-04    1.230E+29    1.114E+06    3.373E+10    2.236E+00    1.658E-01    1.741E-15     r       4.5
1.162E+09    2.133E-04    1.230E+29    1.123E+06    3.496E+10    2.299E+00    1.651E-01    1.941E-15     r       4.5
1.160E+09    2.271E-04    1.230E+29    1.141E+06    3.752E+10    2.430E+00    1.638E-01    2.405E-15     r       4.5
1.158E+09    2.343E-04    1.230E+29    1.149E+06    3.887E+10    2.497E+00    1.632E-01    2.674E-15     r       4.5
1.155E+09    2.493E-04    1.230E+29    1.167E+06    4.167E+10    2.637E+00    1.619E-01    3.299E-15     r       4.5
1.154E+09    2.570E-04    1.230E+29    1.176E+06    4.314E+10    2.709E+00    1.613E-01    3.660E-15     r       4.5
1.151E+09    2.731E-04    1.230E+29    1.194E+06    4.620E+10    2.858E+00    1.601E-01    4.495E-15     r       4.5
1.150E+09    2.815E-04    1.230E+29    1.203E+06    4.780E+10    2.935E+00    1.595E-01    4.976E-15     r       4.5
1.147E+09    2.988E-04    1.230E+29    1.222E+06    5.114E+10    3.093E+00    1.583E-01    6.086E-15     r       4.5
1.146E+09    3.077E-04    1.230E+29    1.231E+06    5.289E+10    3.175E+00    1.577E-01    6.723E-15     r       4.5
1.143E+09    3.263E-04    1.230E+29    1.249E+06    5.653E+10    3.344E+00    1.566E-01    8.187E-15     r       4.5
1.142E+09    3.359E-04    1.230E+29    1.258E+06    5.842E+10    3.432E+00    1.560E-01    9.026E-15     r       4.5
1.139E+09    3.558E-04    1.230E+29    1.277E+06    6.238E+10    3.612E+00    1.549E-01    1.095E-14     r       4.5
1.137E+09    3.661E-04    1.230E+29    1.286E+06    6.445E+10    3.704E+00    1.543E-01    1.205E-14     r       4.5
1.135E+09    3.875E-04    1.230E+29    1.304E+06    6.875E+10    3.896E+00    1.532E-01    1.456E-14     r       4.5
1.133E+09    3.985E-04    1.230E+29    1.314E+06    7.100E+10    3.995E+00    1.527E-01    1.599E-14     r       4.5
1.131E+09    4.214E-04    1.230E+29    1.333E+06    7.567E+10    4.198E+00    1.516E-01    1.925E-14     r       4.5
1.129E+09    4.332E-04    1.230E+29    1.342E+06    7.811E+10    4.303E+00    1.511E-01    2.111E-14     r       4.5
1.126E+09    4.576E-04    1.230E+29    1.361E+06    8.318E+10    4.519E+00    1.501E-01    2.533E-14     r       4.5
1.125E+09    4.702E-04    1.230E+29    1.370E+06    8.582E+10    4.630E+00    1.496E-01    2.772E-14     r       4.5
1.122E+09    4.963E-04    1.230E+29    1.389E+06    9.131E+10    4.860E+00    1.486E-01    3.315E-14     r       4.5
1.121E+09    5.097E-04    1.230E+29    1.399E+06    9.417E+10    4.978E+00    1.481E-01    3.622E-14     r       4.5
1.118E+09    5.376E-04    1.230E+29    1.418E+06    1.001E+11    5.221E+00    1.471E-01    4.317E-14     r       4.5
1.117E+09    5.519E-04    1.230E+29    1.428E+06    1.032E+11    5.346E+00    1.466E-01    4.710E-14     r       4.5
1.114E+09    5.816E-04    1.230E+29    1.447E+06    1.096E+11    5.604E+00    1.456E-01    5.596E-14     r       4.5
1.113E+09    5.969E-04    1.230E+29    1.457E+06    1.130E+11    5.737E+00    1.452E-01    6.096E-14     r       4.5
1.110E+09    6.284E-04    1.230E+29    1.476E+06    1.199E+11    6.010E+00    1.442E-01    7.222E-14     r       4.5
1.109E+09    6.447E-04    1.230E+29    1.486E+06    1.236E+11    6.150E+00    1.438E-01    7.855E-14     r       4.5
1.106E+09    6.783E-04    1.230E+29    1.505E+06    1.311E+11    6.439E+00    1.428E-01    9.279E-14     r       4.5
1.104E+09    6.956E-04    1.230E+29    1.515E+06    1.350E+11    6.588E+00    1.424E-01    1.008E-13     r       4.5
1.102E+09    7.313E-04    1.230E+29    1.535E+06    1.431E+11    6.894E+00    1.415E-01    1.187E-13     r       4.5
1.100E+09    7.497E-04    1.230E+29    1.545E+06    1.473E+11    7.051E+00    1.411E-01    1.288E-13     r       4.5
1.098E+09    7.876E-04    1.230E+29    1.565E+06    1.560E+11    7.375E+00    1.402E-01    1.513E-13     r       4.5
1.096E+09    8.071E-04    1.230E+29    1.575E+06    1.605E+11    7.541E+00    1.398E-01    1.639E-13     r       4.5
1.093E+09    8.473E-04    1.230E+29    1.595E+06    1.699E+11    7.883E+00    1.389E-01    1.920E-13     r       4.5
1.092E+09    8.680E-04    1.230E+29    1.605E+06    1.748E+11    8.058E+00    1.385E-01    2.077E-13     r       4.5
1.089E+09    9.107E-04    1.230E+29    1.625E+06    1.849E+11    8.419E+00    1.377E-01    2.428E-13     r       4.5
1.088E+09    9.326E-04    1.230E+29    1.635E+06    1.902E+11    8.605E+00    1.372E-01    2.623E-13     r       4.5
1.085E+09    9.778E-04    1.230E+29    1.656E+06    2.011E+11    8.986E+00    1.364E-01    3.058E-13     r       4.5
1.084E+09    1.001E-03    1.230E+29    1.666E+06    2.067E+11    9.182E+00    1.360E-01    3.300E-13     r       4.5
1.081E+09    1.049E-03    1.230E+29    1.687E+06    2.184E+11    9.584E+00    1.352E-01    3.839E-13     r       4.5
1.080E+09    1.073E-03    1.230E+29    1.697E+06    2.245E+11    9.790E+00    1.348E-01    4.138E-13     r       4.5
1.077E+09    1.124E-03    1.230E+29    1.718E+06    2.371E+11    1.021E+01    1.341E-01    4.803E-13     r       4.5
1.075E+09    1.150E-03    1.230E+29    1.728E+06    2.436E+11    1.043E+01    1.337E-01    5.172E-13     r       4.5
1.073E+09    1.204E-03    1.230E+29    1.749E+06    2.571E+11    1.088E+01    1.329E-01    5.989E-13     r       4.5
1.071E+09    1.231E-03    1.230E+29    1.760E+06    2.640E+11    1.111E+01    1.325E-01    6.442E-13     r       4.5
1.069E+09    1.288E-03    1.230E+29    1.781E+06    2.785E+11    1.158E+01    1.318E-01    7.444E-13     r       4.5
1.067E+09    1.317E-03    1.230E+29    1.791E+06    2.860E+11    1.182E+01    1.314E-01    7.998E-13     r       4.5
1.064E+09    1.376E-03    1.230E+29    1.812E+06    3.015E+11    1.232E+01    1.307E-01    9.223E-13     r       4.5
1.063E+09    1.407E-03    1.230E+29    1.823E+06    3.096E+11    1.257E+01    1.303E-01    9.900E-13     r       4.5
1.060E+09    1.470E-03    1.230E+29    1.844E+06    3.262E+11    1.309E+01    1.296E-01    1.139E-12     r       4.5
1.059E+09    1.502E-03    1.230E+29    1.855E+06    3.348E+11    1.336E+01    1.293E-01    1.222E-12     r       4.5
1.056E+09    1.569E-03    1.230E+29    1.877E+06    3.526E+11    1.391E+01    1.285E-01    1.403E-12     r       4.5
1.055E+09    1.603E-03    1.230E+29    1.888E+06    3.618E+11    1.419E+01    1.282E-01    1.503E-12     r       4.5
1.052E+09    1.673E-03    1.230E+29    1.909E+06    3.809E+11    1.477E+01    1.275E-01    1.724E-12     r       4.5
1.051E+09    1.708E-03    1.230E+29    1.920E+06    3.907E+11    1.507E+01    1.272E-01    1.845E-12     r       4.5
1.048E+09    1.782E-03    1.230E+29    1.942E+06    4.111E+11    1.568E+01    1.265E-01    2.111E-12     r       4.5
1.047E+09    1.820E-03    1.230E+29    1.953E+06    4.217E+11    1.599E+01    1.262E-01    2.258E-12     r       4.5
1.044E+09    1.897E-03    1.230E+29    1.975E+06    4.435E+11    1.663E+01    1.255E-01    2.579E-12     r       4.5
1.042E+09    1.937E-03    1.230E+29    1.986E+06    4.547E+11    1.695E+01    1.252E-01    2.755E-12     r       4.5
1.040E+09    2.019E-03    1.230E+29    2.009E+06    4.780E+11    1.763E+01    1.245E-01    3.142E-12     r       4.5
1.038E+09    2.061E-03    1.230E+29    2.020E+06    4.901E+11    1.797E+01    1.242E-01    3.354E-12     r       4.5
1.036E+09    2.146E-03    1.230E+29    2.042E+06    5.149E+11    1.868E+01    1.236E-01    3.819E-12     r       4.5
1.034E+09    2.190E-03    1.230E+29    2.054E+06    5.278E+11    1.904E+01    1.232E-01    4.073E-12     r       4.5
1.031E+09    2.280E-03    1.230E+29    2.076E+06    5.544E+11    1.978E+01    1.226E-01    4.630E-12     r       4.5
1.030E+09    2.326E-03    1.230E+29    2.088E+06    5.681E+11    2.016E+01    1.223E-01    4.935E-12     r       4.5
1.027E+09    2.421E-03    1.230E+29    2.111E+06    5.964E+11    2.093E+01    1.217E-01    5.600E-12     r       4.5
1.022E+09    2.620E-03    1.230E+29    2.157E+06    6.569E+11    2.257E+01    1.205E-01    7.191E-12     r       4.5
1.019E+09    2.724E-03    1.230E+29    2.180E+06    6.891E+11    2.342E+01    1.199E-01    8.137E-12     r       4.5
1.013E+09    2.942E-03    1.230E+29    2.227E+06    7.578E+11    2.522E+01    1.187E-01    1.039E-11     r       4.5
1.011E+09    3.057E-03    1.230E+29    2.250E+06    7.944E+11    2.616E+01    1.181E-01    1.172E-11     r       4.5
1.005E+09    3.297E-03    1.230E+29    2.298E+06    8.723E+11    2.813E+01    1.170E-01    1.488E-11     r       4.5
1.002E+09    3.422E-03    1.230E+29    2.322E+06    9.137E+11    2.916E+01    1.165E-01    1.674E-11     r       4.5
9.970E+08    3.685E-03    1.230E+29    2.370E+06    1.002E+12    3.133E+01    1.154E-01    2.114E-11     r       4.5
9.942E+08    3.823E-03    1.230E+29    2.395E+06    1.049E+12    3.246E+01    1.148E-01    2.372E-11     r       4.5
9.887E+08    4.111E-03    1.230E+29    2.444E+06    1.149E+12    3.483E+01    1.138E-01    2.980E-11     r       4.5
9.859E+08    4.261E-03    1.230E+29    2.469E+06    1.202E+12    3.607E+01    1.132E-01    3.337E-11     r       4.5
9.804E+08    4.576E-03    1.230E+29    2.519E+06    1.314E+12    3.867E+01    1.122E-01    4.173E-11     r       4.5
9.777E+08    4.740E-03    1.230E+29    2.544E+06    1.374E+12    4.003E+01    1.117E-01    4.661E-11     r       4.5
9.722E+08    5.082E-03    1.230E+29    2.595E+06    1.501E+12    4.288E+01    1.107E-01    5.802E-11     r       4.5
9.694E+08    5.261E-03    1.230E+29    2.621E+06    1.568E+12    4.436E+01    1.102E-01    6.466E-11     r       4.5
9.639E+08    5.635E-03    1.230E+29    2.673E+06    1.711E+12    4.747E+01    1.093E-01    8.014E-11     r       4.4
9.611E+08    5.829E-03    1.230E+29    2.699E+06    1.787E+12    4.909E+01    1.088E-01    8.913E-11     r       4.5
9.556E+08    6.235E-03    1.230E+29    2.752E+06    1.948E+12    5.249E+01    1.079E-01    1.100E-10     r       4.4
9.529E+08    6.447E-03    1.230E+29    2.778E+06    2.033E+12    5.426E+01    1.074E-01    1.221E-10     r       4.4
9.474E+08    6.887E-03    1.230E+29    2.832E+06    2.214E+12    5.797E+01    1.065E-01    1.501E-10     r       4.4
9.446E+08    7.117E-03    1.230E+29    2.859E+06    2.309E+12    5.990E+01    1.060E-01    1.663E-10     r       4.4
9.391E+08    7.595E-03    1.230E+29    2.914E+06    2.512E+12    6.394E+01    1.052E-01    2.037E-10     r       4.4
9.363E+08    7.844E-03    1.230E+29    2.941E+06    2.619E+12    6.605E+01    1.047E-01    2.253E-10     r       4.4
9.308E+08    8.361E-03    1.230E+29    2.997E+06    2.846E+12    7.045E+01    1.039E-01    2.750E-10     r       4.4
9.281E+08    8.630E-03    1.230E+29    3.025E+06    2.967E+12    7.274E+01    1.034E-01    3.035E-10     r       4.4
9.226E+08    9.190E-03    1.230E+29    3.082E+06    3.221E+12    7.754E+01    1.026E-01    3.692E-10     r       4.4
9.198E+08    9.481E-03    1.230E+29    3.110E+06    3.356E+12    8.004E+01    1.022E-01    4.069E-10     r       4.4
9.143E+08    1.009E-02    1.230E+29    3.168E+06    3.640E+12    8.525E+01    1.014E-01    4.933E-10     r       4.4
9.115E+08    1.040E-02    1.230E+29    3.197E+06    3.791E+12    8.797E+01    1.010E-01    5.428E-10     r       4.4
9.060E+08    1.105E-02    1.230E+29    3.256E+06    4.109E+12    9.364E+01    1.002E-01    6.561E-10     r       4.4
9.033E+08    1.139E-02    1.230E+29    3.285E+06    4.277E+12    9.659E+01    9.977E-02    7.207E-10     r       4.4
8.978E+08    1.209E-02    1.230E+29    3.345E+06    4.632E+12    1.028E+02    9.899E-02    8.685E-10     r       4.4
8.950E+08    1.246E-02    1.230E+29    3.375E+06    4.820E+12    1.060E+02    9.860E-02    9.527E-10     r       4.4
8.895E+08    1.322E-02    1.230E+29    3.436E+06    5.217E+12    1.127E+02    9.784E-02    1.145E-09     r       4.4
8.867E+08    1.361E-02    1.230E+29    3.467E+06    5.426E+12    1.161E+02    9.747E-02    1.254E-09     r       4.4
8.812E+08    1.442E-02    1.230E+29    3.529E+06    5.868E+12    1.234E+02    9.673E-02    1.503E-09     r       4.4
8.785E+08    1.485E-02    1.230E+29    3.560E+06    6.101E+12    1.272E+02    9.636E-02    1.644E-09     r       4.4
8.730E+08    1.572E-02    1.230E+29    3.623E+06    6.594E+12    1.351E+02    9.564E-02    1.964E-09     r       4.4
8.702E+08    1.617E-02    1.230E+29    3.655E+06    6.854E+12    1.392E+02    9.528E-02    2.146E-09     r       4.4
8.647E+08    1.711E-02    1.230E+29    3.720E+06    7.402E+12    1.477E+02    9.457E-02    2.558E-09     r       4.4
8.619E+08    1.760E-02    1.230E+29    3.752E+06    7.691E+12    1.521E+02    9.422E-02    2.791E-09     r       4.4
8.564E+08    1.861E-02    1.230E+29    3.818E+06    8.301E+12    1.614E+02    9.352E-02    3.319E-09     r       4.4
8.537E+08    1.913E-02    1.230E+29    3.851E+06    8.623E+12    1.662E+02    9.318E-02    3.617E-09     r       4.4
8.482E+08    2.021E-02    1.230E+29    3.918E+06    9.301E+12    1.762E+02    9.250E-02    4.291E-09     r       4.4
8.454E+08    2.076E-02    1.230E+29    3.951E+06    9.659E+12    1.815E+02    9.217E-02    4.671E-09     r       4.4
8.399E+08    2.192E-02    1.230E+29    4.019E+06    1.041E+13    1.923E+02    9.150E-02    5.529E-09     r       4.4
8.371E+08    2.252E-02    1.230E+29    4.054E+06    1.081E+13    1.979E+02    9.117E-02    6.012E-09     r       4.4
8.316E+08    2.375E-02    1.230E+29    4.123E+06    1.165E+13    2.097E+02    9.052E-02    7.100E-09     r       4.4
8.289E+08    2.439E-02    1.230E+29    4.158E+06    1.209E+13    2.158E+02    9.020E-02    7.712E-09     r       4.4
8.234E+08    2.571E-02    1.230E+29    4.229E+06    1.301E+13    2.285E+02    8.956E-02    9.089E-09     r       4.4
8.206E+08    2.639E-02    1.230E+29    4.265E+06    1.350E+13    2.351E+02    8.924E-02    9.861E-09     r       4.4
8.151E+08    2.780E-02    1.230E+29    4.337E+06    1.453E+13    2.488E+02    8.861E-02    1.160E-08     r       4.4
8.123E+08    2.853E-02    1.230E+29    4.373E+06    1.508E+13    2.560E+02    8.830E-02    1.257E-08     r       4.4
8.068E+08    3.003E-02    1.230E+29    4.447E+06    1.622E+13    2.708E+02    8.769E-02    1.476E-08     r       4.4
8.041E+08    3.080E-02    1.230E+29    4.484E+06    1.682E+13    2.785E+02    8.738E-02    1.598E-08     r       4.4
7.986E+08    3.240E-02    1.230E+29    4.559E+06    1.808E+13    2.945E+02    8.678E-02    1.872E-08     r       4.4
7.958E+08    3.323E-02    1.230E+29    4.597E+06    1.875E+13    3.028E+02    8.648E-02    2.026E-08     r       4.4
7.903E+08    3.493E-02    1.230E+29    4.673E+06    2.015E+13    3.201E+02    8.588E-02    2.369E-08     r       4.4
7.875E+08    3.581E-02    1.230E+29    4.712E+06    2.088E+13    3.291E+02    8.559E-02    2.560E-08     r       4.4
7.820E+08    3.763E-02    1.230E+29    4.790E+06    2.243E+13    3.478E+02    8.501E-02    2.989E-08     r       4.4
7.793E+08    3.856E-02    1.230E+29    4.829E+06    2.324E+13    3.575E+02    8.472E-02    3.228E-08     r       4.4
7.738E+08    4.049E-02    1.230E+29    4.909E+06    2.496E+13    3.776E+02    8.414E-02    3.761E-08     r       4.4
7.710E+08    4.148E-02    1.230E+29    4.949E+06    2.586E+13    3.881E+02    8.386E-02    4.059E-08     r       4.3
7.655E+08    4.353E-02    1.230E+29    5.030E+06    2.775E+13    4.098E+02    8.329E-02    4.722E-08     r       4.3
7.627E+08    4.459E-02    1.230E+29    5.071E+06    2.875E+13    4.210E+02    8.301E-02    5.091E-08     r       4.3
7.572E+08    4.676E-02    1.230E+29    5.154E+06    3.084E+13    4.444E+02    8.246E-02    5.913E-08     r       4.3
7.545E+08    4.788E-02    1.230E+29    5.195E+06    3.194E+13    4.566E+02    8.218E-02    6.370E-08     r       4.3
7.490E+08    5.019E-02    1.230E+29    5.280E+06    3.425E+13    4.818E+02    8.163E-02    7.386E-08     r       4.3
7.462E+08    5.138E-02    1.230E+29    5.323E+06    3.546E+13    4.949E+02    8.136E-02    7.951E-08     r       4.3
7.407E+08    5.382E-02    1.230E+29    5.409E+06    3.801E+13    5.220E+02    8.082E-02    9.206E-08     r       4.3
7.379E+08    5.508E-02    1.230E+29    5.452E+06    3.935E+13    5.361E+02    8.055E-02    9.902E-08     r       4.3
7.324E+08    5.767E-02    1.230E+29    5.540E+06    4.216E+13    5.654E+02    8.002E-02    1.145E-07     r       4.3
7.297E+08    5.901E-02    1.230E+29    5.584E+06    4.364E+13    5.805E+02    7.976E-02    1.230E-07     r       4.3
7.242E+08    6.175E-02    1.230E+29    5.674E+06    4.674E+13    6.120E+02    7.923E-02    1.420E-07     r       4.3
7.214E+08    6.316E-02    1.230E+29    5.719E+06    4.837E+13    6.283E+02    7.897E-02    1.526E-07     r       4.3
7.159E+08    6.606E-02    1.230E+29    5.811E+06    5.179E+13    6.621E+02    7.845E-02    1.759E-07     r       4.3
7.131E+08    6.755E-02    1.230E+29    5.857E+06    5.358E+13    6.796E+02    7.820E-02    1.888E-07     r       4.3
7.076E+08    7.061E-02    1.230E+29    5.951E+06    5.735E+13    7.160E+02    7.769E-02    2.173E-07     r       4.3
7.049E+08    7.219E-02    1.230E+29    5.998E+06    5.932E+13    7.349E+02    7.743E-02    2.331E-07     r       4.3
6.994E+08    7.542E-02    1.230E+29    6.093E+06    6.347E+13    7.740E+02    7.693E-02    2.679E-07     r       4.3
6.966E+08    7.708E-02    1.230E+29    6.141E+06    6.565E+13    7.942E+02    7.668E-02    2.872E-07     r       4.3
6.911E+08    8.050E-02    1.230E+29    6.239E+06    7.021E+13    8.362E+02    7.618E-02    3.297E-07     r       4.3
6.883E+08    8.225E-02    1.230E+29    6.288E+06    7.260E+13    8.579E+02    7.593E-02    3.532E-07     r       4.3
6.828E+08    8.585E-02    1.230E+29    6.387E+06    7.762E+13    9.030E+02    7.544E-02    4.049E-07     r       4.3
6.801E+08    8.770E-02    1.230E+29    6.437E+06    8.025E+13    9.264E+02    7.519E-02    4.334E-07     r       4.3
6.746E+08    9.150E-02    1.230E+29    6.539E+06    8.577E+13    9.747E+02    7.471E-02    4.963E-07     r       4.3
6.718E+08    9.344E-02    1.230E+29    6.590E+06    8.867E+13    9.998E+02    7.446E-02    5.310E-07     r       4.2
6.663E+08    9.744E-02    1.230E+29    6.694E+06    9.473E+13    1.052E+03    7.398E-02    6.072E-07     r       4.2
6.635E+08    9.949E-02    1.230E+29    6.746E+06    9.791E+13    1.079E+03    7.374E-02    6.492E-07     r       4.2
6.580E+08    1.037E-01    1.230E+29    6.852E+06    1.046E+14    1.134E+03    7.327E-02    7.415E-07     r       4.2
6.553E+08    1.058E-01    1.230E+29    6.905E+06    1.081E+14    1.163E+03    7.303E-02    7.923E-07     r       4.2
6.498E+08    1.103E-01    1.230E+29    7.013E+06    1.154E+14    1.222E+03    7.256E-02    9.039E-07     r       4.2
6.470E+08    1.125E-01    1.230E+29    7.067E+06    1.192E+14    1.253E+03    7.232E-02    9.652E-07     r       4.2
6.415E+08    1.172E-01    1.230E+29    7.178E+06    1.272E+14    1.317E+03    7.185E-02    1.100E-06     r       4.2
6.387E+08    1.196E-01    1.230E+29    7.233E+06    1.314E+14    1.350E+03    7.162E-02    1.174E-06     r       4.2
6.332E+08    1.244E-01    1.230E+29    7.346E+06    1.402E+14    1.418E+03    7.116E-02    1.336E-06     r       4.2
6.305E+08    1.269E-01    1.230E+29    7.403E+06    1.448E+14    1.454E+03    7.093E-02    1.425E-06     r       4.2
6.250E+08    1.320E-01    1.230E+29    7.518E+06    1.544E+14    1.527E+03    7.047E-02    1.620E-06     r       4.2
6.222E+08    1.346E-01    1.230E+29    7.576E+06    1.595E+14    1.565E+03    7.024E-02    1.726E-06     r       4.2
6.167E+08    1.400E-01    1.230E+29    7.693E+06    1.700E+14    1.643E+03    6.978E-02    1.960E-06     r       4.2
6.139E+08    1.427E-01    1.230E+29    7.752E+06    1.755E+14    1.683E+03    6.956E-02    2.088E-06     r       4.2
6.084E+08    1.483E-01    1.230E+29    7.872E+06    1.871E+14    1.766E+03    6.911E-02    2.368E-06     r       4.2
6.057E+08    1.512E-01    1.230E+29    7.932E+06    1.931E+14    1.809E+03    6.888E-02    2.522E-06     r       4.1
6.002E+08    1.571E-01    1.230E+29    8.055E+06    2.057E+14    1.898E+03    6.843E-02    2.857E-06     r       4.1
5.974E+08    1.601E-01    1.230E+29    8.116E+06    2.123E+14    1.944E+03    6.821E-02    3.040E-06     r       4.1
5.919E+08    1.662E-01    1.230E+29    8.241E+06    2.261E+14    2.039E+03    6.777E-02    3.440E-06     r       4.1
5.891E+08    1.693E-01    1.230E+29    8.304E+06    2.333E+14    2.088E+03    6.754E-02    3.658E-06     r       4.1
5.836E+08    1.757E-01    1.230E+29    8.432E+06    2.484E+14    2.190E+03    6.710E-02    4.135E-06     r       4.1
5.809E+08    1.790E-01    1.230E+29    8.496E+06    2.563E+14    2.242E+03    6.688E-02    4.395E-06     r       4.1
5.754E+08    1.857E-01    1.230E+29    8.626E+06    2.727E+14    2.349E+03    6.645E-02    4.962E-06     r       4.1
5.726E+08    1.891E-01    1.230E+29    8.692E+06    2.813E+14    2.405E+03    6.623E-02    5.271E-06     r       4.1
5.671E+08    1.960E-01    1.230E+29    8.825E+06    2.992E+14    2.520E+03    6.579E-02    5.945E-06     r       4.1
5.643E+08    1.996E-01    1.230E+29    8.892E+06    3.085E+14    2.579E+03    6.557E-02    6.311E-06     r       4.1
5.588E+08    2.068E-01    1.230E+29    9.028E+06    3.280E+14    2.701E+03    6.514E-02    7.110E-06     r       4.0
5.561E+08    2.105E-01    1.230E+29    9.096E+06    3.382E+14    2.764E+03    6.493E-02    7.545E-06     r       4.0
5.506E+08    2.181E-01    1.230E+29    9.235E+06    3.595E+14    2.893E+03    6.449E-02    8.490E-06     r       4.0
5.478E+08    2.219E-01    1.230E+29    9.305E+06    3.705E+14    2.960E+03    6.428E-02    9.004E-06     r       4.0
5.423E+08    2.297E-01    1.230E+29    9.446E+06    3.936E+14    3.097E+03    6.385E-02    1.012E-05     r       4.0
5.395E+08    2.337E-01    1.230E+29    9.518E+06    4.057E+14    3.168E+03    6.364E-02    1.073E-05     r       4.0
5.340E+08    2.419E-01    1.230E+29    9.662E+06    4.307E+14    3.314E+03    6.321E-02    1.204E-05     r       4.0
5.313E+08    2.460E-01    1.230E+29    9.735E+06    4.438E+14    3.389E+03    6.300E-02    1.276E-05     r       4.0
5.258E+08    2.544E-01    1.230E+29    9.882E+06    4.710E+14    3.543E+03    6.258E-02    1.431E-05     r       4.0
5.230E+08    2.587E-01    1.230E+29    9.956E+06    4.852E+14    3.622E+03    6.237E-02    1.515E-05     r       4.0
5.175E+08    2.674E-01    1.230E+29    1.011E+07    5.147E+14    3.785E+03    6.195E-02    1.698E-05     r       3.9
5.147E+08    2.719E-01    1.230E+29    1.018E+07    5.301E+14    3.869E+03    6.174E-02    1.796E-05     r       3.9
5.092E+08    2.809E-01    1.230E+29    1.034E+07    5.620E+14    4.041E+03    6.132E-02    2.010E-05     r       3.9
5.065E+08    2.855E-01    1.230E+29    1.041E+07    5.786E+14    4.130E+03    6.111E-02    2.126E-05     r       3.9
5.010E+08    2.948E-01    1.230E+29    1.057E+07    6.132E+14    4.312E+03    6.069E-02    2.377E-05     r       3.9
4.982E+08    2.995E-01    1.230E+29    1.065E+07    6.311E+14    4.405E+03    6.048E-02    2.512E-05     r       3.9
4.927E+08    3.091E-01    1.230E+29    1.081E+07    6.684E+14    4.596E+03    6.007E-02    2.806E-05     r       3.9
4.899E+08    3.140E-01    1.230E+29    1.089E+07    6.878E+14    4.695E+03    5.986E-02    2.964E-05     r       3.8
4.844E+08    3.239E-01    1.230E+29    1.105E+07    7.281E+14    4.896E+03    5.945E-02    3.306E-05     r       3.8
4.817E+08    3.290E-01    1.230E+29    1.113E+07    7.490E+14    4.999E+03    5.924E-02    3.491E-05     r       3.8
4.762E+08    3.391E-01    1.230E+29    1.130E+07    7.923E+14    5.211E+03    5.883E-02    3.890E-05     r       3.8
4.734E+08    3.443E-01    1.230E+29    1.138E+07    8.148E+14    5.320E+03    5.863E-02    4.106E-05     r       3.8
4.679E+08    3.548E-01    1.230E+29    1.155E+07    8.615E+14    5.542E+03    5.822E-02    4.570E-05     r       3.8
4.651E+08    3.601E-01    1.230E+29    1.164E+07    8.857E+14    5.655E+03    5.801E-02    4.821E-05     r       3.8
4.596E+08    3.708E-01    1.230E+29    1.181E+07    9.358E+14    5.888E+03    5.761E-02    5.361E-05     r       3.7
4.569E+08    3.763E-01    1.230E+29    1.190E+07    9.618E+14    6.007E+03    5.740E-02    5.652E-05     r       3.7
4.514E+08    3.872E-01    1.230E+29    1.207E+07    1.016E+15    6.250E+03    5.700E-02    6.279E-05     r       3.7
4.486E+08    3.928E-01    1.230E+29    1.216E+07    1.043E+15    6.374E+03    5.680E-02    6.617E-05     r       3.7
4.431E+08    4.041E-01    1.230E+29    1.234E+07    1.101E+15    6.628E+03    5.639E-02    7.344E-05     r       3.7
4.403E+08    4.097E-01    1.230E+29    1.243E+07    1.131E+15    6.757E+03    5.619E-02    7.736E-05     r       3.6
4.348E+08    4.212E-01    1.230E+29    1.262E+07    1.192E+15    7.022E+03    5.579E-02    8.579E-05     r       3.6
4.321E+08    4.270E-01    1.230E+29    1.271E+07    1.224E+15    7.157E+03    5.559E-02    9.032E-05     r       3.6
4.266E+08    4.387E-01    1.229E+29    1.290E+07    1.290E+15    7.431E+03    5.519E-02    1.001E-04     r       3.6
4.238E+08    4.446E-01    1.229E+29    1.299E+07    1.324E+15    7.571E+03    5.499E-02    1.053E-04     r       3.6
4.183E+08    4.565E-01    1.229E+29    1.318E+07    1.394E+15    7.856E+03    5.459E-02    1.166E-04     r       3.6
4.155E+08    4.625E-01    1.229E+29    1.327E+07    1.430E+15    8.002E+03    5.440E-02    1.227E-04     r       3.5
4.100E+08    4.746E-01    1.229E+29    1.347E+07    1.504E+15    8.297E+03    5.400E-02    1.358E-04     r       3.5
4.073E+08    4.807E-01    1.229E+29    1.357E+07    1.542E+15    8.447E+03    5.380E-02    1.428E-04     r       3.5
4.018E+08    4.929E-01    1.229E+29    1.376E+07    1.621E+15    8.751E+03    5.341E-02    1.580E-04     r       3.5
3.990E+08    4.991E-01    1.229E+29    1.386E+07    1.662E+15    8.906E+03    5.322E-02    1.661E-04     r       3.4
3.935E+08    5.115E-01    1.229E+29    1.406E+07    1.745E+15    9.220E+03    5.283E-02    1.837E-04     r       3.4
3.907E+08    5.177E-01    1.229E+29    1.416E+07    1.788E+15    9.380E+03    5.263E-02    1.932E-04     r       3.4
3.852E+08    5.302E-01    1.228E+29    1.437E+07    1.877E+15    9.702E+03    5.224E-02    2.137E-04     r       3.4
3.742E+08    5.554E-01    1.228E+29    1.478E+07    2.063E+15    1.036E+04    5.148E-02    2.615E-04     r       3.3
3.687E+08    5.680E-01    1.228E+29    1.499E+07    2.161E+15    1.070E+04    5.109E-02    2.895E-04     r       3.3
3.577E+08    5.934E-01    1.227E+29    1.542E+07    2.366E+15    1.139E+04    5.034E-02    3.558E-04     r       3.2
3.522E+08    6.061E-01    1.227E+29    1.564E+07    2.474E+15    1.174E+04    4.996E-02    3.952E-04     r       3.2
3.411E+08    6.314E-01    1.226E+29    1.609E+07    2.698E+15    1.245E+04    4.922E-02    4.902E-04     r       3.1
3.356E+08    6.439E-01    1.225E+29    1.631E+07    2.815E+15    1.281E+04    4.885E-02    5.479E-04     r       3.0
3.246E+08    6.689E-01    1.224E+29    1.677E+07    3.058E+15    1.353E+04    4.813E-02    6.907E-04     r       3.0
3.191E+08    6.813E-01    1.223E+29    1.701E+07    3.184E+15    1.389E+04    4.777E-02    7.799E-04     r       2.9
3.081E+08    7.057E-01    1.222E+29    1.748E+07    3.444E+15    1.462E+04    4.706E-02    1.008E-03     r       2.8
3.026E+08    7.177E-01    1.221E+29    1.772E+07    3.578E+15    1.498E+04    4.671E-02    1.155E-03     r       2.8
2.915E+08    7.412E-01    1.218E+29    1.821E+07    3.853E+15    1.569E+04    4.602E-02    1.543E-03     r       2.7
2.860E+08    7.528E-01    1.216E+29    1.846E+07    3.994E+15    1.604E+04    4.569E-02    1.800E-03     r       2.6
2.750E+08    7.752E-01    1.213E+29    1.897E+07    4.281E+15    1.673E+04    4.502E-02    2.497E-03     r       2.6
2.695E+08    7.861E-01    1.210E+29    1.923E+07    4.428E+15    1.707E+04    4.470E-02    2.969E-03     r       2.5
2.585E+08    8.072E-01    1.204E+29    1.974E+07    4.724E+15    1.773E+04    4.408E-02    4.251E-03     r       2.5
2.530E+08    8.174E-01    1.201E+29    2.000E+07    4.875E+15    1.806E+04    4.380E-02    5.095E-03     r       2.5
2.502E+08    8.224E-01    1.198E+29    2.012E+07    4.950E+15    1.823E+04    4.366E-02    5.580E-03     r       2.5
2.447E+08    8.322E-01    1.194E+29    2.037E+07    5.102E+15    1.856E+04    4.340E-02    6.696E-03     r       2.5
2.419E+08    8.370E-01    1.191E+29    2.049E+07    5.178E+15    1.872E+04    4.328E-02    7.335E-03     r       2.5
2.364E+08    8.464E-01    1.185E+29    2.073E+07    5.331E+15    1.904E+04    4.304E-02    8.799E-03     r       2.5
2.337E+08    8.510E-01    1.182E+29    2.085E+07    5.408E+15    1.921E+04    4.292E-02    9.634E-03     r       2.5
2.282E+08    8.600E-01    1.174E+29    2.109E+07    5.561E+15    1.953E+04    4.270E-02    1.154E-02     r       2.5
2.254E+08    8.644E-01    1.170E+29    2.120E+07    5.638E+15    1.968E+04    4.259E-02    1.262E-02     r       2.5
2.199E+08    8.729E-01    1.160E+29    2.144E+07    5.792E+15    2.000E+04    4.239E-02    1.506E-02     r       2.5
2.171E+08    8.771E-01    1.155E+29    2.155E+07    5.869E+15    2.016E+04    4.229E-02    1.644E-02     r       2.5
2.116E+08    8.852E-01    1.144E+29    2.178E+07    6.022E+15    2.047E+04    4.210E-02    1.956E-02     r       2.5
2.089E+08    8.892E-01    1.137E+29    2.189E+07    6.099E+15    2.062E+04    4.200E-02    2.130E-02     r       2.5
2.061E+08    8.931E-01    1.130E+29    2.200E+07    6.176E+15    2.077E+04    4.192E-02    2.319E-02     r       2.5
2.034E+08    8.969E-01    1.123E+29    2.211E+07    6.252E+15    2.092E+04    4.183E-02    2.522E-02     r       2.5
1.978E+08    9.042E-01    1.107E+29    2.232E+07    6.405E+15    2.122E+04    4.166E-02    2.975E-02     r       2.5
1.951E+08    9.078E-01    1.098E+29    2.243E+07    6.480E+15    2.137E+04    4.158E-02    3.226E-02     r       2.5
1.896E+08    9.147E-01    1.079E+29    2.264E+07    6.631E+15    2.166E+04    4.142E-02    3.784E-02     r       2.5
1.868E+08    9.181E-01    1.068E+29    2.274E+07    6.706E+15    2.181E+04    4.135E-02    4.092E-02     r       2.5
1.813E+08    9.246E-01    1.046E+29    2.295E+07    6.855E+15    2.209E+04    4.120E-02    4.770E-02     r       2.5
1.786E+08    9.277E-01    1.033E+29    2.305E+07    6.929E+15    2.223E+04    4.113E-02    5.142E-02     r       2.5
1.730E+08    9.337E-01    1.007E+29    2.324E+07    7.076E+15    2.251E+04    4.100E-02    5.956E-02     r       2.5
1.703E+08    9.366E-01    9.925E+28    2.334E+07    7.149E+15    2.264E+04    4.093E-02    6.399E-02     r       2.5
1.648E+08    9.422E-01    9.621E+28    2.353E+07    7.293E+15    2.291E+04    4.081E-02    7.363E-02     r       2.5
1.620E+08    9.448E-01    9.459E+28    2.362E+07    7.364E+15    2.304E+04    4.075E-02    7.885E-02     r       2.5
1.565E+08    9.500E-01    9.116E+28    2.380E+07    7.504E+15    2.330E+04    4.064E-02    9.011E-02     r       2.5
1.538E+08    9.524E-01    8.935E+28    2.389E+07    7.573E+15    2.343E+04    4.058E-02    9.617E-02     r       2.5
1.482E+08    9.571E-01    8.554E+28    2.406E+07    7.710E+15    2.368E+04    4.048E-02    1.092E-01     r       2.5
1.455E+08    9.593E-01    8.354E+28    2.415E+07    7.777E+15    2.380E+04    4.043E-02    1.161E-01     r       2.5
1.441E+08    9.604E-01    8.252E+28    2.419E+07    7.811E+15    2.386E+04    4.040E-02    1.197E-01     r       2.5
1.414E+08    9.625E-01    8.044E+28    2.427E+07    7.877E+15    2.398E+04    4.035E-02    1.270E-01     r       2.5
1.400E+08    9.636E-01    7.938E+28    2.431E+07    7.910E+15    2.403E+04    4.033E-02    1.308E-01     r       2.5
1.372E+08    9.656E-01    7.722E+28    2.439E+07    7.975E+15    2.415E+04    4.028E-02    1.387E-01     r       2.5
1.358E+08    9.665E-01    7.612E+28    2.443E+07    8.007E+15    2.421E+04    4.026E-02    1.427E-01     r       2.5
1.331E+08    9.685E-01    7.389E+28    2.451E+07    8.071E+15    2.432E+04    4.021E-02    1.509E-01     r       2.5
1.317E+08    9.694E-01    7.276E+28    2.455E+07    8.102E+15    2.438E+04    4.019E-02    1.552E-01     r       2.5
1.290E+08    9.712E-01    7.047E+28    2.463E+07    8.165E+15    2.449E+04    4.015E-02    1.639E-01     r       2.5
1.276E+08    9.721E-01    6.931E+28    2.466E+07    8.196E+15    2.454E+04    4.013E-02    1.684E-01     r       2.5
1.248E+08    9.738E-01    6.697E+28    2.474E+07    8.257E+15    2.465E+04    4.009E-02    1.775E-01     r       2.5
1.234E+08    9.746E-01    6.578E+28    2.478E+07    8.287E+15    2.470E+04    4.007E-02    1.821E-01     r       2.5
1.207E+08    9.762E-01    6.340E+28    2.485E+07    8.347E+15    2.481E+04    4.003E-02    1.917E-01     r       2.5
1.193E+08    9.770E-01    6.220E+28    2.488E+07    8.376E+15    2.486E+04    4.001E-02    1.965E-01     r       2.5
1.166E+08    9.785E-01    5.978E+28    2.495E+07    8.435E+15    2.496E+04    3.997E-02    2.065E-01     r       2.5
1.152E+08    9.792E-01    5.856E+28    2.499E+07    8.464E+15    2.501E+04    3.995E-02    2.115E-01     r       2.5
1.124E+08    9.806E-01    5.613E+28    2.506E+07    8.520E+15    2.511E+04    3.992E-02    2.218E-01     r       2.5
1.110E+08    9.813E-01    5.491E+28    2.509E+07    8.548E+15    2.516E+04    3.990E-02    2.271E-01     r       2.5
1.083E+08    9.826E-01    5.247E+28    2.515E+07    8.604E+15    2.525E+04    3.986E-02    2.377E-01     r       2.5
1.069E+08    9.833E-01    5.126E+28    2.519E+07    8.631E+15    2.530E+04    3.985E-02    2.431E-01     r       2.5
1.042E+08    9.845E-01    4.883E+28    2.525E+07    8.685E+15    2.539E+04    3.981E-02    2.540E-01     r       2.5
1.028E+08    9.851E-01    4.762E+28    2.528E+07    8.711E+15    2.544E+04    3.980E-02    2.595E-01     r       2.5
1.000E+08    9.862E-01    4.521E+28    2.534E+07    8.763E+15    2.553E+04    3.977E-02    2.707E-01     r       2.5
9.864E+07    9.868E-01    4.402E+28    2.537E+07    8.788E+15    2.557E+04    3.975E-02    2.764E-01     r       2.5
9.589E+07    9.878E-01    4.165E+28    2.543E+07    8.839E+15    2.566E+04    3.972E-02    2.878E-01     r       2.5
9.451E+07    9.883E-01    4.048E+28    2.546E+07    8.863E+15    2.570E+04    3.971E-02    2.935E-01     r       2.5
9.175E+07    9.893E-01    3.817E+28    2.552E+07    8.912E+15    2.578E+04    3.968E-02    3.051E-01     r       2.5
9.037E+07    9.898E-01    3.703E+28    2.554E+07    8.936E+15    2.582E+04    3.967E-02    3.110E-01     r       2.5
8.762E+07    9.907E-01    3.478E+28    2.560E+07    8.982E+15    2.590E+04    3.964E-02    3.227E-01     r       2.5
8.624E+07    9.911E-01    3.368E+28    2.562E+07    9.005E+15    2.594E+04    3.963E-02    3.285E-01     r       2.5
8.349E+07    9.919E-01    3.151E+28    2.567E+07    9.050E+15    2.601E+04    3.960E-02    3.403E-01     r       2.5
8.211E+07    9.923E-01    3.045E+28    2.570E+07    9.072E+15    2.605E+04    3.959E-02    3.462E-01     r       2.5
7.935E+07    9.930E-01    2.838E+28    2.575E+07    9.115E+15    2.612E+04    3.956E-02    3.580E-01     r       2.5
7.797E+07    9.934E-01    2.736E+28    2.577E+07    9.136E+15    2.616E+04    3.955E-02    3.639E-01     r       2.5
7.729E+07    9.936E-01    2.687E+28    2.578E+07    9.146E+15    2.618E+04    3.955E-02    3.668E-01     r       2.5
7.591E+07    9.939E-01    2.588E+28    2.581E+07    9.167E+15    2.621E+04    3.954E-02    3.727E-01     r       2.5
7.522E+07    9.941E-01    2.540E+28    2.582E+07    9.177E+15    2.623E+04    3.953E-02    3.756E-01     r       2.5
7.384E+07    9.944E-01    2.444E+28    2.584E+07    9.197E+15    2.626E+04    3.952E-02    3.814E-01     r       2.5
7.315E+07    9.945E-01    2.397E+28    2.585E+07    9.207E+15    2.628E+04    3.951E-02    3.843E-01     r       2.5
7.177E+07    9.948E-01    2.305E+28    2.588E+07    9.226E+15    2.631E+04    3.950E-02    3.901E-01     r       2.5
7.109E+07    9.950E-01    2.259E+28    2.589E+07    9.236E+15    2.633E+04    3.950E-02    3.930E-01     r       2.5
6.971E+07    9.953E-01    2.170E+28    2.591E+07    9.255E+15    2.636E+04    3.949E-02    3.988E-01     r       2.5
6.902E+07    9.954E-01    2.126E+28    2.592E+07    9.264E+15    2.637E+04    3.948E-02    4.016E-01     r       2.5
6.764E+07    9.957E-01    2.039E+28    2.594E+07    9.282E+15    2.641E+04    3.947E-02    4.073E-01     r       2.5
6.695E+07    9.958E-01    1.997E+28    2.595E+07    9.291E+15    2.642E+04    3.947E-02    4.102E-01     r       2.5
6.557E+07    9.961E-01    1.914E+28    2.597E+07    9.309E+15    2.645E+04    3.946E-02    4.158E-01     r       2.5
6.489E+07    9.962E-01    1.873E+28    2.598E+07    9.318E+15    2.647E+04    3.945E-02    4.186E-01     r       2.5
6.351E+07    9.964E-01    1.794E+28    2.600E+07    9.336E+15    2.649E+04    3.944E-02    4.242E-01     r       2.5
6.282E+07    9.965E-01    1.755E+28    2.601E+07    9.344E+15    2.651E+04    3.944E-02    4.270E-01     r       2.5
6.144E+07    9.967E-01    1.679E+28    2.603E+07    9.361E+15    2.654E+04    3.943E-02    4.325E-01     r       2.5
6.075E+07    9.969E-01    1.641E+28    2.604E+07    9.369E+15    2.655E+04    3.943E-02    4.352E-01     r       2.5
5.937E+07    9.971E-01    1.569E+28    2.606E+07    9.386E+15    2.658E+04    3.942E-02    4.406E-01     r       2.5
5.869E+07    9.972E-01    1.533E+28    2.607E+07    9.394E+15    2.659E+04    3.941E-02    4.433E-01     r       2.5
5.731E+07    9.974E-01    1.464E+28    2.608E+07    9.410E+15    2.662E+04    3.941E-02    4.486E-01     r       2.5
5.662E+07    9.975E-01    1.431E+28    2.609E+07    9.417E+15    2.663E+04    3.940E-02    4.512E-01     r       2.5
5.524E+07    9.976E-01    1.365E+28    2.611E+07    9.433E+15    2.666E+04    3.939E-02    4.564E-01     r       2.5
5.455E+07    9.977E-01    1.333E+28    2.612E+07    9.440E+15    2.667E+04    3.939E-02    4.590E-01     r       2.5
5.317E+07    9.979E-01    1.271E+28    2.613E+07    9.455E+15    2.669E+04    3.938E-02    4.641E-01     r       2.5
5.249E+07    9.980E-01    1.241E+28    2.614E+07    9.462E+15    2.670E+04    3.938E-02    4.666E-01     r       2.5
5.111E+07    9.981E-01    1.183E+28    2.616E+07    9.476E+15    2.673E+04    3.937E-02    4.716E-01     r       2.5
5.042E+07    9.982E-01    1.155E+28    2.617E+07    9.483E+15    2.674E+04    3.937E-02    4.741E-01     r       2.5
4.904E+07    9.983E-01    1.100E+28    2.618E+07    9.497E+15    2.676E+04    3.936E-02    4.789E-01     r       2.5
4.835E+07    9.984E-01    1.074E+28    2.619E+07    9.504E+15    2.677E+04    3.936E-02    4.813E-01     r       2.5
4.697E+07    9.986E-01    1.023E+28    2.620E+07    9.517E+15    2.679E+04    3.935E-02    4.860E-01     r       2.5
4.628E+07    9.986E-01    9.985E+27    2.621E+07    9.523E+15    2.681E+04    3.935E-02    4.883E-01     r       2.5
4.491E+07    9.987E-01    9.512E+27    2.622E+07    9.536E+15    2.683E+04    3.934E-02    4.929E-01     r       2.5
4.422E+07    9.988E-01    9.284E+27    2.623E+07    9.542E+15    2.684E+04    3.934E-02    4.951E-01     r       2.5
4.284E+07    9.989E-01    8.846E+27    2.624E+07    9.554E+15    2.686E+04    3.933E-02    4.995E-01     r       2.5
4.215E+07    9.990E-01    8.636E+27    2.625E+07    9.559E+15    2.687E+04    3.933E-02    5.017E-01     r       2.5
4.077E+07    9.991E-01    8.233E+27    2.626E+07    9.571E+15    2.688E+04    3.932E-02    5.059E-01     r       2.5
4.008E+07    9.991E-01    8.040E+27    2.627E+07    9.576E+15    2.689E+04    3.932E-02    5.080E-01     r       2.5
3.974E+07    9.991E-01    7.945E+27    2.627E+07    9.579E+15    2.690E+04    3.932E-02    5.090E-01     r       2.5
3.905E+07    9.992E-01    7.761E+27    2.628E+07    9.584E+15    2.691E+04    3.932E-02    5.110E-01     r       2.5
3.871E+07    9.992E-01    7.671E+27    2.628E+07    9.587E+15    2.691E+04    3.931E-02    5.120E-01     r       2.5
3.802E+07    9.992E-01    7.495E+27    2.629E+07    9.592E+15    2.692E+04    3.931E-02    5.140E-01     r       2.5
3.767E+07    9.993E-01    7.409E+27    2.629E+07    9.595E+15    2.692E+04    3.931E-02    5.150E-01     r       2.5
3.698E+07    9.993E-01    7.242E+27    2.630E+07    9.600E+15    2.693E+04    3.931E-02    5.169E-01     r       2.5
3.664E+07    9.993E-01    7.160E+27    2.630E+07    9.603E+15    2.694E+04    3.931E-02    5.179E-01     r       2.5
3.595E+07    9.994E-01    7.000E+27    2.630E+07    9.607E+15    2.694E+04    3.930E-02    5.198E-01     r       2.5
3.561E+07    9.994E-01    6.923E+27    2.631E+07    9.610E+15    2.695E+04    3.930E-02    5.207E-01     r       2.5
3.492E+07    9.994E-01    6.771E+27    2.631E+07    9.615E+15    2.696E+04    3.930E-02    5.225E-01     r       2.5
3.457E+07    9.994E-01    6.698E+27    2.631E+07    9.617E+15    2.696E+04    3.930E-02    5.234E-01     r       2.5
3.388E+07    9.995E-01    6.554E+27    2.632E+07    9.622E+15    2.697E+04    3.930E-02    5.252E-01     r       2.5
3.354E+07    9.995E-01    6.485E+27    2.632E+07    9.624E+15    2.697E+04    3.930E-02    5.261E-01     r       2.5
3.285E+07    9.995E-01    6.349E+27    2.633E+07    9.628E+15    2.698E+04    3.929E-02    5.278E-01     r       2.5
3.251E+07    9.995E-01    6.283E+27    2.633E+07    9.631E+15    2.698E+04    3.929E-02    5.287E-01     r       2.5
3.182E+07    9.996E-01    6.155E+27    2.633E+07    9.635E+15    2.699E+04    3.929E-02    5.304E-01     r       2.5
3.147E+07    9.996E-01    6.093E+27    2.634E+07    9.637E+15    2.699E+04    3.929E-02    5.312E-01     r       2.5
3.078E+07    9.996E-01    5.973E+27    2.634E+07    9.641E+15    2.700E+04    3.929E-02    5.328E-01     r       2.5
3.044E+07    9.996E-01    5.914E+27    2.634E+07    9.643E+15    2.700E+04    3.929E-02    5.336E-01     r       2.5
2.975E+07    9.996E-01    5.801E+27    2.635E+07    9.647E+15    2.701E+04    3.928E-02    5.352E-01     r       2.5
2.941E+07    9.997E-01    5.746E+27    2.635E+07    9.649E+15    2.701E+04    3.928E-02    5.360E-01     r       2.5
2.872E+07    9.997E-01    5.640E+27    2.635E+07    9.653E+15    2.702E+04    3.928E-02    5.375E-01     r       2.5
2.837E+07    9.997E-01    5.589E+27    2.636E+07    9.655E+15    2.702E+04    3.928E-02    5.382E-01     r       2.5
2.768E+07    9.997E-01    5.490E+27    2.636E+07    9.659E+15    2.703E+04    3.928E-02    5.397E-01     r       2.5
2.734E+07    9.997E-01    5.442E+27    2.636E+07    9.661E+15    2.703E+04    3.928E-02    5.404E-01     r       2.5
2.665E+07    9.998E-01    5.350E+27    2.637E+07    9.664E+15    2.704E+04    3.928E-02    5.418E-01     r       2.5
2.631E+07    9.998E-01    5.305E+27    2.637E+07    9.666E+15    2.704E+04    3.928E-02    5.425E-01     r       2.5
2.562E+07    9.998E-01    5.220E+27    2.637E+07    9.669E+15    2.705E+04    3.927E-02    5.438E-01     r       2.5
2.527E+07    9.998E-01    5.178E+27    2.637E+07    9.671E+15    2.705E+04    3.927E-02    5.445E-01     r       2.5
2.458E+07    9.998E-01    5.099E+27    2.638E+07    9.674E+15    2.705E+04    3.927E-02    5.458E-01     r       2.5
2.424E+07    9.998E-01    5.061E+27    2.638E+07    9.676E+15    2.706E+04    3.927E-02    5.464E-01     r       2.5
2.355E+07    9.998E-01    4.988E+27    2.638E+07    9.679E+15    2.706E+04    3.927E-02    5.476E-01     r       2.5
2.321E+07    9.998E-01    4.953E+27    2.638E+07    9.680E+15    2.706E+04    3.927E-02    5.482E-01     r       2.5
2.252E+07    9.999E-01    4.885E+27    2.639E+07    9.683E+15    2.707E+04    3.927E-02    5.493E-01     r       2.5
2.217E+07    9.999E-01    4.853E+27    2.639E+07    9.684E+15    2.707E+04    3.927E-02    5.499E-01     r       2.5
2.200E+07    9.999E-01    4.838E+27    2.639E+07    9.685E+15    2.707E+04    3.927E-02    5.501E-01     r       2.5
2.166E+07    9.999E-01    4.807E+27    2.639E+07    9.686E+15    2.707E+04    3.927E-02    5.507E-01     r       2.5
2.148E+07    9.999E-01    4.792E+27    2.639E+07    9.687E+15    2.707E+04    3.927E-02    5.509E-01     r       2.5
2.114E+07    9.999E-01    4.762E+27    2.639E+07    9.688E+15    2.708E+04    3.926E-02    5.514E-01     r       2.5
2.097E+07    9.999E-01    4.748E+27    2.639E+07    9.689E+15    2.708E+04    3.926E-02    5.517E-01     r       2.5
2.062E+07    9.999E-01    4.720E+27    2.639E+07    9.690E+15    2.708E+04    3.926E-02    5.522E-01     r       2.5
2.045E+07    9.999E-01    4.706E+27    2.640E+07    9.691E+15    2.708E+04    3.926E-02    5.524E-01     r       2.5
2.011E+07    9.999E-01    4.680E+27    2.640E+07    9.692E+15    2.708E+04    3.926E-02    5.529E-01     r       2.5
1.993E+07    9.999E-01    4.667E+27    2.640E+07    9.692E+15    2.708E+04    3.926E-02    5.532E-01     r       2.5
1.959E+07    9.999E-01    4.641E+27    2.640E+07    9.694E+15    2.709E+04    3.926E-02    5.536E-01     r       2.5
1.942E+07    9.999E-01    4.629E+27    2.640E+07    9.694E+15    2.709E+04    3.926E-02    5.538E-01     r       2.5
1.907E+07    9.999E-01    4.605E+27    2.640E+07    9.695E+15    2.709E+04    3.926E-02    5.543E-01     r       2.5
1.890E+07    9.999E-01    4.593E+27    2.640E+07    9.696E+15    2.709E+04    3.926E-02    5.545E-01     r       2.5
1.856E+07    9.999E-01    4.571E+27    2.640E+07    9.697E+15    2.709E+04    3.926E-02    5.549E-01     r       2.5
1.838E+07    9.999E-01    4.559E+27    2.640E+07    9.697E+15    2.709E+04    3.926E-02    5.551E-01     r       2.5
1.804E+07    9.999E-01    4.538E+27    2.640E+07    9.698E+15    2.709E+04    3.926E-02    5.555E-01     r       2.5
1.787E+07    9.999E-01    4.527E+27    2.640E+07    9.699E+15    2.709E+04    3.926E-02    5.557E-01     r       2.5
1.752E+07    9.999E-01    4.507E+27    2.641E+07    9.700E+15    2.710E+04    3.926E-02    5.561E-01     r       2.5
1.735E+07    9.999E-01    4.497E+27    2.641E+07    9.700E+15    2.710E+04    3.926E-02    5.563E-01     r       2.5
1.701E+07    1.000E+00    4.478E+27    2.641E+07    9.701E+15    2.710E+04    3.926E-02    5.566E-01     r       2.5
1.683E+07    1.000E+00    4.468E+27    2.641E+07    9.701E+15    2.710E+04    3.926E-02    5.568E-01     r       2.5
1.649E+07    1.000E+00    4.450E+27    2.641E+07    9.702E+15    2.710E+04    3.926E-02    5.571E-01     r       2.5
1.632E+07    1.000E+00    4.441E+27    2.641E+07    9.703E+15    2.710E+04    3.926E-02    5.573E-01     r       2.5
1.597E+07    1.000E+00    4.424E+27    2.641E+07    9.703E+15    2.710E+04    3.926E-02    5.576E-01     r       2.5
1.580E+07    1.000E+00    4.416E+27    2.641E+07    9.704E+15    2.710E+04    3.926E-02    5.578E-01     r       2.5
1.546E+07    1.000E+00    4.400E+27    2.641E+07    9.704E+15    2.710E+04    3.926E-02    5.580E-01     r       2.5
1.528E+07    1.000E+00    4.392E+27    2.641E+07    9.705E+15    2.710E+04    3.926E-02    5.582E-01     r       2.5
1.520E+07    1.000E+00    4.389E+27    2.641E+07    9.705E+15    2.710E+04    3.926E-02    5.582E-01     r       2.5
1.503E+07    1.000E+00    4.381E+27    2.641E+07    9.705E+15    2.711E+04    3.926E-02    5.584E-01     r       2.5
1.494E+07    1.000E+00    4.377E+27    2.641E+07    9.705E+15    2.711E+04    3.926E-02    5.584E-01     r       2.5
1.477E+07    1.000E+00    4.370E+27    2.641E+07    9.706E+15    2.711E+04    3.926E-02    5.586E-01     r       2.5
1.468E+07    1.000E+00    4.367E+27    2.641E+07    9.706E+15    2.711E+04    3.926E-02    5.586E-01     r       2.5
1.451E+07    1.000E+00    4.360E+27    2.641E+07    9.706E+15    2.711E+04    3.926E-02    5.587E-01     r       2.5
1.442E+07    1.000E+00    4.356E+27    2.641E+07    9.706E+15    2.711E+04    3.926E-02    5.588E-01     r       2.5
1.425E+07    1.000E+00    4.350E+27    2.641E+07    9.707E+15    2.711E+04    3.926E-02    5.589E-01     r       2.5
1.417E+07    1.000E+00    4.346E+27    2.641E+07    9.707E+15    2.711E+04    3.926E-02    5.589E-01     r       2.5
1.399E+07    1.000E+00    4.340E+27    2.641E+07    9.707E+15    2.711E+04    3.926E-02    5.590E-01     r       2.5
1.391E+07    1.000E+00    4.337E+27    2.641E+07    9.707E+15    2.711E+04    3.926E-02    5.591E-01     r       2.5
1.373E+07    1.000E+00    4.330E+27    2.641E+07    9.707E+15    2.711E+04    3.926E-02    5.592E-01     r       2.5
