   r        Qm       L_r       T        P        rho      kap      eps     fl   dlnPdlnT
2.129E+09    0.000E+00    1.274E+30    2.506E+04    3.395E+03    0.000E+00    4.600E-02    0.000E+00     *      99.9
2.127E+09    3.975E-14    1.274E+30    8.776E+03    2.111E+00    5.231E-09    3.854E-01    9.969E-80     r       2.1
2.125E+09    2.204E-13    1.274E+30    2.373E+04    1.401E+01    4.411E-08    9.358E-02    5.209E-59     c       1.6
2.124E+09    4.422E-13    1.274E+30    2.749E+04    2.867E+01    7.792E-08    9.015E-02    2.322E-56     r       4.7
2.123E+09    6.181E-13    1.274E+30    2.750E+04    4.030E+01    1.095E-07    1.075E-01    3.340E-56     *      99.9
2.123E+09    7.312E-13    1.274E+30    2.752E+04    4.778E+01    1.297E-07    1.181E-01    4.026E-56     *      99.9
2.123E+09    7.953E-13    1.274E+30    2.752E+04    5.202E+01    1.412E-07    1.239E-01    4.428E-56     *      99.9
2.123E+09    8.293E-13    1.274E+30    2.753E+04    5.429E+01    1.473E-07    1.270E-01    4.646E-56     *      99.9
2.123E+09    9.022E-13    1.274E+30    2.754E+04    5.911E+01    1.604E-07    1.334E-01    5.122E-56     *      99.9
2.122E+09    9.409E-13    1.274E+30    2.754E+04    6.168E+01    1.673E-07    1.368E-01    5.381E-56     *      99.9
2.122E+09    1.024E-12    1.274E+30    2.755E+04    6.715E+01    1.821E-07    1.438E-01    5.947E-56     *      99.9
2.122E+09    1.068E-12    1.274E+30    2.756E+04    7.007E+01    1.899E-07    1.475E-01    6.257E-56     *      99.9
2.122E+09    1.161E-12    1.274E+30    2.758E+04    7.629E+01    2.067E-07    1.552E-01    6.938E-56     *      99.9
2.122E+09    1.211E-12    1.274E+30    2.758E+04    7.960E+01    2.156E-07    1.593E-01    7.313E-56     *      99.9
2.122E+09    1.318E-12    1.274E+30    2.760E+04    8.666E+01    2.346E-07    1.677E-01    8.142E-56     *      99.9
2.122E+09    1.374E-12    1.274E+30    2.761E+04    9.042E+01    2.447E-07    1.721E-01    8.600E-56     *      99.9
2.122E+09    1.495E-12    1.274E+30    2.763E+04    9.843E+01    2.661E-07    1.814E-01    9.622E-56     *      99.9
2.122E+09    1.559E-12    1.274E+30    2.764E+04    1.027E+02    2.775E-07    1.862E-01    1.019E-55     *      99.9
2.122E+09    1.696E-12    1.274E+30    2.767E+04    1.118E+02    3.018E-07    1.962E-01    1.147E-55     r      90.4
2.121E+09    1.769E-12    1.274E+30    2.768E+04    1.166E+02    3.147E-07    2.014E-01    1.219E-55     r      81.9
2.121E+09    1.924E-12    1.274E+30    2.771E+04    1.269E+02    3.421E-07    2.123E-01    1.382E-55     r      74.0
2.121E+09    2.007E-12    1.274E+30    2.773E+04    1.324E+02    3.567E-07    2.179E-01    1.474E-55     r      67.1
2.121E+09    2.183E-12    1.274E+30    2.777E+04    1.441E+02    3.876E-07    2.296E-01    1.685E-55     r      60.7
2.121E+09    2.276E-12    1.274E+30    2.779E+04    1.503E+02    4.040E-07    2.357E-01    1.807E-55     r      55.1
2.121E+09    2.343E-12    1.274E+30    2.781E+04    1.547E+02    1.052E-08    4.486E-02    4.799E-57     r      54.2
2.121E+09    2.353E-12    1.274E+30    2.781E+04    1.554E+02    1.243E-08    4.640E-02    5.671E-57     *      99.9
2.120E+09    2.381E-12    1.274E+30    2.781E+04    1.573E+02    1.733E-08    5.018E-02    7.921E-57     *      99.9
2.119E+09    2.474E-12    1.274E+30    2.781E+04    1.635E+02    3.364E-08    6.150E-02    1.548E-56     *      99.9
2.117E+09    2.993E-12    1.274E+30    2.786E+04    1.981E+02    1.240E-07    1.117E-01    6.051E-56     *      99.9
2.116E+09    3.648E-12    1.274E+30    2.795E+04    2.421E+02    2.359E-07    1.626E-01    1.292E-55     r      63.2
2.115E+09    4.170E-12    1.274E+30    2.804E+04    2.771E+02    3.231E-07    1.975E-01    1.991E-55     r      41.5
2.115E+09    4.498E-12    1.274E+30    2.810E+04    2.992E+02    3.771E-07    2.176E-01    2.530E-55     r      32.9
2.115E+09    4.683E-12    1.274E+30    2.814E+04    3.115E+02    4.071E-07    2.282E-01    2.873E-55     r      29.1
2.115E+09    5.096E-12    1.274E+30    2.824E+04    3.393E+02    4.736E-07    2.507E-01    3.773E-55     r      25.7
2.115E+09    5.327E-12    1.274E+30    2.829E+04    3.549E+02    5.104E-07    2.625E-01    4.368E-55     r      22.7
2.114E+09    5.844E-12    1.274E+30    2.842E+04    3.896E+02    5.914E-07    2.869E-01    5.994E-55     r      20.0
2.114E+09    6.132E-12    1.274E+30    2.850E+04    4.090E+02    6.358E-07    2.995E-01    7.117E-55     r      17.8
2.114E+09    6.774E-12    1.274E+30    2.868E+04    4.522E+02    7.332E-07    3.250E-01    1.034E-54     r      15.7
2.114E+09    7.131E-12    1.274E+30    2.879E+04    4.762E+02    7.862E-07    3.378E-01    1.266E-54     r      14.0
2.114E+09    7.318E-12    1.274E+30    2.885E+04    4.889E+02    8.139E-07    3.442E-01    1.407E-54     r      13.3
2.114E+09    7.714E-12    1.274E+30    2.897E+04    5.155E+02    8.715E-07    3.568E-01    1.755E-54     r      12.6
2.113E+09    7.922E-12    1.274E+30    2.903E+04    5.296E+02    9.014E-07    3.631E-01    1.969E-54     r      11.9
2.113E+09    8.359E-12    1.274E+30    2.917E+04    5.591E+02    9.638E-07    3.754E-01    2.501E-54     r      11.3
2.113E+09    8.589E-12    1.274E+30    2.925E+04    5.746E+02    9.961E-07    3.815E-01    2.832E-54     r      10.8
2.113E+09    9.072E-12    1.274E+30    2.941E+04    6.071E+02    1.063E-06    3.933E-01    3.667E-54     r      10.2
2.113E+09    9.326E-12    1.274E+30    2.949E+04    6.242E+02    1.098E-06    3.990E-01    4.193E-54     r       9.8
2.113E+09    9.858E-12    1.274E+30    2.967E+04    6.601E+02    1.170E-06    4.102E-01    5.536E-54     r       9.3
2.113E+09    1.014E-11    1.274E+30    2.976E+04    6.789E+02    1.208E-06    4.155E-01    6.392E-54     r       8.9
2.113E+09    1.072E-11    1.274E+30    2.996E+04    7.184E+02    1.285E-06    4.258E-01    8.602E-54     r       8.6
2.113E+09    1.103E-11    1.274E+30    3.006E+04    7.390E+02    1.325E-06    4.307E-01    1.002E-53     r       8.2
2.113E+09    1.167E-11    1.274E+30    3.028E+04    7.822E+02    1.407E-06    4.400E-01    1.374E-53     r       7.9
2.112E+09    1.200E-11    1.274E+30    3.039E+04    8.049E+02    1.450E-06    4.444E-01    1.616E-53     r       7.6
2.112E+09    1.270E-11    1.274E+30    3.063E+04    8.521E+02    1.537E-06    4.527E-01    2.252E-53     r       7.4
2.112E+09    1.307E-11    1.274E+30    3.075E+04    8.768E+02    1.583E-06    4.566E-01    2.670E-53     r       7.1
2.112E+09    1.383E-11    1.274E+30    3.100E+04    9.284E+02    1.676E-06    4.638E-01    3.781E-53     r       6.9
2.112E+09    1.423E-11    1.274E+30    3.114E+04    9.553E+02    1.724E-06    4.671E-01    4.516E-53     r       6.7
2.112E+09    1.506E-11    1.274E+30    3.141E+04    1.011E+03    1.822E-06    4.732E-01    6.482E-53     r       6.6
2.112E+09    1.549E-11    1.274E+30    3.155E+04    1.041E+03    1.873E-06    4.760E-01    7.790E-53     r       6.4
2.112E+09    1.640E-11    1.274E+30    3.184E+04    1.102E+03    1.977E-06    4.811E-01    1.132E-52     r       6.2
2.112E+09    1.687E-11    1.274E+30    3.199E+04    1.133E+03    2.031E-06    4.834E-01    1.367E-52     r       6.1
2.112E+09    1.784E-11    1.274E+30    3.229E+04    1.200E+03    2.141E-06    4.875E-01    2.005E-52     r       6.0
2.111E+09    1.835E-11    1.274E+30    3.245E+04    1.234E+03    2.197E-06    4.893E-01    2.433E-52     r       5.9
2.111E+09    1.941E-11    1.274E+30    3.277E+04    1.305E+03    2.313E-06    4.925E-01    3.595E-52     r       5.7
2.111E+09    1.996E-11    1.274E+30    3.293E+04    1.343E+03    2.373E-06    4.938E-01    4.377E-52     r       5.6
2.111E+09    2.110E-11    1.274E+30    3.326E+04    1.420E+03    2.495E-06    4.962E-01    6.504E-52     r       5.6
2.111E+09    2.169E-11    1.274E+30    3.343E+04    1.460E+03    2.558E-06    4.972E-01    7.938E-52     r       5.5
2.111E+09    2.291E-11    1.274E+30    3.378E+04    1.543E+03    2.687E-06    4.987E-01    1.184E-51     r       5.4
2.111E+09    2.355E-11    1.274E+30    3.395E+04    1.586E+03    2.753E-06    4.994E-01    1.447E-51     r       5.3
2.111E+09    2.487E-11    1.274E+30    3.431E+04    1.675E+03    2.888E-06    5.003E-01    2.164E-51     r       5.3
2.111E+09    2.556E-11    1.274E+30    3.449E+04    1.722E+03    2.957E-06    5.006E-01    2.647E-51     r       5.2
2.111E+09    2.697E-11    1.274E+30    3.485E+04    1.818E+03    3.099E-06    5.010E-01    3.961E-51     r       5.2
2.110E+09    2.771E-11    1.274E+30    3.504E+04    1.868E+03    3.172E-06    5.011E-01    4.846E-51     r       5.1
2.110E+09    2.923E-11    1.274E+30    3.541E+04    1.970E+03    3.321E-06    5.010E-01    7.249E-51     r       5.1
2.110E+09    3.001E-11    1.274E+30    3.560E+04    2.024E+03    3.398E-06    5.008E-01    8.863E-51     r       5.0
2.110E+09    3.164E-11    1.274E+30    3.598E+04    2.134E+03    3.554E-06    5.003E-01    1.324E-50     r       5.0
2.110E+09    3.248E-11    1.274E+30    3.617E+04    2.191E+03    3.634E-06    5.000E-01    1.617E-50     r       5.0
2.110E+09    3.422E-11    1.274E+30    3.656E+04    2.309E+03    3.799E-06    4.991E-01    2.410E-50     r       4.9
2.110E+09    3.512E-11    1.274E+30    3.675E+04    2.370E+03    3.883E-06    4.986E-01    2.940E-50     r       4.9
2.110E+09    3.697E-11    1.274E+30    3.714E+04    2.496E+03    4.055E-06    4.975E-01    4.367E-50     r       4.9
2.110E+09    3.793E-11    1.274E+30    3.734E+04    2.561E+03    4.143E-06    4.969E-01    5.319E-50     r       4.8
2.110E+09    3.991E-11    1.274E+30    3.774E+04    2.695E+03    4.323E-06    4.955E-01    7.873E-50     r       4.8
2.109E+09    4.093E-11    1.274E+30    3.794E+04    2.765E+03    4.416E-06    4.947E-01    9.569E-50     r       4.8
2.109E+09    4.304E-11    1.274E+30    3.834E+04    2.908E+03    4.604E-06    4.932E-01    1.410E-49     r       4.8
2.109E+09    4.413E-11    1.274E+30    3.854E+04    2.982E+03    4.701E-06    4.924E-01    1.711E-49     r       4.8
2.109E+09    4.637E-11    1.274E+30    3.895E+04    3.134E+03    4.898E-06    4.906E-01    2.510E-49     r       4.8
2.109E+09    4.753E-11    1.274E+30    3.915E+04    3.213E+03    4.999E-06    4.898E-01    3.037E-49     r       4.7
2.109E+09    4.991E-11    1.274E+30    3.956E+04    3.375E+03    5.206E-06    4.879E-01    4.436E-49     r       4.7
2.109E+09    5.114E-11    1.274E+30    3.977E+04    3.458E+03    5.312E-06    4.870E-01    5.354E-49     r       4.7
2.109E+09    5.367E-11    1.274E+30    4.018E+04    3.631E+03    5.527E-06    4.850E-01    7.780E-49     r       4.7
2.108E+09    5.905E-11    1.274E+30    4.102E+04    3.996E+03    5.979E-06    4.810E-01    1.626E-48     r       4.7
2.108E+09    6.189E-11    1.274E+30    4.143E+04    4.190E+03    6.214E-06    4.790E-01    2.339E-48     r       4.7
2.108E+09    6.792E-11    1.274E+30    4.228E+04    4.600E+03    6.706E-06    4.748E-01    4.786E-48     r       4.6
2.108E+09    7.112E-11    1.274E+30    4.270E+04    4.818E+03    6.962E-06    4.727E-01    6.810E-48     r       4.6
2.108E+09    7.786E-11    1.274E+30    4.355E+04    5.277E+03    7.496E-06    4.684E-01    1.364E-47     r       4.6
2.108E+09    8.143E-11    1.274E+30    4.398E+04    5.520E+03    7.774E-06    4.662E-01    1.921E-47     r       4.6
2.107E+09    8.895E-11    1.274E+30    4.484E+04    6.033E+03    8.354E-06    4.619E-01    3.767E-47     r       4.6
2.107E+09    9.292E-11    1.274E+30    4.527E+04    6.304E+03    8.656E-06    4.598E-01    5.249E-47     r       4.6
2.107E+09    1.013E-10    1.274E+30    4.613E+04    6.874E+03    9.283E-06    4.555E-01    1.009E-46     r       4.6
2.107E+09    1.057E-10    1.274E+30    4.656E+04    7.175E+03    9.609E-06    4.534E-01    1.391E-46     r       4.6
2.106E+09    1.150E-10    1.274E+30    4.743E+04    7.808E+03    1.029E-05    4.492E-01    2.620E-46     r       4.6
2.106E+09    1.198E-10    1.274E+30    4.787E+04    8.142E+03    1.064E-05    4.471E-01    3.578E-46     r       4.6
2.106E+09    1.301E-10    1.274E+30    4.874E+04    8.842E+03    1.137E-05    4.430E-01    6.610E-46     r       4.6
2.106E+09    1.355E-10    1.274E+30    4.918E+04    9.211E+03    1.175E-05    4.410E-01    8.943E-46     r       4.6
2.106E+09    1.468E-10    1.274E+30    5.006E+04    9.984E+03    1.254E-05    4.369E-01    1.622E-45     r       4.6
2.106E+09    1.527E-10    1.274E+30    5.050E+04    1.039E+04    1.295E-05    4.350E-01    2.174E-45     r       4.6
2.105E+09    1.652E-10    1.274E+30    5.138E+04    1.124E+04    1.379E-05    4.310E-01    3.874E-45     r       4.6
2.105E+09    1.717E-10    1.274E+30    5.182E+04    1.169E+04    1.423E-05    4.291E-01    5.149E-45     r       4.6
2.105E+09    1.854E-10    1.274E+30    5.270E+04    1.263E+04    1.514E-05    4.253E-01    9.019E-45     r       4.6
2.105E+09    1.925E-10    1.274E+30    5.315E+04    1.312E+04    1.561E-05    4.234E-01    1.189E-44     r       4.6
2.104E+09    2.075E-10    1.274E+30    5.403E+04    1.414E+04    1.658E-05    4.198E-01    2.049E-44     r       4.5
2.104E+09    2.154E-10    1.274E+30    5.448E+04    1.468E+04    1.708E-05    4.179E-01    2.679E-44     r       4.5
2.104E+09    2.317E-10    1.274E+30    5.537E+04    1.580E+04    1.812E-05    4.143E-01    4.547E-44     r       4.5
2.104E+09    2.403E-10    1.274E+30    5.582E+04    1.639E+04    1.866E-05    4.126E-01    5.901E-44     r       4.5
2.104E+09    2.582E-10    1.274E+30    5.671E+04    1.762E+04    1.977E-05    4.091E-01    9.866E-44     r       4.5
2.104E+09    2.675E-10    1.274E+30    5.716E+04    1.826E+04    2.034E-05    4.074E-01    1.271E-43     r       4.5
2.103E+09    2.869E-10    1.274E+30    5.805E+04    1.959E+04    2.153E-05    4.040E-01    2.096E-43     r       4.5
2.103E+09    2.971E-10    1.274E+30    5.850E+04    2.029E+04    2.214E-05    4.024E-01    2.682E-43     r       4.5
2.103E+09    3.183E-10    1.274E+30    5.940E+04    2.175E+04    2.340E-05    3.991E-01    4.361E-43     r       4.5
2.103E+09    3.293E-10    1.274E+30    5.985E+04    2.250E+04    2.405E-05    3.975E-01    5.544E-43     r       4.5
2.102E+09    3.522E-10    1.274E+30    6.075E+04    2.408E+04    2.539E-05    3.943E-01    8.901E-43     r       4.5
2.102E+09    3.642E-10    1.274E+30    6.120E+04    2.491E+04    2.609E-05    3.927E-01    1.124E-42     r       4.5
2.102E+09    3.891E-10    1.274E+30    6.210E+04    2.662E+04    2.751E-05    3.897E-01    1.783E-42     r       4.5
2.102E+09    4.020E-10    1.274E+30    6.255E+04    2.751E+04    2.824E-05    3.882E-01    2.239E-42     r       4.5
2.102E+09    4.289E-10    1.274E+30    6.346E+04    2.937E+04    2.976E-05    3.852E-01    3.509E-42     r       4.5
2.102E+09    4.429E-10    1.274E+30    6.391E+04    3.033E+04    3.053E-05    3.837E-01    4.380E-42     r       4.5
2.101E+09    4.720E-10    1.274E+30    6.482E+04    3.233E+04    3.214E-05    3.808E-01    6.787E-42     r       4.5
2.101E+09    4.871E-10    1.274E+30    6.527E+04    3.338E+04    3.296E-05    3.794E-01    8.425E-42     r       4.5
2.101E+09    5.185E-10    1.274E+30    6.618E+04    3.554E+04    3.466E-05    3.765E-01    1.292E-41     r       4.5
2.101E+09    5.347E-10    1.274E+30    6.664E+04    3.666E+04    3.553E-05    3.752E-01    1.595E-41     r       4.5
2.100E+09    5.685E-10    1.274E+30    6.755E+04    3.900E+04    3.732E-05    3.724E-01    2.419E-41     r       4.5
2.100E+09    5.860E-10    1.274E+30    6.800E+04    4.021E+04    3.824E-05    3.711E-01    2.973E-41     r       4.5
2.100E+09    6.224E-10    1.274E+30    6.892E+04    4.272E+04    4.014E-05    3.684E-01    4.465E-41     r       4.5
2.100E+09    6.412E-10    1.274E+30    6.937E+04    4.402E+04    4.111E-05    3.671E-01    5.459E-41     r       4.5
2.100E+09    6.802E-10    1.274E+30    7.029E+04    4.672E+04    4.311E-05    3.645E-01    8.121E-41     r       4.5
2.100E+09    7.004E-10    1.274E+30    7.075E+04    4.811E+04    4.414E-05    3.632E-01    9.883E-41     r       4.5
2.099E+09    7.423E-10    1.274E+30    7.166E+04    5.101E+04    4.624E-05    3.607E-01    1.457E-40     r       4.5
2.099E+09    7.639E-10    1.274E+30    7.212E+04    5.251E+04    4.732E-05    3.595E-01    1.765E-40     r       4.5
2.099E+09    8.088E-10    1.274E+30    7.304E+04    5.562E+04    4.954E-05    3.570E-01    2.579E-40     r       4.5
2.099E+09    8.320E-10    1.274E+30    7.350E+04    5.722E+04    5.068E-05    3.558E-01    3.111E-40     r       4.5
2.098E+09    8.799E-10    1.274E+30    7.442E+04    6.055E+04    5.302E-05    3.534E-01    4.507E-40     r       4.5
2.098E+09    9.047E-10    1.274E+30    7.488E+04    6.227E+04    5.422E-05    3.523E-01    5.414E-40     r       4.5
2.098E+09    9.560E-10    1.274E+30    7.580E+04    6.583E+04    5.667E-05    3.500E-01    7.780E-40     r       4.5
2.098E+09    9.825E-10    1.274E+30    7.627E+04    6.767E+04    5.793E-05    3.488E-01    9.308E-40     r       4.5
2.098E+09    1.037E-09    1.274E+30    7.719E+04    7.147E+04    6.051E-05    3.465E-01    1.327E-39     r       4.5
2.098E+09    1.066E-09    1.274E+30    7.765E+04    7.344E+04    6.183E-05    3.454E-01    1.582E-39     r       4.5
2.097E+09    1.124E-09    1.274E+30    7.858E+04    7.749E+04    6.454E-05    3.432E-01    2.238E-39     r       4.5
2.097E+09    1.154E-09    1.274E+30    7.904E+04    7.959E+04    6.592E-05    3.421E-01    2.658E-39     r       4.5
2.097E+09    1.216E-09    1.274E+30    7.997E+04    8.392E+04    6.876E-05    3.400E-01    3.734E-39     r       4.5
2.097E+09    1.248E-09    1.274E+30    8.043E+04    8.615E+04    7.022E-05    3.389E-01    4.418E-39     r       4.5
2.096E+09    1.315E-09    1.274E+30    8.136E+04    9.076E+04    7.319E-05    3.368E-01    6.163E-39     r       4.5
2.096E+09    1.349E-09    1.274E+30    8.182E+04    9.313E+04    7.471E-05    3.358E-01    7.267E-39     r       4.5
2.096E+09    1.419E-09    1.274E+30    8.275E+04    9.804E+04    7.783E-05    3.338E-01    1.007E-38     r       4.5
2.096E+09    1.456E-09    1.274E+30    8.322E+04    1.006E+05    7.942E-05    3.328E-01    1.183E-38     r       4.5
2.096E+09    1.530E-09    1.274E+30    8.415E+04    1.058E+05    8.268E-05    3.308E-01    1.629E-38     r       4.5
2.096E+09    1.569E-09    1.274E+30    8.462E+04    1.085E+05    8.435E-05    3.298E-01    1.908E-38     r       4.5
2.095E+09    1.648E-09    1.274E+30    8.555E+04    1.140E+05    8.776E-05    3.278E-01    2.610E-38     r       4.5
2.095E+09    1.689E-09    1.274E+30    8.602E+04    1.169E+05    8.950E-05    3.269E-01    3.048E-38     r       4.5
2.095E+09    1.773E-09    1.274E+30    8.695E+04    1.227E+05    9.307E-05    3.250E-01    4.144E-38     r       4.5
2.095E+09    1.817E-09    1.274E+30    8.742E+04    1.258E+05    9.489E-05    3.240E-01    4.825E-38     r       4.5
2.095E+09    1.906E-09    1.274E+30    8.836E+04    1.320E+05    9.861E-05    3.222E-01    6.521E-38     r       4.5
2.094E+09    2.095E-09    1.274E+30    9.023E+04    1.452E+05    1.064E-04    3.185E-01    1.178E-37     r       4.5
2.094E+09    2.195E-09    1.274E+30    9.117E+04    1.522E+05    1.104E-04    3.168E-01    1.574E-37     r       4.5
2.093E+09    2.406E-09    1.274E+30    9.305E+04    1.670E+05    1.189E-04    3.133E-01    2.782E-37     r       4.5
2.093E+09    2.517E-09    1.274E+30    9.399E+04    1.748E+05    1.233E-04    3.116E-01    3.679E-37     r       4.5
2.092E+09    2.752E-09    1.274E+30    9.588E+04    1.913E+05    1.324E-04    3.083E-01    6.372E-37     r       4.5
2.092E+09    2.877E-09    1.274E+30    9.682E+04    2.000E+05    1.372E-04    3.067E-01    8.344E-37     r       4.5
2.092E+09    3.138E-09    1.274E+30    9.871E+04    2.183E+05    1.471E-04    3.035E-01    1.418E-36     r       4.5
2.091E+09    3.275E-09    1.274E+30    9.966E+04    2.280E+05    1.523E-04    3.019E-01    1.839E-36     r       4.5
2.091E+09    3.565E-09    1.274E+30    1.016E+05    2.484E+05    1.630E-04    2.989E-01    3.069E-36     r       4.5
2.091E+09    3.717E-09    1.274E+30    1.025E+05    2.591E+05    1.685E-04    2.974E-01    3.948E-36     r       4.5
2.090E+09    4.037E-09    1.274E+30    1.044E+05    2.816E+05    1.801E-04    2.944E-01    6.477E-36     r       4.5
2.090E+09    4.205E-09    1.274E+30    1.054E+05    2.935E+05    1.861E-04    2.930E-01    8.263E-36     r       4.5
2.089E+09    4.558E-09    1.274E+30    1.073E+05    3.183E+05    1.985E-04    2.902E-01    1.334E-35     r       4.5
2.089E+09    4.743E-09    1.274E+30    1.082E+05    3.314E+05    2.049E-04    2.888E-01    1.689E-35     r       4.5
2.088E+09    5.131E-09    1.274E+30    1.101E+05    3.588E+05    2.182E-04    2.861E-01    2.686E-35     r       4.5
2.088E+09    5.334E-09    1.274E+30    1.111E+05    3.732E+05    2.251E-04    2.848E-01    3.375E-35     r       4.5
2.088E+09    5.759E-09    1.274E+30    1.130E+05    4.033E+05    2.394E-04    2.822E-01    5.292E-35     r       4.5
2.087E+09    5.982E-09    1.274E+30    1.140E+05    4.190E+05    2.468E-04    2.809E-01    6.604E-35     r       4.5
2.087E+09    6.448E-09    1.274E+30    1.159E+05    4.521E+05    2.621E-04    2.784E-01    1.021E-34     r       4.5
2.087E+09    6.691E-09    1.274E+30    1.168E+05    4.693E+05    2.700E-04    2.772E-01    1.266E-34     r       4.5
2.086E+09    7.200E-09    1.274E+30    1.188E+05    5.054E+05    2.864E-04    2.747E-01    1.934E-34     r       4.5
2.086E+09    7.466E-09    1.274E+30    1.197E+05    5.243E+05    2.948E-04    2.736E-01    2.382E-34     r       4.5
2.085E+09    8.021E-09    1.274E+30    1.217E+05    5.637E+05    3.123E-04    2.712E-01    3.594E-34     r       4.5
2.085E+09    8.310E-09    1.274E+30    1.226E+05    5.843E+05    3.213E-04    2.701E-01    4.402E-34     r       4.5
2.084E+09    8.914E-09    1.274E+30    1.246E+05    6.273E+05    3.399E-04    2.678E-01    6.564E-34     r       4.5
2.084E+09    9.228E-09    1.274E+30    1.255E+05    6.497E+05    3.494E-04    2.667E-01    7.994E-34     r       4.5
2.084E+09    9.884E-09    1.274E+30    1.275E+05    6.965E+05    3.692E-04    2.645E-01    1.179E-33     r       4.5
2.083E+09    1.023E-08    1.274E+30    1.284E+05    7.209E+05    3.794E-04    2.635E-01    1.428E-33     r       4.5
2.083E+09    1.094E-08    1.274E+30    1.304E+05    7.716E+05    4.004E-04    2.614E-01    2.084E-33     r       4.5
2.083E+09    1.131E-08    1.274E+30    1.313E+05    7.981E+05    4.113E-04    2.603E-01    2.512E-33     r       4.5
2.082E+09    1.208E-08    1.274E+30    1.333E+05    8.531E+05    4.336E-04    2.583E-01    3.630E-33     r       4.5
2.082E+09    1.248E-08    1.274E+30    1.343E+05    8.818E+05    4.451E-04    2.573E-01    4.353E-33     r       4.5
2.081E+09    1.331E-08    1.274E+30    1.362E+05    9.414E+05    4.687E-04    2.553E-01    6.230E-33     r       4.5
2.081E+09    1.374E-08    1.274E+30    1.372E+05    9.723E+05    4.809E-04    2.543E-01    7.436E-33     r       4.5
2.080E+09    1.464E-08    1.274E+30    1.391E+05    1.037E+06    5.059E-04    2.524E-01    1.055E-32     r       4.5
2.080E+09    1.510E-08    1.274E+30    1.401E+05    1.070E+06    5.188E-04    2.515E-01    1.253E-32     r       4.5
2.080E+09    1.607E-08    1.274E+30    1.421E+05    1.140E+06    5.453E-04    2.496E-01    1.762E-32     r       4.5
2.079E+09    1.657E-08    1.274E+30    1.431E+05    1.176E+06    5.589E-04    2.487E-01    2.085E-32     r       4.5
2.079E+09    1.761E-08    1.274E+30    1.450E+05    1.251E+06    5.869E-04    2.469E-01    2.907E-32     r       4.5
2.079E+09    1.815E-08    1.274E+30    1.460E+05    1.290E+06    6.013E-04    2.460E-01    3.426E-32     r       4.5
2.078E+09    1.927E-08    1.274E+30    1.480E+05    1.370E+06    6.308E-04    2.443E-01    4.739E-32     r       4.5
2.078E+09    1.985E-08    1.274E+30    1.489E+05    1.412E+06    6.460E-04    2.434E-01    5.563E-32     r       4.5
2.077E+09    2.105E-08    1.274E+30    1.509E+05    1.499E+06    6.771E-04    2.417E-01    7.636E-32     r       4.5
2.077E+09    2.167E-08    1.274E+30    1.519E+05    1.543E+06    6.931E-04    2.409E-01    8.930E-32     r       4.5
2.076E+09    2.296E-08    1.274E+30    1.539E+05    1.636E+06    7.259E-04    2.392E-01    1.217E-31     r       4.5
2.076E+09    2.362E-08    1.274E+30    1.549E+05    1.684E+06    7.427E-04    2.384E-01    1.418E-31     r       4.5
2.076E+09    2.500E-08    1.274E+30    1.568E+05    1.784E+06    7.773E-04    2.368E-01    1.919E-31     r       4.5
2.075E+09    2.571E-08    1.274E+30    1.578E+05    1.836E+06    7.950E-04    2.360E-01    2.228E-31     r       4.5
2.075E+09    2.718E-08    1.274E+30    1.598E+05    1.942E+06    8.313E-04    2.345E-01    2.994E-31     r       4.5
2.075E+09    2.794E-08    1.274E+30    1.608E+05    1.998E+06    8.499E-04    2.337E-01    3.466E-31     r       4.5
2.074E+09    2.951E-08    1.274E+30    1.628E+05    2.112E+06    8.880E-04    2.322E-01    4.628E-31     r       4.5
2.074E+09    3.032E-08    1.274E+30    1.638E+05    2.171E+06    9.076E-04    2.314E-01    5.339E-31     r       4.5
2.073E+09    3.200E-08    1.274E+30    1.657E+05    2.293E+06    9.476E-04    2.300E-01    7.085E-31     r       4.5
2.073E+09    3.287E-08    1.274E+30    1.667E+05    2.356E+06    9.681E-04    2.292E-01    8.149E-31     r       4.5
2.072E+09    3.465E-08    1.274E+30    1.687E+05    2.486E+06    1.010E-03    2.278E-01    1.075E-30     r       4.5
2.072E+09    3.557E-08    1.274E+30    1.697E+05    2.553E+06    1.032E-03    2.271E-01    1.233E-30     r       4.5
2.072E+09    3.747E-08    1.274E+30    1.717E+05    2.692E+06    1.076E-03    2.257E-01    1.616E-30     r       4.5
2.071E+09    3.845E-08    1.274E+30    1.727E+05    2.763E+06    1.098E-03    2.250E-01    1.849E-30     r       4.5
2.071E+09    4.048E-08    1.274E+30    1.747E+05    2.911E+06    1.144E-03    2.236E-01    2.411E-30     r       4.5
2.071E+09    4.152E-08    1.274E+30    1.757E+05    2.987E+06    1.168E-03    2.230E-01    2.749E-30     r       4.5
2.070E+09    4.366E-08    1.274E+30    1.777E+05    3.144E+06    1.216E-03    2.216E-01    3.566E-30     r       4.5
2.070E+09    4.477E-08    1.274E+30    1.787E+05    3.225E+06    1.241E-03    2.210E-01    4.056E-30     r       4.5
2.069E+09    4.705E-08    1.274E+30    1.807E+05    3.392E+06    1.291E-03    2.197E-01    5.233E-30     r       4.5
2.069E+09    4.822E-08    1.274E+30    1.817E+05    3.478E+06    1.317E-03    2.190E-01    5.937E-30     r       4.5
2.068E+09    5.064E-08    1.274E+30    1.837E+05    3.656E+06    1.370E-03    2.178E-01    7.623E-30     r       4.5
2.068E+09    5.188E-08    1.274E+30    1.847E+05    3.747E+06    1.397E-03    2.172E-01    8.627E-30     r       4.5
2.068E+09    5.444E-08    1.274E+30    1.867E+05    3.935E+06    1.452E-03    2.159E-01    1.102E-29     r       4.5
2.067E+09    5.576E-08    1.274E+30    1.877E+05    4.032E+06    1.480E-03    2.153E-01    1.245E-29     r       4.5
2.067E+09    5.847E-08    1.274E+30    1.897E+05    4.232E+06    1.538E-03    2.141E-01    1.583E-29     r       4.5
2.066E+09    6.420E-08    1.274E+30    1.938E+05    4.655E+06    1.658E-03    2.117E-01    2.537E-29     r       4.5
2.065E+09    6.723E-08    1.274E+30    1.958E+05    4.878E+06    1.720E-03    2.106E-01    3.198E-29     r       4.5
2.064E+09    7.362E-08    1.274E+30    1.998E+05    5.352E+06    1.850E-03    2.083E-01    5.039E-29     r       4.5
2.064E+09    7.700E-08    1.274E+30    2.019E+05    5.602E+06    1.918E-03    2.072E-01    6.299E-29     r       4.5
2.063E+09    8.411E-08    1.274E+30    2.059E+05    6.130E+06    2.060E-03    2.051E-01    9.767E-29     r       4.5
2.062E+09    8.786E-08    1.274E+30    2.079E+05    6.408E+06    2.133E-03    2.040E-01    1.211E-28     r       4.5
2.061E+09    9.575E-08    1.274E+30    2.120E+05    6.996E+06    2.286E-03    2.020E-01    1.850E-28     r       4.5
2.060E+09    9.990E-08    1.274E+30    2.140E+05    7.305E+06    2.365E-03    2.010E-01    2.278E-28     r       4.5
2.059E+09    1.086E-07    1.274E+30    2.181E+05    7.957E+06    2.530E-03    1.990E-01    3.430E-28     r       4.5
2.059E+09    1.132E-07    1.274E+30    2.202E+05    8.300E+06    2.615E-03    1.980E-01    4.195E-28     r       4.5
2.058E+09    1.228E-07    1.274E+30    2.242E+05    9.021E+06    2.793E-03    1.961E-01    6.232E-28     r       4.5
2.057E+09    1.279E-07    1.274E+30    2.263E+05    9.400E+06    2.885E-03    1.952E-01    7.571E-28     r       4.5
2.056E+09    1.385E-07    1.274E+30    2.304E+05    1.020E+07    3.076E-03    1.934E-01    1.111E-27     r       4.5
2.056E+09    1.440E-07    1.274E+30    2.324E+05    1.061E+07    3.175E-03    1.925E-01    1.341E-27     r       4.5
2.055E+09    1.557E-07    1.274E+30    2.366E+05    1.149E+07    3.379E-03    1.907E-01    1.944E-27     r       4.5
2.054E+09    1.618E-07    1.274E+30    2.386E+05    1.195E+07    3.486E-03    1.899E-01    2.334E-27     r       4.5
2.053E+09    1.745E-07    1.274E+30    2.427E+05    1.291E+07    3.705E-03    1.882E-01    3.346E-27     r       4.5
2.052E+09    1.812E-07    1.274E+30    2.448E+05    1.342E+07    3.819E-03    1.874E-01    3.995E-27     r       4.5
2.051E+09    1.951E-07    1.274E+30    2.489E+05    1.447E+07    4.053E-03    1.858E-01    5.666E-27     r       4.5
2.051E+09    2.024E-07    1.274E+30    2.510E+05    1.503E+07    4.175E-03    1.850E-01    6.730E-27     r       4.5
2.050E+09    2.176E-07    1.274E+30    2.552E+05    1.618E+07    4.425E-03    1.834E-01    9.448E-27     r       4.5
2.049E+09    2.255E-07    1.274E+30    2.572E+05    1.679E+07    4.555E-03    1.826E-01    1.117E-26     r       4.5
2.048E+09    2.420E-07    1.274E+30    2.614E+05    1.805E+07    4.822E-03    1.811E-01    1.553E-26     r       4.5
2.048E+09    2.506E-07    1.274E+30    2.635E+05    1.871E+07    4.960E-03    1.804E-01    1.827E-26     r       4.5
2.047E+09    2.686E-07    1.274E+30    2.676E+05    2.009E+07    5.245E-03    1.789E-01    2.517E-26     r       4.5
2.046E+09    2.780E-07    1.274E+30    2.697E+05    2.080E+07    5.392E-03    1.782E-01    2.948E-26     r       4.5
2.045E+09    2.975E-07    1.274E+30    2.739E+05    2.230E+07    5.695E-03    1.768E-01    4.027E-26     r       4.5
2.044E+09    3.076E-07    1.274E+30    2.760E+05    2.308E+07    5.852E-03    1.761E-01    4.697E-26     r       4.5
2.043E+09    3.287E-07    1.274E+30    2.802E+05    2.471E+07    6.174E-03    1.748E-01    6.363E-26     r       4.5
2.043E+09    3.397E-07    1.274E+30    2.823E+05    2.555E+07    6.340E-03    1.741E-01    7.391E-26     r       4.5
2.042E+09    3.625E-07    1.274E+30    2.865E+05    2.732E+07    6.681E-03    1.728E-01    9.934E-26     r       4.5
2.041E+09    3.744E-07    1.274E+30    2.886E+05    2.824E+07    6.857E-03    1.721E-01    1.150E-25     r       4.5
2.040E+09    3.990E-07    1.274E+30    2.928E+05    3.015E+07    7.219E-03    1.709E-01    1.534E-25     r       4.5
2.040E+09    4.118E-07    1.274E+30    2.949E+05    3.114E+07    7.406E-03    1.702E-01    1.768E-25     r       4.5
2.039E+09    4.384E-07    1.274E+30    2.991E+05    3.320E+07    7.789E-03    1.690E-01    2.342E-25     r       4.5
2.038E+09    4.521E-07    1.274E+30    3.012E+05    3.428E+07    7.986E-03    1.684E-01    2.690E-25     r       4.5
2.037E+09    4.807E-07    1.274E+30    3.055E+05    3.651E+07    8.392E-03    1.672E-01    3.539E-25     r       4.5
2.036E+09    4.955E-07    1.274E+30    3.076E+05    3.766E+07    8.600E-03    1.666E-01    4.052E-25     r       4.5
2.035E+09    5.262E-07    1.274E+30    3.118E+05    4.007E+07    9.029E-03    1.654E-01    5.295E-25     r       4.5
2.035E+09    5.421E-07    1.274E+30    3.139E+05    4.131E+07    9.249E-03    1.649E-01    6.043E-25     r       4.5
2.034E+09    5.751E-07    1.274E+30    3.182E+05    4.390E+07    9.701E-03    1.637E-01    7.847E-25     r       4.5
2.033E+09    5.922E-07    1.274E+30    3.203E+05    4.524E+07    9.933E-03    1.632E-01    8.929E-25     r       4.5
2.032E+09    6.275E-07    1.274E+30    3.246E+05    4.802E+07    1.041E-02    1.621E-01    1.153E-24     r       4.5
2.032E+09    6.458E-07    1.274E+30    3.267E+05    4.947E+07    1.065E-02    1.616E-01    1.308E-24     r       4.5
2.031E+09    6.836E-07    1.274E+30    3.310E+05    5.245E+07    1.116E-02    1.605E-01    1.678E-24     r       4.5
2.030E+09    7.031E-07    1.274E+30    3.331E+05    5.400E+07    1.141E-02    1.600E-01    1.898E-24     r       4.5
2.029E+09    7.436E-07    1.274E+30    3.374E+05    5.721E+07    1.194E-02    1.589E-01    2.423E-24     r       4.5
2.029E+09    7.645E-07    1.274E+30    3.395E+05    5.886E+07    1.221E-02    1.584E-01    2.733E-24     r       4.5
2.027E+09    8.077E-07    1.274E+30    3.438E+05    6.230E+07    1.277E-02    1.574E-01    3.470E-24     r       4.5
2.027E+09    8.300E-07    1.274E+30    3.460E+05    6.407E+07    1.306E-02    1.569E-01    3.904E-24     r       4.5
2.026E+09    8.760E-07    1.274E+30    3.503E+05    6.775E+07    1.364E-02    1.560E-01    4.931E-24     r       4.5
2.025E+09    8.998E-07    1.274E+30    3.524E+05    6.965E+07    1.394E-02    1.555E-01    5.534E-24     r       4.5
2.024E+09    9.489E-07    1.274E+30    3.567E+05    7.357E+07    1.455E-02    1.545E-01    6.955E-24     r       4.5
2.024E+09    9.742E-07    1.274E+30    3.589E+05    7.560E+07    1.487E-02    1.541E-01    7.788E-24     r       4.5
2.023E+09    1.026E-06    1.274E+30    3.632E+05    7.980E+07    1.551E-02    1.531E-01    9.741E-24     r       4.5
2.022E+09    1.053E-06    1.274E+30    3.654E+05    8.196E+07    1.584E-02    1.527E-01    1.088E-23     r       4.5
2.021E+09    1.109E-06    1.274E+30    3.697E+05    8.644E+07    1.651E-02    1.518E-01    1.355E-23     r       4.5
2.021E+09    1.138E-06    1.274E+30    3.719E+05    8.875E+07    1.686E-02    1.513E-01    1.510E-23     r       4.5
2.019E+09    1.197E-06    1.274E+30    3.762E+05    9.351E+07    1.757E-02    1.505E-01    1.872E-23     r       4.5
2.019E+09    1.227E-06    1.274E+30    3.784E+05    9.597E+07    1.793E-02    1.500E-01    2.082E-23     r       4.5
2.018E+09    1.290E-06    1.274E+30    3.827E+05    1.010E+08    1.867E-02    1.492E-01    2.570E-23     r       4.5
2.017E+09    1.322E-06    1.274E+30    3.849E+05    1.037E+08    1.905E-02    1.487E-01    2.853E-23     r       4.5
2.016E+09    1.388E-06    1.274E+30    3.893E+05    1.091E+08    1.982E-02    1.479E-01    3.507E-23     r       4.5
2.016E+09    1.423E-06    1.274E+30    3.915E+05    1.119E+08    2.022E-02    1.475E-01    3.885E-23     r       4.5
2.015E+09    1.493E-06    1.274E+30    3.958E+05    1.176E+08    2.103E-02    1.467E-01    4.757E-23     r       4.5
2.014E+09    1.529E-06    1.274E+30    3.980E+05    1.205E+08    2.144E-02    1.463E-01    5.259E-23     r       4.5
2.013E+09    1.604E-06    1.274E+30    4.024E+05    1.266E+08    2.229E-02    1.455E-01    6.415E-23     r       4.5
2.013E+09    1.642E-06    1.274E+30    4.046E+05    1.298E+08    2.272E-02    1.451E-01    7.078E-23     r       4.5
2.011E+09    1.721E-06    1.274E+30    4.090E+05    1.362E+08    2.360E-02    1.443E-01    8.603E-23     r       4.5
2.009E+09    1.887E-06    1.274E+30    4.178E+05    1.500E+08    2.544E-02    1.428E-01    1.262E-22     r       4.5
2.008E+09    1.975E-06    1.274E+30    4.222E+05    1.572E+08    2.640E-02    1.421E-01    1.523E-22     r       4.5
2.006E+09    2.161E-06    1.274E+30    4.310E+05    1.726E+08    2.841E-02    1.406E-01    2.203E-22     r       4.5
2.005E+09    2.259E-06    1.274E+30    4.354E+05    1.807E+08    2.945E-02    1.399E-01    2.642E-22     r       4.5
2.003E+09    2.465E-06    1.274E+30    4.443E+05    1.979E+08    3.163E-02    1.385E-01    3.774E-22     r       4.5
2.002E+09    2.573E-06    1.274E+30    4.487E+05    2.070E+08    3.276E-02    1.378E-01    4.497E-22     r       4.5
2.000E+09    2.802E-06    1.274E+30    4.576E+05    2.261E+08    3.511E-02    1.365E-01    6.349E-22     r       4.5
1.999E+09    2.922E-06    1.274E+30    4.621E+05    2.362E+08    3.633E-02    1.359E-01    7.522E-22     r       4.5
1.997E+09    3.174E-06    1.274E+30    4.711E+05    2.575E+08    3.887E-02    1.346E-01    1.050E-21     r       4.5
1.996E+09    3.306E-06    1.274E+30    4.755E+05    2.687E+08    4.019E-02    1.340E-01    1.237E-21     r       4.5
1.993E+09    3.584E-06    1.274E+30    4.845E+05    2.924E+08    4.294E-02    1.327E-01    1.709E-21     r       4.5
1.992E+09    3.730E-06    1.274E+30    4.890E+05    3.048E+08    4.436E-02    1.321E-01    2.003E-21     r       4.5
1.990E+09    4.035E-06    1.274E+30    4.981E+05    3.309E+08    4.731E-02    1.310E-01    2.740E-21     r       4.5
1.989E+09    4.195E-06    1.274E+30    5.026E+05    3.446E+08    4.884E-02    1.304E-01    3.196E-21     r       4.5
1.987E+09    4.530E-06    1.274E+30    5.116E+05    3.735E+08    5.201E-02    1.293E-01    4.330E-21     r       4.5
1.986E+09    4.706E-06    1.274E+30    5.162E+05    3.886E+08    5.365E-02    1.287E-01    5.028E-21     r       4.5
1.984E+09    5.072E-06    1.274E+30    5.253E+05    4.204E+08    5.706E-02    1.276E-01    6.751E-21     r       4.5
1.983E+09    5.264E-06    1.274E+30    5.298E+05    4.370E+08    5.882E-02    1.271E-01    7.806E-21     r       4.5
1.981E+09    5.664E-06    1.274E+30    5.390E+05    4.719E+08    6.246E-02    1.260E-01    1.039E-20     r       4.5
1.980E+09    5.873E-06    1.274E+30    5.435E+05    4.902E+08    6.435E-02    1.255E-01    1.197E-20     r       4.5
1.977E+09    6.309E-06    1.274E+30    5.527E+05    5.285E+08    6.825E-02    1.245E-01    1.581E-20     r       4.5
1.976E+09    6.537E-06    1.274E+30    5.573E+05    5.485E+08    7.026E-02    1.240E-01    1.813E-20     r       4.5
1.974E+09    7.011E-06    1.274E+30    5.665E+05    5.904E+08    7.443E-02    1.231E-01    2.377E-20     r       4.5
1.973E+09    7.258E-06    1.274E+30    5.711E+05    6.123E+08    7.658E-02    1.226E-01    2.716E-20     r       4.5
1.971E+09    7.773E-06    1.274E+30    5.804E+05    6.581E+08    8.103E-02    1.216E-01    3.535E-20     r       4.5
1.970E+09    8.042E-06    1.274E+30    5.850E+05    6.820E+08    8.332E-02    1.212E-01    4.025E-20     r       4.5
1.968E+09    8.600E-06    1.274E+30    5.943E+05    7.320E+08    8.806E-02    1.203E-01    5.203E-20     r       4.5
1.967E+09    8.891E-06    1.274E+30    5.990E+05    7.581E+08    9.051E-02    1.198E-01    5.905E-20     r       4.5
1.965E+09    9.495E-06    1.274E+30    6.083E+05    8.125E+08    9.555E-02    1.190E-01    7.582E-20     r       4.5
1.964E+09    9.809E-06    1.274E+30    6.130E+05    8.409E+08    9.815E-02    1.185E-01    8.578E-20     r       4.5
1.961E+09    1.046E-05    1.274E+30    6.223E+05    9.000E+08    1.035E-01    1.177E-01    1.095E-19     r       4.5
1.960E+09    1.080E-05    1.274E+30    6.270E+05    9.309E+08    1.063E-01    1.173E-01    1.234E-19     r       4.5
1.958E+09    1.150E-05    1.274E+30    6.364E+05    9.951E+08    1.120E-01    1.164E-01    1.566E-19     r       4.5
1.957E+09    1.187E-05    1.274E+30    6.411E+05    1.029E+09    1.149E-01    1.160E-01    1.761E-19     r       4.5
1.955E+09    1.263E-05    1.274E+30    6.506E+05    1.098E+09    1.209E-01    1.152E-01    2.221E-19     r       4.5
1.954E+09    1.302E-05    1.274E+30    6.553E+05    1.134E+09    1.240E-01    1.148E-01    2.491E-19     r       4.5
1.952E+09    1.384E-05    1.274E+30    6.648E+05    1.210E+09    1.304E-01    1.141E-01    3.124E-19     r       4.5
1.951E+09    1.426E-05    1.274E+30    6.695E+05    1.249E+09    1.337E-01    1.137E-01    3.495E-19     r       4.5
1.949E+09    1.514E-05    1.274E+30    6.790E+05    1.331E+09    1.405E-01    1.129E-01    4.361E-19     r       4.5
1.948E+09    1.559E-05    1.274E+30    6.838E+05    1.373E+09    1.440E-01    1.126E-01    4.865E-19     r       4.5
1.945E+09    1.653E-05    1.274E+30    6.933E+05    1.461E+09    1.511E-01    1.119E-01    6.041E-19     r       4.5
1.944E+09    1.702E-05    1.274E+30    6.981E+05    1.507E+09    1.548E-01    1.115E-01    6.723E-19     r       4.5
1.942E+09    1.802E-05    1.274E+30    7.077E+05    1.602E+09    1.624E-01    1.108E-01    8.307E-19     r       4.5
1.941E+09    1.854E-05    1.274E+30    7.125E+05    1.651E+09    1.663E-01    1.104E-01    9.224E-19     r       4.5
1.939E+09    1.962E-05    1.274E+30    7.221E+05    1.753E+09    1.743E-01    1.098E-01    1.135E-18     r       4.5
1.938E+09    2.018E-05    1.274E+30    7.270E+05    1.806E+09    1.784E-01    1.094E-01    1.257E-18     r       4.5
1.936E+09    2.133E-05    1.274E+30    7.366E+05    1.916E+09    1.868E-01    1.088E-01    1.539E-18     r       4.5
1.935E+09    2.193E-05    1.274E+30    7.415E+05    1.973E+09    1.911E-01    1.084E-01    1.702E-18     r       4.5
1.933E+09    2.315E-05    1.274E+30    7.512E+05    2.091E+09    2.000E-01    1.078E-01    2.075E-18     r       4.5
1.932E+09    2.379E-05    1.274E+30    7.560E+05    2.153E+09    2.046E-01    1.075E-01    2.289E-18     r       4.5
1.930E+09    2.510E-05    1.274E+30    7.658E+05    2.280E+09    2.139E-01    1.068E-01    2.780E-18     r       4.5
1.928E+09    2.578E-05    1.274E+30    7.707E+05    2.345E+09    2.187E-01    1.065E-01    3.060E-18     r       4.5
1.926E+09    2.717E-05    1.274E+30    7.804E+05    2.481E+09    2.286E-01    1.059E-01    3.702E-18     r       4.5
1.925E+09    2.789E-05    1.274E+30    7.853E+05    2.552E+09    2.336E-01    1.056E-01    4.068E-18     r       4.5
1.923E+09    2.938E-05    1.274E+30    7.952E+05    2.698E+09    2.440E-01    1.050E-01    4.903E-18     r       4.5
1.922E+09    3.015E-05    1.274E+30    8.001E+05    2.773E+09    2.493E-01    1.047E-01    5.377E-18     r       4.5
1.920E+09    3.173E-05    1.274E+30    8.099E+05    2.929E+09    2.602E-01    1.041E-01    6.457E-18     r       4.5
1.919E+09    3.254E-05    1.274E+30    8.149E+05    3.010E+09    2.657E-01    1.038E-01    7.070E-18     r       4.5
1.917E+09    3.422E-05    1.274E+30    8.248E+05    3.176E+09    2.772E-01    1.033E-01    8.460E-18     r       4.5
1.916E+09    3.508E-05    1.274E+30    8.297E+05    3.263E+09    2.830E-01    1.030E-01    9.246E-18     r       4.5
1.914E+09    3.686E-05    1.274E+30    8.397E+05    3.441E+09    2.950E-01    1.024E-01    1.103E-17     r       4.5
1.912E+09    3.778E-05    1.274E+30    8.446E+05    3.533E+09    3.011E-01    1.022E-01    1.203E-17     r       4.5
1.910E+09    3.967E-05    1.274E+30    8.546E+05    3.723E+09    3.137E-01    1.016E-01    1.430E-17     r       4.5
1.909E+09    4.064E-05    1.274E+30    8.596E+05    3.821E+09    3.201E-01    1.013E-01    1.558E-17     r       4.5
1.907E+09    4.264E-05    1.274E+30    8.696E+05    4.024E+09    3.333E-01    1.008E-01    1.846E-17     r       4.5
1.906E+09    4.367E-05    1.274E+30    8.746E+05    4.129E+09    3.401E-01    1.006E-01    2.008E-17     r       4.5
1.904E+09    4.579E-05    1.274E+30    8.847E+05    4.345E+09    3.539E-01    1.000E-01    2.372E-17     r       4.5
1.903E+09    4.688E-05    1.274E+30    8.897E+05    4.456E+09    3.609E-01    9.979E-02    2.577E-17     r       4.5
1.901E+09    4.911E-05    1.274E+30    8.998E+05    4.687E+09    3.754E-01    9.929E-02    3.035E-17     r       4.5
1.900E+09    5.026E-05    1.274E+30    9.049E+05    4.805E+09    3.828E-01    9.904E-02    3.292E-17     r       4.5
1.898E+09    5.263E-05    1.274E+30    9.150E+05    5.050E+09    3.979E-01    9.855E-02    3.866E-17     r       4.5
1.897E+09    5.385E-05    1.274E+30    9.201E+05    5.176E+09    4.056E-01    9.831E-02    4.187E-17     r       4.5
1.894E+09    5.634E-05    1.274E+30    9.302E+05    5.436E+09    4.214E-01    9.783E-02    4.905E-17     r       4.5
1.893E+09    5.763E-05    1.274E+30    9.353E+05    5.570E+09    4.295E-01    9.759E-02    5.304E-17     r       4.5
1.891E+09    6.026E-05    1.274E+30    9.455E+05    5.847E+09    4.460E-01    9.712E-02    6.197E-17     r       4.5
1.887E+09    6.582E-05    1.274E+30    9.660E+05    6.433E+09    4.805E-01    9.620E-02    8.414E-17     r       4.5
1.885E+09    6.874E-05    1.274E+30    9.763E+05    6.745E+09    4.986E-01    9.575E-02    9.779E-17     r       4.5
1.881E+09    7.491E-05    1.274E+30    9.970E+05    7.404E+09    5.362E-01    9.487E-02    1.315E-16     r       4.5
1.878E+09    7.815E-05    1.274E+30    1.007E+06    7.754E+09    5.558E-01    9.444E-02    1.521E-16     r       4.5
1.874E+09    8.497E-05    1.274E+30    1.028E+06    8.493E+09    5.966E-01    9.360E-02    2.026E-16     r       4.5
1.872E+09    8.855E-05    1.274E+30    1.039E+06    8.885E+09    6.179E-01    9.319E-02    2.333E-16     r       4.5
1.868E+09    9.607E-05    1.274E+30    1.060E+06    9.712E+09    6.623E-01    9.238E-02    3.081E-16     r       4.4
1.866E+09    1.000E-04    1.274E+30    1.070E+06    1.015E+10    6.854E-01    9.199E-02    3.533E-16     r       4.4
1.861E+09    1.083E-04    1.274E+30    1.091E+06    1.107E+10    7.335E-01    9.121E-02    4.628E-16     r       4.4
1.859E+09    1.126E-04    1.274E+30    1.102E+06    1.156E+10    7.585E-01    9.083E-02    5.286E-16     r       4.4
1.855E+09    1.217E-04    1.274E+30    1.123E+06    1.259E+10    8.105E-01    9.009E-02    6.870E-16     r       4.4
1.853E+09    1.265E-04    1.274E+30    1.134E+06    1.313E+10    8.376E-01    8.972E-02    7.818E-16     r       4.4
1.849E+09    1.365E-04    1.274E+30    1.155E+06    1.427E+10    8.937E-01    8.900E-02    1.009E-15     r       4.4
1.846E+09    1.417E-04    1.274E+30    1.166E+06    1.487E+10    9.229E-01    8.865E-02    1.144E-15     r       4.4
1.842E+09    1.526E-04    1.274E+30    1.188E+06    1.614E+10    9.835E-01    8.796E-02    1.465E-15     r       4.4
1.840E+09    1.583E-04    1.274E+30    1.199E+06    1.681E+10    1.015E+00    8.762E-02    1.656E-15     r       4.4
1.836E+09    1.702E-04    1.274E+30    1.221E+06    1.821E+10    1.080E+00    8.695E-02    2.108E-15     r       4.4
1.834E+09    1.764E-04    1.274E+30    1.231E+06    1.894E+10    1.114E+00    8.663E-02    2.374E-15     r       4.4
1.829E+09    1.893E-04    1.274E+30    1.253E+06    2.049E+10    1.184E+00    8.598E-02    3.003E-15     r       4.4
1.827E+09    1.961E-04    1.274E+30    1.265E+06    2.131E+10    1.221E+00    8.567E-02    3.373E-15     r       4.4
1.823E+09    2.102E-04    1.274E+30    1.287E+06    2.301E+10    1.296E+00    8.505E-02    4.241E-15     r       4.4
1.821E+09    2.175E-04    1.274E+30    1.298E+06    2.391E+10    1.335E+00    8.474E-02    4.749E-15     r       4.4
1.817E+09    2.328E-04    1.274E+30    1.320E+06    2.579E+10    1.416E+00    8.414E-02    5.938E-15     r       4.4
1.815E+09    2.408E-04    1.274E+30    1.331E+06    2.677E+10    1.458E+00    8.385E-02    6.631E-15     r       4.4
1.810E+09    2.574E-04    1.274E+30    1.354E+06    2.884E+10    1.545E+00    8.327E-02    8.246E-15     r       4.4
1.808E+09    2.660E-04    1.274E+30    1.365E+06    2.992E+10    1.589E+00    8.298E-02    9.184E-15     r       4.4
1.804E+09    2.839E-04    1.274E+30    1.388E+06    3.219E+10    1.682E+00    8.242E-02    1.136E-14     r       4.4
1.802E+09    2.932E-04    1.274E+30    1.399E+06    3.337E+10    1.730E+00    8.215E-02    1.263E-14     r       4.4
1.798E+09    3.126E-04    1.274E+30    1.422E+06    3.586E+10    1.829E+00    8.160E-02    1.555E-14     r       4.4
1.795E+09    3.227E-04    1.274E+30    1.434E+06    3.715E+10    1.881E+00    8.134E-02    1.723E-14     r       4.4
1.791E+09    3.436E-04    1.274E+30    1.457E+06    3.987E+10    1.987E+00    8.081E-02    2.111E-14     r       4.4
1.789E+09    3.544E-04    1.274E+30    1.468E+06    4.129E+10    2.041E+00    8.055E-02    2.335E-14     r       4.4
1.785E+09    3.770E-04    1.274E+30    1.491E+06    4.426E+10    2.155E+00    8.004E-02    2.849E-14     r       4.4
1.783E+09    3.886E-04    1.274E+30    1.503E+06    4.581E+10    2.213E+00    7.979E-02    3.143E-14     r       4.4
1.778E+09    4.129E-04    1.274E+30    1.527E+06    4.905E+10    2.334E+00    7.929E-02    3.819E-14     r       4.4
1.776E+09    4.254E-04    1.274E+30    1.538E+06    5.075E+10    2.396E+00    7.905E-02    4.205E-14     r       4.4
1.772E+09    4.515E-04    1.274E+30    1.562E+06    5.428E+10    2.524E+00    7.857E-02    5.087E-14     r       4.4
1.770E+09    4.649E-04    1.274E+30    1.574E+06    5.612E+10    2.591E+00    7.833E-02    5.590E-14     r       4.4
1.766E+09    4.929E-04    1.274E+30    1.598E+06    5.997E+10    2.727E+00    7.786E-02    6.737E-14     r       4.4
1.763E+09    5.073E-04    1.274E+30    1.609E+06    6.197E+10    2.798E+00    7.763E-02    7.389E-14     r       4.4
1.759E+09    5.373E-04    1.274E+30    1.633E+06    6.615E+10    2.943E+00    7.718E-02    8.872E-14     r       4.4
1.757E+09    5.528E-04    1.274E+30    1.645E+06    6.833E+10    3.018E+00    7.696E-02    9.712E-14     r       4.4
1.753E+09    5.848E-04    1.274E+30    1.670E+06    7.287E+10    3.173E+00    7.652E-02    1.162E-13     r       4.4
1.751E+09    6.014E-04    1.274E+30    1.682E+06    7.524E+10    3.253E+00    7.630E-02    1.270E-13     r       4.4
1.746E+09    6.357E-04    1.274E+30    1.706E+06    8.016E+10    3.417E+00    7.587E-02    1.514E-13     r       4.4
1.744E+09    6.534E-04    1.274E+30    1.718E+06    8.273E+10    3.501E+00    7.566E-02    1.651E-13     r       4.4
1.740E+09    6.900E-04    1.274E+30    1.743E+06    8.807E+10    3.675E+00    7.524E-02    1.962E-13     r       4.4
1.738E+09    7.089E-04    1.274E+30    1.755E+06    9.085E+10    3.765E+00    7.503E-02    2.137E-13     r       4.4
1.734E+09    7.480E-04    1.274E+30    1.780E+06    9.663E+10    3.950E+00    7.463E-02    2.531E-13     r       4.4
1.732E+09    7.682E-04    1.274E+30    1.792E+06    9.964E+10    4.045E+00    7.443E-02    2.753E-13     r       4.4
1.727E+09    8.098E-04    1.274E+30    1.817E+06    1.059E+11    4.240E+00    7.403E-02    3.251E-13     r       4.4
1.725E+09    8.313E-04    1.274E+30    1.830E+06    1.091E+11    4.341E+00    7.384E-02    3.529E-13     r       4.4
1.721E+09    8.757E-04    1.274E+30    1.855E+06    1.159E+11    4.548E+00    7.345E-02    4.155E-13     r       4.4
1.719E+09    8.985E-04    1.274E+30    1.868E+06    1.194E+11    4.654E+00    7.326E-02    4.505E-13     r       4.4
1.714E+09    9.457E-04    1.274E+30    1.893E+06    1.267E+11    4.873E+00    7.288E-02    5.289E-13     r       4.4
1.712E+09    9.701E-04    1.274E+30    1.906E+06    1.305E+11    4.986E+00    7.270E-02    5.726E-13     r       4.4
1.708E+09    1.020E-03    1.274E+30    1.931E+06    1.384E+11    5.218E+00    7.233E-02    6.703E-13     r       4.4
1.706E+09    1.046E-03    1.274E+30    1.944E+06    1.425E+11    5.337E+00    7.215E-02    7.248E-13     r       4.4
1.702E+09    1.099E-03    1.274E+30    1.970E+06    1.510E+11    5.582E+00    7.179E-02    8.462E-13     r       4.4
1.700E+09    1.127E-03    1.274E+30    1.983E+06    1.554E+11    5.708E+00    7.161E-02    9.138E-13     r       4.4
1.695E+09    1.183E-03    1.274E+30    2.009E+06    1.645E+11    5.966E+00    7.126E-02    1.064E-12     r       4.4
1.693E+09    1.212E-03    1.274E+30    2.022E+06    1.693E+11    6.099E+00    7.109E-02    1.148E-12     r       4.4
1.689E+09    1.272E-03    1.274E+30    2.048E+06    1.791E+11    6.372E+00    7.075E-02    1.333E-12     r       4.4
1.687E+09    1.303E-03    1.274E+30    2.061E+06    1.842E+11    6.512E+00    7.058E-02    1.436E-12     r       4.4
1.683E+09    1.367E-03    1.274E+30    2.088E+06    1.948E+11    6.801E+00    7.025E-02    1.664E-12     r       4.4
1.680E+09    1.399E-03    1.274E+30    2.101E+06    2.003E+11    6.948E+00    7.008E-02    1.791E-12     r       4.4
1.676E+09    1.467E-03    1.274E+30    2.127E+06    2.117E+11    7.252E+00    6.976E-02    2.070E-12     r       4.4
1.674E+09    1.501E-03    1.274E+30    2.141E+06    2.176E+11    7.408E+00    6.960E-02    2.225E-12     r       4.4
1.670E+09    1.572E-03    1.274E+30    2.168E+06    2.298E+11    7.728E+00    6.928E-02    2.567E-12     r       4.4
1.668E+09    1.609E-03    1.274E+30    2.181E+06    2.361E+11    7.893E+00    6.912E-02    2.755E-12     r       4.4
1.663E+09    1.684E-03    1.274E+30    2.208E+06    2.493E+11    8.230E+00    6.881E-02    3.172E-12     r       4.4
1.661E+09    1.723E-03    1.274E+30    2.222E+06    2.560E+11    8.403E+00    6.865E-02    3.401E-12     r       4.4
1.657E+09    1.802E-03    1.274E+30    2.249E+06    2.701E+11    8.758E+00    6.835E-02    3.907E-12     r       4.4
1.655E+09    1.843E-03    1.274E+30    2.263E+06    2.774E+11    8.940E+00    6.820E-02    4.185E-12     r       4.4
1.651E+09    1.927E-03    1.274E+30    2.290E+06    2.925E+11    9.314E+00    6.790E-02    4.798E-12     r       4.4
1.648E+09    1.970E-03    1.274E+30    2.304E+06    3.003E+11    9.506E+00    6.775E-02    5.135E-12     r       4.4
1.644E+09    2.058E-03    1.274E+30    2.332E+06    3.164E+11    9.899E+00    6.746E-02    5.875E-12     r       4.4
1.642E+09    2.104E-03    1.274E+30    2.346E+06    3.248E+11    1.010E+01    6.732E-02    6.281E-12     r       4.4
1.638E+09    2.197E-03    1.274E+30    2.374E+06    3.421E+11    1.051E+01    6.703E-02    7.172E-12     r       4.4
1.636E+09    2.245E-03    1.274E+30    2.388E+06    3.510E+11    1.073E+01    6.689E-02    7.661E-12     r       4.4
1.631E+09    2.343E-03    1.274E+30    2.416E+06    3.695E+11    1.116E+01    6.661E-02    8.732E-12     r       4.4
1.629E+09    2.393E-03    1.274E+30    2.430E+06    3.791E+11    1.138E+01    6.647E-02    9.318E-12     r       4.4
1.625E+09    2.497E-03    1.274E+30    2.458E+06    3.989E+11    1.184E+01    6.620E-02    1.060E-11     r       4.4
1.623E+09    2.550E-03    1.274E+30    2.473E+06    4.091E+11    1.207E+01    6.606E-02    1.130E-11     r       4.4
1.619E+09    2.658E-03    1.274E+30    2.501E+06    4.302E+11    1.255E+01    6.579E-02    1.284E-11     r       4.4
1.617E+09    2.714E-03    1.274E+30    2.516E+06    4.411E+11    1.280E+01    6.566E-02    1.368E-11     r       4.4
1.612E+09    2.829E-03    1.274E+30    2.545E+06    4.637E+11    1.330E+01    6.540E-02    1.551E-11     r       4.4
1.610E+09    2.887E-03    1.274E+30    2.559E+06    4.754E+11    1.356E+01    6.527E-02    1.651E-11     r       4.4
1.606E+09    3.007E-03    1.274E+30    2.588E+06    4.995E+11    1.409E+01    6.501E-02    1.869E-11     r       4.4
1.604E+09    3.069E-03    1.274E+30    2.603E+06    5.119E+11    1.436E+01    6.488E-02    1.988E-11     r       4.4
1.600E+09    3.195E-03    1.274E+30    2.632E+06    5.376E+11    1.491E+01    6.463E-02    2.246E-11     r       4.4
1.597E+09    3.260E-03    1.274E+30    2.647E+06    5.509E+11    1.520E+01    6.450E-02    2.387E-11     r       4.4
1.593E+09    3.392E-03    1.274E+30    2.677E+06    5.783E+11    1.578E+01    6.426E-02    2.694E-11     r       4.4
1.585E+09    3.671E-03    1.274E+30    2.737E+06    6.368E+11    1.700E+01    6.377E-02    3.421E-11     r       4.4
1.580E+09    3.816E-03    1.274E+30    2.767E+06    6.680E+11    1.764E+01    6.353E-02    3.849E-11     r       4.4
1.572E+09    4.122E-03    1.274E+30    2.828E+06    7.343E+11    1.898E+01    6.306E-02    4.858E-11     r       4.4
1.568E+09    4.282E-03    1.274E+30    2.858E+06    7.696E+11    1.968E+01    6.283E-02    5.451E-11     r       4.4
1.559E+09    4.617E-03    1.274E+30    2.920E+06    8.448E+11    2.114E+01    6.238E-02    6.843E-11     r       4.3
1.555E+09    4.793E-03    1.274E+30    2.951E+06    8.848E+11    2.191E+01    6.215E-02    7.658E-11     r       4.3
1.546E+09    5.160E-03    1.274E+30    3.014E+06    9.697E+11    2.352E+01    6.172E-02    9.564E-11     r       4.3
1.542E+09    5.352E-03    1.274E+30    3.046E+06    1.015E+12    2.436E+01    6.150E-02    1.068E-10     r       4.3
1.534E+09    5.753E-03    1.274E+30    3.110E+06    1.111E+12    2.612E+01    6.108E-02    1.327E-10     r       4.3
1.529E+09    5.963E-03    1.274E+30    3.142E+06    1.162E+12    2.704E+01    6.087E-02    1.477E-10     r       4.3
1.521E+09    6.400E-03    1.274E+30    3.207E+06    1.270E+12    2.896E+01    6.046E-02    1.828E-10     r       4.3
1.516E+09    6.629E-03    1.274E+30    3.240E+06    1.327E+12    2.996E+01    6.026E-02    2.030E-10     r       4.3
1.508E+09    7.106E-03    1.274E+30    3.306E+06    1.449E+12    3.206E+01    5.987E-02    2.501E-10     r       4.3
1.504E+09    7.354E-03    1.274E+30    3.340E+06    1.514E+12    3.316E+01    5.967E-02    2.772E-10     r       4.3
1.495E+09    7.873E-03    1.274E+30    3.407E+06    1.650E+12    3.544E+01    5.929E-02    3.399E-10     r       4.3
1.491E+09    8.143E-03    1.274E+30    3.441E+06    1.723E+12    3.664E+01    5.910E-02    3.761E-10     r       4.3
1.482E+09    8.706E-03    1.274E+30    3.510E+06    1.877E+12    3.913E+01    5.873E-02    4.593E-10     r       4.3
1.478E+09    8.999E-03    1.274E+30    3.545E+06    1.958E+12    4.043E+01    5.855E-02    5.072E-10     r       4.3
1.470E+09    9.609E-03    1.274E+30    3.614E+06    2.130E+12    4.314E+01    5.819E-02    6.171E-10     r       4.3
1.465E+09    9.926E-03    1.274E+30    3.650E+06    2.221E+12    4.456E+01    5.801E-02    6.800E-10     r       4.3
1.457E+09    1.059E-02    1.274E+30    3.721E+06    2.414E+12    4.751E+01    5.766E-02    8.244E-10     r       4.3
1.453E+09    1.093E-02    1.274E+30    3.757E+06    2.516E+12    4.904E+01    5.749E-02    9.068E-10     r       4.3
1.444E+09    1.164E-02    1.274E+30    3.829E+06    2.732E+12    5.225E+01    5.715E-02    1.095E-09     r       4.3
1.440E+09    1.202E-02    1.274E+30    3.865E+06    2.846E+12    5.392E+01    5.699E-02    1.203E-09     r       4.3
1.431E+09    1.279E-02    1.274E+30    3.939E+06    3.087E+12    5.740E+01    5.666E-02    1.448E-09     r       4.3
1.427E+09    1.319E-02    1.274E+30    3.976E+06    3.215E+12    5.921E+01    5.649E-02    1.588E-09     r       4.3
1.419E+09    1.402E-02    1.274E+30    4.051E+06    3.484E+12    6.299E+01    5.617E-02    1.906E-09     r       4.3
1.414E+09    1.445E-02    1.274E+30    4.089E+06    3.626E+12    6.496E+01    5.602E-02    2.086E-09     r       4.3
1.406E+09    1.535E-02    1.274E+30    4.166E+06    3.926E+12    6.905E+01    5.570E-02    2.496E-09     r       4.3
1.402E+09    1.581E-02    1.274E+30    4.204E+06    4.085E+12    7.118E+01    5.555E-02    2.728E-09     r       4.3
1.393E+09    1.677E-02    1.274E+30    4.282E+06    4.419E+12    7.562E+01    5.525E-02    3.254E-09     r       4.3
1.389E+09    1.727E-02    1.274E+30    4.321E+06    4.595E+12    7.793E+01    5.510E-02    3.551E-09     r       4.3
1.380E+09    1.831E-02    1.274E+30    4.400E+06    4.967E+12    8.273E+01    5.480E-02    4.224E-09     r       4.3
1.376E+09    1.884E-02    1.274E+30    4.440E+06    5.164E+12    8.522E+01    5.465E-02    4.604E-09     r       4.3
1.367E+09    1.996E-02    1.274E+30    4.521E+06    5.577E+12    9.042E+01    5.437E-02    5.461E-09     r       4.3
1.363E+09    2.053E-02    1.274E+30    4.562E+06    5.795E+12    9.312E+01    5.422E-02    5.944E-09     r       4.3
1.355E+09    2.172E-02    1.274E+30    4.644E+06    6.255E+12    9.874E+01    5.394E-02    7.032E-09     r       4.3
1.350E+09    2.234E-02    1.274E+30    4.686E+06    6.497E+12    1.017E+02    5.380E-02    7.644E-09     r       4.3
1.342E+09    2.361E-02    1.274E+30    4.769E+06    7.008E+12    1.077E+02    5.353E-02    9.021E-09     r       4.3
1.338E+09    2.427E-02    1.274E+30    4.812E+06    7.276E+12    1.109E+02    5.339E-02    9.794E-09     r       4.3
1.329E+09    2.564E-02    1.274E+30    4.897E+06    7.842E+12    1.174E+02    5.313E-02    1.153E-08     r       4.3
1.325E+09    2.634E-02    1.274E+30    4.940E+06    8.140E+12    1.208E+02    5.299E-02    1.250E-08     r       4.3
1.316E+09    2.780E-02    1.274E+30    5.027E+06    8.768E+12    1.279E+02    5.273E-02    1.468E-08     r       4.3
1.312E+09    2.855E-02    1.274E+30    5.071E+06    9.098E+12    1.316E+02    5.260E-02    1.591E-08     r       4.3
1.304E+09    3.011E-02    1.274E+30    5.159E+06    9.792E+12    1.392E+02    5.235E-02    1.864E-08     r       4.2
1.299E+09    3.092E-02    1.274E+30    5.204E+06    1.016E+13    1.432E+02    5.222E-02    2.017E-08     r       4.2
1.291E+09    3.258E-02    1.274E+30    5.294E+06    1.093E+13    1.514E+02    5.197E-02    2.358E-08     r       4.2
1.287E+09    3.343E-02    1.274E+30    5.340E+06    1.133E+13    1.557E+02    5.185E-02    2.548E-08     r       4.2
1.278E+09    3.520E-02    1.274E+30    5.432E+06    1.218E+13    1.645E+02    5.160E-02    2.974E-08     r       4.2
1.274E+09    3.612E-02    1.274E+30    5.478E+06    1.263E+13    1.691E+02    5.148E-02    3.210E-08     r       4.2
1.265E+09    3.800E-02    1.274E+30    5.572E+06    1.357E+13    1.786E+02    5.124E-02    3.738E-08     r       4.2
1.261E+09    3.897E-02    1.274E+30    5.619E+06    1.406E+13    1.836E+02    5.112E-02    4.032E-08     r       4.2
1.252E+09    4.098E-02    1.274E+30    5.715E+06    1.510E+13    1.938E+02    5.089E-02    4.686E-08     r       4.2
1.248E+09    4.201E-02    1.274E+30    5.763E+06    1.564E+13    1.992E+02    5.077E-02    5.049E-08     r       4.2
1.240E+09    4.414E-02    1.274E+30    5.861E+06    1.679E+13    2.102E+02    5.054E-02    5.856E-08     r       4.2
1.235E+09    4.524E-02    1.274E+30    5.910E+06    1.739E+13    2.159E+02    5.043E-02    6.304E-08     r       4.2
1.227E+09    4.750E-02    1.274E+30    6.009E+06    1.865E+13    2.278E+02    5.020E-02    7.299E-08     r       4.2
1.223E+09    4.866E-02    1.274E+30    6.059E+06    1.931E+13    2.339E+02    5.009E-02    7.850E-08     r       4.2
1.214E+09    5.106E-02    1.274E+30    6.160E+06    2.070E+13    2.466E+02    4.987E-02    9.072E-08     r       4.2
1.210E+09    5.229E-02    1.274E+30    6.211E+06    2.143E+13    2.532E+02    4.976E-02    9.748E-08     r       4.2
1.201E+09    5.484E-02    1.274E+30    6.315E+06    2.296E+13    2.669E+02    4.955E-02    1.125E-07     r       4.2
1.197E+09    5.614E-02    1.274E+30    6.367E+06    2.376E+13    2.740E+02    4.944E-02    1.207E-07     r       4.2
1.189E+09    5.883E-02    1.274E+30    6.472E+06    2.545E+13    2.887E+02    4.923E-02    1.390E-07     r       4.2
1.184E+09    6.022E-02    1.274E+30    6.525E+06    2.633E+13    2.963E+02    4.912E-02    1.492E-07     r       4.2
1.176E+09    6.307E-02    1.274E+30    6.632E+06    2.819E+13    3.120E+02    4.891E-02    1.715E-07     r       4.2
1.172E+09    6.453E-02    1.274E+30    6.687E+06    2.916E+13    3.201E+02    4.881E-02    1.838E-07     r       4.2
1.163E+09    6.754E-02    1.274E+30    6.796E+06    3.119E+13    3.370E+02    4.860E-02    2.110E-07     r       4.2
1.159E+09    6.909E-02    1.274E+30    6.851E+06    3.226E+13    3.457E+02    4.850E-02    2.260E-07     r       4.2
1.150E+09    7.227E-02    1.274E+30    6.963E+06    3.450E+13    3.638E+02    4.830E-02    2.590E-07     r       4.1
1.146E+09    7.390E-02    1.274E+30    7.019E+06    3.567E+13    3.731E+02    4.820E-02    2.771E-07     r       4.1
1.138E+09    7.725E-02    1.274E+30    7.133E+06    3.812E+13    3.924E+02    4.800E-02    3.171E-07     r       4.1
1.133E+09    7.898E-02    1.274E+30    7.190E+06    3.941E+13    4.024E+02    4.790E-02    3.391E-07     r       4.1
1.125E+09    8.251E-02    1.274E+30    7.306E+06    4.210E+13    4.231E+02    4.771E-02    3.875E-07     r       4.1
1.121E+09    8.433E-02    1.274E+30    7.365E+06    4.351E+13    4.338E+02    4.761E-02    4.140E-07     r       4.1
1.112E+09    8.806E-02    1.274E+30    7.483E+06    4.646E+13    4.559E+02    4.742E-02    4.723E-07     r       4.1
1.108E+09    8.997E-02    1.274E+30    7.543E+06    4.800E+13    4.673E+02    4.732E-02    5.043E-07     r       4.1
1.099E+09    9.389E-02    1.274E+30    7.664E+06    5.123E+13    4.909E+02    4.713E-02    5.746E-07     r       4.1
1.095E+09    9.590E-02    1.274E+30    7.724E+06    5.292E+13    5.031E+02    4.704E-02    6.131E-07     r       4.1
1.086E+09    1.000E-01    1.274E+30    7.848E+06    5.646E+13    5.283E+02    4.685E-02    6.974E-07     r       4.1
1.082E+09    1.021E-01    1.274E+30    7.910E+06    5.830E+13    5.414E+02    4.676E-02    7.436E-07     r       4.1
1.074E+09    1.065E-01    1.274E+30    8.035E+06    6.217E+13    5.683E+02    4.658E-02    8.448E-07     r       4.1
1.069E+09    1.087E-01    1.274E+30    8.099E+06    6.419E+13    5.822E+02    4.649E-02    9.001E-07     r       4.1
1.061E+09    1.132E-01    1.274E+30    8.227E+06    6.842E+13    6.108E+02    4.631E-02    1.021E-06     r       4.1
1.057E+09    1.156E-01    1.274E+30    8.291E+06    7.063E+13    6.256E+02    4.622E-02    1.087E-06     r       4.1
1.048E+09    1.203E-01    1.274E+30    8.422E+06    7.524E+13    6.562E+02    4.604E-02    1.232E-06     r       4.1
1.044E+09    1.228E-01    1.274E+30    8.488E+06    7.765E+13    6.720E+02    4.595E-02    1.311E-06     r       4.0
1.035E+09    1.278E-01    1.274E+30    8.621E+06    8.269E+13    7.045E+02    4.578E-02    1.483E-06     r       4.0
1.031E+09    1.304E-01    1.274E+30    8.688E+06    8.532E+13    7.213E+02    4.569E-02    1.577E-06     r       4.0
1.023E+09    1.356E-01    1.274E+30    8.824E+06    9.081E+13    7.559E+02    4.551E-02    1.782E-06     r       4.0
1.018E+09    1.383E-01    1.274E+30    8.892E+06    9.368E+13    7.738E+02    4.543E-02    1.894E-06     r       4.0
1.010E+09    1.437E-01    1.274E+30    9.031E+06    9.966E+13    8.106E+02    4.526E-02    2.137E-06     r       4.0
1.006E+09    1.465E-01    1.274E+30    9.101E+06    1.028E+14    8.295E+02    4.517E-02    2.270E-06     r       4.0
9.970E+08    1.523E-01    1.274E+30    9.242E+06    1.093E+14    8.686E+02    4.500E-02    2.558E-06     r       4.0
9.928E+08    1.552E-01    1.274E+30    9.314E+06    1.127E+14    8.887E+02    4.492E-02    2.715E-06     r       4.0
9.842E+08    1.612E-01    1.274E+30    9.458E+06    1.198E+14    9.302E+02    4.475E-02    3.057E-06     r       4.0
9.800E+08    1.642E-01    1.274E+30    9.530E+06    1.235E+14    9.516E+02    4.467E-02    3.242E-06     r       4.0
9.715E+08    1.704E-01    1.274E+30    9.677E+06    1.312E+14    9.955E+02    4.451E-02    3.646E-06     r       4.0
9.672E+08    1.736E-01    1.274E+30    9.751E+06    1.352E+14    1.018E+03    4.443E-02    3.865E-06     r       3.9
9.587E+08    1.801E-01    1.274E+30    9.901E+06    1.435E+14    1.065E+03    4.426E-02    4.340E-06     r       3.9
9.544E+08    1.834E-01    1.274E+30    9.977E+06    1.479E+14    1.089E+03    4.418E-02    4.598E-06     r       3.9
9.459E+08    1.902E-01    1.274E+30    1.013E+07    1.570E+14    1.138E+03    4.402E-02    5.157E-06     r       3.9
9.417E+08    1.936E-01    1.274E+30    1.021E+07    1.617E+14    1.163E+03    4.394E-02    5.461E-06     r       3.9
9.332E+08    2.007E-01    1.274E+30    1.036E+07    1.715E+14    1.215E+03    4.378E-02    6.118E-06     r       3.9
9.289E+08    2.042E-01    1.274E+30    1.044E+07    1.766E+14    1.242E+03    4.370E-02    6.474E-06     r       3.9
9.204E+08    2.115E-01    1.274E+30    1.060E+07    1.873E+14    1.297E+03    4.355E-02    7.245E-06     r       3.9
9.161E+08    2.153E-01    1.274E+30    1.068E+07    1.928E+14    1.326E+03    4.347E-02    7.662E-06     r       3.9
9.076E+08    2.228E-01    1.274E+30    1.084E+07    2.043E+14    1.384E+03    4.332E-02    8.565E-06     r       3.9
9.033E+08    2.267E-01    1.274E+30    1.092E+07    2.103E+14    1.413E+03    4.324E-02    9.054E-06     r       3.8
8.948E+08    2.345E-01    1.274E+30    1.109E+07    2.227E+14    1.475E+03    4.309E-02    1.011E-05     r       3.8
8.906E+08    2.385E-01    1.274E+30    1.117E+07    2.292E+14    1.506E+03    4.301E-02    1.068E-05     r       3.8
8.821E+08    2.467E-01    1.274E+30    1.134E+07    2.426E+14    1.570E+03    4.286E-02    1.191E-05     r       3.8
8.778E+08    2.508E-01    1.274E+30    1.143E+07    2.495E+14    1.603E+03    4.278E-02    1.258E-05     r       3.8
8.693E+08    2.592E-01    1.274E+30    1.160E+07    2.640E+14    1.671E+03    4.263E-02    1.402E-05     r       3.8
8.650E+08    2.635E-01    1.274E+30    1.168E+07    2.715E+14    1.706E+03    4.256E-02    1.479E-05     r       3.8
8.565E+08    2.721E-01    1.274E+30    1.186E+07    2.870E+14    1.777E+03    4.241E-02    1.647E-05     r       3.8
8.523E+08    2.765E-01    1.274E+30    1.195E+07    2.951E+14    1.813E+03    4.234E-02    1.737E-05     r       3.7
8.437E+08    2.855E-01    1.274E+30    1.212E+07    3.118E+14    1.888E+03    4.219E-02    1.932E-05     r       3.7
8.395E+08    2.900E-01    1.274E+30    1.221E+07    3.205E+14    1.926E+03    4.212E-02    2.037E-05     r       3.7
8.310E+08    2.993E-01    1.274E+30    1.240E+07    3.385E+14    2.004E+03    4.197E-02    2.263E-05     r       3.7
8.267E+08    3.039E-01    1.274E+30    1.249E+07    3.478E+14    2.044E+03    4.190E-02    2.385E-05     r       3.7
8.182E+08    3.134E-01    1.274E+30    1.267E+07    3.670E+14    2.126E+03    4.176E-02    2.648E-05     r       3.7
8.139E+08    3.182E-01    1.274E+30    1.277E+07    3.770E+14    2.167E+03    4.169E-02    2.790E-05     r       3.7
8.054E+08    3.280E-01    1.274E+30    1.295E+07    3.976E+14    2.252E+03    4.154E-02    3.095E-05     r       3.6
8.012E+08    3.329E-01    1.274E+30    1.305E+07    4.083E+14    2.296E+03    4.147E-02    3.260E-05     r       3.6
7.926E+08    3.429E-01    1.274E+30    1.324E+07    4.304E+14    2.385E+03    4.133E-02    3.615E-05     r       3.6
7.884E+08    3.479E-01    1.274E+30    1.334E+07    4.418E+14    2.430E+03    4.126E-02    3.806E-05     r       3.6
7.799E+08    3.582E-01    1.274E+30    1.353E+07    4.653E+14    2.522E+03    4.113E-02    4.218E-05     r       3.6
7.756E+08    3.634E-01    1.274E+30    1.363E+07    4.775E+14    2.569E+03    4.106E-02    4.440E-05     r       3.6
7.671E+08    3.738E-01    1.274E+30    1.383E+07    5.026E+14    2.665E+03    4.092E-02    4.920E-05     r       3.5
7.628E+08    3.791E-01    1.274E+30    1.393E+07    5.156E+14    2.714E+03    4.085E-02    5.179E-05     r       3.5
7.543E+08    3.898E-01    1.274E+30    1.413E+07    5.423E+14    2.814E+03    4.072E-02    5.738E-05     r       3.5
7.501E+08    3.952E-01    1.274E+30    1.423E+07    5.561E+14    2.864E+03    4.065E-02    6.040E-05     r       3.5
7.415E+08    4.061E-01    1.274E+30    1.444E+07    5.845E+14    2.967E+03    4.052E-02    6.693E-05     r       3.5
7.373E+08    4.116E-01    1.274E+30    1.454E+07    5.991E+14    3.019E+03    4.045E-02    7.047E-05     r       3.4
7.288E+08    4.227E-01    1.274E+30    1.475E+07    6.293E+14    3.126E+03    4.032E-02    7.814E-05     r       3.4
7.245E+08    4.283E-01    1.274E+30    1.486E+07    6.448E+14    3.180E+03    4.025E-02    8.231E-05     r       3.4
7.160E+08    4.396E-01    1.274E+30    1.507E+07    6.767E+14    3.289E+03    4.012E-02    9.137E-05     r       3.4
6.990E+08    4.625E-01    1.274E+30    1.551E+07    7.442E+14    3.515E+03    3.986E-02    1.130E-04     r       3.3
6.904E+08    4.741E-01    1.274E+30    1.573E+07    7.797E+14    3.630E+03    3.974E-02    1.259E-04     r       3.3
6.734E+08    4.975E-01    1.274E+30    1.618E+07    8.547E+14    3.867E+03    3.949E-02    1.573E-04     r       3.3
6.649E+08    5.094E-01    1.274E+30    1.641E+07    8.941E+14    3.988E+03    3.936E-02    1.766E-04     r       3.2
6.479E+08    5.332E-01    1.273E+30    1.687E+07    9.767E+14    4.235E+03    3.912E-02    2.247E-04     r       3.2
6.394E+08    5.451E-01    1.273E+30    1.711E+07    1.020E+15    4.360E+03    3.900E-02    2.551E-04     r       3.1
6.223E+08    5.692E-01    1.273E+30    1.758E+07    1.110E+15    4.614E+03    3.876E-02    3.335E-04     r       3.1
6.138E+08    5.812E-01    1.273E+30    1.783E+07    1.157E+15    4.743E+03    3.865E-02    3.844E-04     r       3.0
5.968E+08    6.052E-01    1.273E+30    1.832E+07    1.255E+15    5.001E+03    3.842E-02    5.204E-04     r       3.0
5.883E+08    6.171E-01    1.273E+30    1.857E+07    1.306E+15    5.131E+03    3.830E-02    6.114E-04     r       2.9
5.712E+08    6.409E-01    1.273E+30    1.909E+07    1.411E+15    5.392E+03    3.808E-02    8.604E-04     r       2.8
5.627E+08    6.527E-01    1.273E+30    1.935E+07    1.465E+15    5.521E+03    3.797E-02    1.030E-03     r       2.8
5.457E+08    6.761E-01    1.272E+30    1.987E+07    1.577E+15    5.780E+03    3.776E-02    1.505E-03     r       2.7
5.372E+08    6.876E-01    1.272E+30    2.014E+07    1.634E+15    5.908E+03    3.766E-02    1.833E-03     r       2.7
5.201E+08    7.103E-01    1.271E+30    2.068E+07    1.752E+15    6.160E+03    3.745E-02    2.756E-03     r       2.6
5.116E+08    7.214E-01    1.270E+30    2.096E+07    1.812E+15    6.284E+03    3.735E-02    3.398E-03     r       2.5
4.946E+08    7.432E-01    1.269E+30    2.153E+07    1.934E+15    6.524E+03    3.715E-02    5.237E-03     r       2.4
4.861E+08    7.538E-01    1.268E+30    2.181E+07    1.996E+15    6.643E+03    3.706E-02    6.498E-03     r       2.4
4.690E+08    7.746E-01    1.265E+30    2.237E+07    2.123E+15    6.879E+03    3.689E-02    9.943E-03     r       2.4
4.605E+08    7.847E-01    1.263E+30    2.264E+07    2.187E+15    6.996E+03    3.680E-02    1.225E-02     r       2.4
4.435E+08    8.042E-01    1.259E+30    2.319E+07    2.316E+15    7.227E+03    3.665E-02    1.842E-02     r       2.4
4.350E+08    8.136E-01    1.256E+30    2.346E+07    2.381E+15    7.342E+03    3.658E-02    2.247E-02     r       2.4
4.179E+08    8.319E-01    1.248E+30    2.398E+07    2.513E+15    7.568E+03    3.645E-02    3.305E-02     r       2.4
4.094E+08    8.407E-01    1.243E+30    2.424E+07    2.579E+15    7.679E+03    3.639E-02    3.983E-02     r       2.4
4.052E+08    8.450E-01    1.240E+30    2.437E+07    2.612E+15    7.734E+03    3.636E-02    4.367E-02     r       2.4
3.967E+08    8.534E-01    1.233E+30    2.462E+07    2.678E+15    7.843E+03    3.631E-02    5.231E-02     r       2.4
3.924E+08    8.575E-01    1.230E+30    2.475E+07    2.711E+15    7.898E+03    3.628E-02    5.716E-02     r       2.4
3.839E+08    8.655E-01    1.222E+30    2.500E+07    2.777E+15    8.005E+03    3.623E-02    6.804E-02     r       2.4
3.796E+08    8.695E-01    1.217E+30    2.512E+07    2.810E+15    8.058E+03    3.620E-02    7.411E-02     r       2.4
3.711E+08    8.772E-01    1.208E+30    2.536E+07    2.876E+15    8.164E+03    3.615E-02    8.766E-02     r       2.4
3.668E+08    8.809E-01    1.202E+30    2.548E+07    2.909E+15    8.216E+03    3.613E-02    9.517E-02     r       2.4
3.583E+08    8.882E-01    1.190E+30    2.572E+07    2.974E+15    8.319E+03    3.608E-02    1.118E-01     r       2.4
3.541E+08    8.918E-01    1.183E+30    2.584E+07    3.007E+15    8.370E+03    3.606E-02    1.210E-01     r       2.4
3.456E+08    8.987E-01    1.169E+30    2.607E+07    3.072E+15    8.471E+03    3.602E-02    1.413E-01     r       2.4
3.413E+08    9.021E-01    1.161E+30    2.618E+07    3.105E+15    8.521E+03    3.600E-02    1.525E-01     r       2.4
3.328E+08    9.086E-01    1.144E+30    2.641E+07    3.169E+15    8.619E+03    3.596E-02    1.769E-01     r       2.4
3.285E+08    9.118E-01    1.135E+30    2.652E+07    3.201E+15    8.668E+03    3.594E-02    1.902E-01     r       2.4
3.200E+08    9.180E-01    1.115E+30    2.674E+07    3.265E+15    8.763E+03    3.590E-02    2.193E-01     r       2.4
3.158E+08    9.210E-01    1.104E+30    2.684E+07    3.297E+15    8.810E+03    3.588E-02    2.351E-01     r       2.4
3.072E+08    9.267E-01    1.081E+30    2.705E+07    3.359E+15    8.903E+03    3.585E-02    2.693E-01     r       2.4
3.030E+08    9.295E-01    1.068E+30    2.716E+07    3.391E+15    8.949E+03    3.583E-02    2.878E-01     r       2.4
2.945E+08    9.349E-01    1.042E+30    2.736E+07    3.452E+15    9.039E+03    3.580E-02    3.277E-01     r       2.4
2.902E+08    9.375E-01    1.028E+30    2.747E+07    3.483E+15    9.083E+03    3.578E-02    3.491E-01     r       2.4
2.817E+08    9.426E-01    9.983E+29    2.766E+07    3.543E+15    9.170E+03    3.575E-02    3.950E-01     r       2.4
2.774E+08    9.450E-01    9.827E+29    2.776E+07    3.573E+15    9.213E+03    3.574E-02    4.195E-01     r       2.4
2.689E+08    9.496E-01    9.498E+29    2.795E+07    3.632E+15    9.297E+03    3.571E-02    4.718E-01     r       2.4
2.647E+08    9.518E-01    9.325E+29    2.804E+07    3.661E+15    9.338E+03    3.570E-02    4.996E-01     r       2.4
2.561E+08    9.561E-01    8.966E+29    2.823E+07    3.719E+15    9.419E+03    3.567E-02    5.585E-01     r       2.4
2.519E+08    9.582E-01    8.779E+29    2.832E+07    3.747E+15    9.458E+03    3.566E-02    5.896E-01     r       2.4
2.434E+08    9.621E-01    8.391E+29    2.849E+07    3.803E+15    9.536E+03    3.564E-02    6.553E-01     r       2.4
2.391E+08    9.640E-01    8.191E+29    2.858E+07    3.831E+15    9.574E+03    3.562E-02    6.897E-01     r       2.4
2.306E+08    9.675E-01    7.780E+29    2.875E+07    3.885E+15    9.648E+03    3.560E-02    7.620E-01     r       2.4
2.263E+08    9.692E-01    7.569E+29    2.883E+07    3.911E+15    9.684E+03    3.559E-02    7.998E-01     r       2.4
2.242E+08    9.700E-01    7.463E+29    2.887E+07    3.924E+15    9.702E+03    3.559E-02    8.191E-01     r       2.4
2.199E+08    9.717E-01    7.247E+29    2.895E+07    3.950E+15    9.737E+03    3.558E-02    8.584E-01     r       2.4
2.178E+08    9.724E-01    7.139E+29    2.899E+07    3.963E+15    9.754E+03    3.557E-02    8.785E-01     r       2.4
2.136E+08    9.740E-01    6.920E+29    2.907E+07    3.988E+15    9.789E+03    3.556E-02    9.194E-01     r       2.4
2.114E+08    9.747E-01    6.810E+29    2.910E+07    4.001E+15    9.806E+03    3.556E-02    9.402E-01     r       2.4
2.072E+08    9.762E-01    6.589E+29    2.918E+07    4.026E+15    9.839E+03    3.555E-02    9.825E-01     r       2.4
2.050E+08    9.769E-01    6.478E+29    2.922E+07    4.038E+15    9.855E+03    3.554E-02    1.004E+00     r       2.4
2.008E+08    9.782E-01    6.255E+29    2.929E+07    4.062E+15    9.888E+03    3.553E-02    1.048E+00     r       2.4
1.987E+08    9.789E-01    6.143E+29    2.933E+07    4.075E+15    9.904E+03    3.553E-02    1.070E+00     r       2.4
1.944E+08    9.802E-01    5.919E+29    2.940E+07    4.098E+15    9.936E+03    3.552E-02    1.115E+00     r       2.4
1.923E+08    9.808E-01    5.807E+29    2.943E+07    4.110E+15    9.951E+03    3.551E-02    1.138E+00     r       2.4
1.880E+08    9.820E-01    5.583E+29    2.950E+07    4.133E+15    9.982E+03    3.551E-02    1.184E+00     r       2.4
1.859E+08    9.826E-01    5.472E+29    2.954E+07    4.145E+15    9.997E+03    3.550E-02    1.207E+00     r       2.4
1.816E+08    9.837E-01    5.249E+29    2.961E+07    4.167E+15    1.003E+04    3.549E-02    1.255E+00     r       2.4
1.795E+08    9.843E-01    5.138E+29    2.964E+07    4.178E+15    1.004E+04    3.549E-02    1.279E+00     r       2.4
1.752E+08    9.854E-01    4.918E+29    2.970E+07    4.200E+15    1.007E+04    3.548E-02    1.327E+00     r       2.4
1.731E+08    9.859E-01    4.808E+29    2.974E+07    4.211E+15    1.008E+04    3.548E-02    1.351E+00     r       2.4
1.689E+08    9.869E-01    4.591E+29    2.980E+07    4.232E+15    1.011E+04    3.547E-02    1.400E+00     r       2.4
1.667E+08    9.873E-01    4.483E+29    2.983E+07    4.243E+15    1.013E+04    3.547E-02    1.425E+00     r       2.4
1.625E+08    9.883E-01    4.270E+29    2.989E+07    4.263E+15    1.015E+04    3.546E-02    1.475E+00     r       2.4
1.603E+08    9.887E-01    4.165E+29    2.992E+07    4.274E+15    1.017E+04    3.546E-02    1.500E+00     r       2.4
1.561E+08    9.896E-01    3.957E+29    2.998E+07    4.293E+15    1.019E+04    3.545E-02    1.550E+00     r       2.4
1.540E+08    9.900E-01    3.854E+29    3.001E+07    4.303E+15    1.020E+04    3.545E-02    1.575E+00     r       2.4
1.497E+08    9.908E-01    3.653E+29    3.006E+07    4.323E+15    1.023E+04    3.544E-02    1.626E+00     r       2.4
1.476E+08    9.912E-01    3.554E+29    3.009E+07    4.332E+15    1.024E+04    3.544E-02    1.651E+00     r       2.4
1.433E+08    9.919E-01    3.359E+29    3.015E+07    4.351E+15    1.027E+04    3.543E-02    1.701E+00     r       2.4
1.412E+08    9.922E-01    3.264E+29    3.017E+07    4.360E+15    1.028E+04    3.543E-02    1.727E+00     r       2.4
1.369E+08    9.929E-01    3.077E+29    3.022E+07    4.378E+15    1.030E+04    3.542E-02    1.777E+00     r       2.4
1.348E+08    9.932E-01    2.986E+29    3.025E+07    4.386E+15    1.031E+04    3.542E-02    1.802E+00     r       2.4
1.305E+08    9.938E-01    2.809E+29    3.030E+07    4.404E+15    1.033E+04    3.541E-02    1.853E+00     r       2.4
1.284E+08    9.941E-01    2.722E+29    3.032E+07    4.412E+15    1.034E+04    3.541E-02    1.878E+00     r       2.4
1.241E+08    9.947E-01    2.554E+29    3.037E+07    4.428E+15    1.037E+04    3.541E-02    1.928E+00     r       2.4
1.220E+08    9.949E-01    2.473E+29    3.039E+07    4.436E+15    1.038E+04    3.540E-02    1.952E+00     r       2.4
1.178E+08    9.954E-01    2.315E+29    3.044E+07    4.452E+15    1.040E+04    3.540E-02    2.002E+00     r       2.4
1.156E+08    9.957E-01    2.238E+29    3.046E+07    4.460E+15    1.041E+04    3.540E-02    2.026E+00     r       2.4
1.146E+08    9.958E-01    2.201E+29    3.047E+07    4.464E+15    1.041E+04    3.539E-02    2.038E+00     r       2.4
1.124E+08    9.960E-01    2.127E+29    3.049E+07    4.471E+15    1.042E+04    3.539E-02    2.062E+00     r       2.4
1.114E+08    9.961E-01    2.091E+29    3.050E+07    4.475E+15    1.042E+04    3.539E-02    2.074E+00     r       2.4
1.092E+08    9.963E-01    2.020E+29    3.052E+07    4.482E+15    1.043E+04    3.539E-02    2.098E+00     r       2.4
1.082E+08    9.964E-01    1.986E+29    3.054E+07    4.486E+15    1.044E+04    3.539E-02    2.110E+00     r       2.4
1.060E+08    9.967E-01    1.918E+29    3.056E+07    4.493E+15    1.045E+04    3.539E-02    2.134E+00     r       2.4
1.050E+08    9.967E-01    1.884E+29    3.057E+07    4.496E+15    1.045E+04    3.538E-02    2.145E+00     r       2.4
1.029E+08    9.969E-01    1.819E+29    3.059E+07    4.503E+15    1.046E+04    3.538E-02    2.169E+00     r       2.4
1.018E+08    9.970E-01    1.787E+29    3.060E+07    4.506E+15    1.046E+04    3.538E-02    2.180E+00     r       2.4
9.966E+07    9.972E-01    1.725E+29    3.061E+07    4.513E+15    1.047E+04    3.538E-02    2.203E+00     r       2.4
9.860E+07    9.973E-01    1.695E+29    3.062E+07    4.517E+15    1.048E+04    3.538E-02    2.214E+00     r       2.4
9.647E+07    9.975E-01    1.635E+29    3.064E+07    4.523E+15    1.049E+04    3.538E-02    2.237E+00     r       2.4
9.540E+07    9.975E-01    1.606E+29    3.065E+07    4.526E+15    1.049E+04    3.538E-02    2.248E+00     r       2.4
9.328E+07    9.977E-01    1.550E+29    3.067E+07    4.533E+15    1.050E+04    3.537E-02    2.270E+00     r       2.4
9.221E+07    9.978E-01    1.522E+29    3.068E+07    4.536E+15    1.050E+04    3.537E-02    2.281E+00     r       2.4
9.008E+07    9.979E-01    1.469E+29    3.070E+07    4.542E+15    1.051E+04    3.537E-02    2.303E+00     r       2.4
8.902E+07    9.980E-01    1.443E+29    3.070E+07    4.545E+15    1.051E+04    3.537E-02    2.314E+00     r       2.4
8.689E+07    9.981E-01    1.392E+29    3.072E+07    4.551E+15    1.052E+04    3.537E-02    2.335E+00     r       2.4
8.582E+07    9.982E-01    1.368E+29    3.073E+07    4.554E+15    1.052E+04    3.537E-02    2.346E+00     r       2.4
8.369E+07    9.983E-01    1.320E+29    3.075E+07    4.560E+15    1.053E+04    3.537E-02    2.367E+00     r       2.4
8.263E+07    9.984E-01    1.297E+29    3.075E+07    4.562E+15    1.053E+04    3.536E-02    2.377E+00     r       2.4
8.050E+07    9.985E-01    1.252E+29    3.077E+07    4.568E+15    1.054E+04    3.536E-02    2.398E+00     r       2.4
7.944E+07    9.986E-01    1.230E+29    3.078E+07    4.571E+15    1.055E+04    3.536E-02    2.408E+00     r       2.4
7.731E+07    9.987E-01    1.189E+29    3.079E+07    4.576E+15    1.055E+04    3.536E-02    2.428E+00     r       2.4
7.624E+07    9.987E-01    1.168E+29    3.080E+07    4.579E+15    1.056E+04    3.536E-02    2.438E+00     r       2.4
7.411E+07    9.988E-01    1.129E+29    3.081E+07    4.584E+15    1.056E+04    3.536E-02    2.457E+00     r       2.4
7.305E+07    9.989E-01    1.110E+29    3.082E+07    4.586E+15    1.057E+04    3.536E-02    2.467E+00     r       2.4
7.092E+07    9.990E-01    1.074E+29    3.084E+07    4.591E+15    1.057E+04    3.536E-02    2.486E+00     r       2.4
6.986E+07    9.990E-01    1.057E+29    3.084E+07    4.594E+15    1.057E+04    3.536E-02    2.495E+00     r       2.4
6.773E+07    9.991E-01    1.023E+29    3.086E+07    4.599E+15    1.058E+04    3.535E-02    2.513E+00     r       2.4
6.666E+07    9.991E-01    1.007E+29    3.086E+07    4.601E+15    1.058E+04    3.535E-02    2.522E+00     r       2.4
6.453E+07    9.992E-01    9.762E+28    3.088E+07    4.606E+15    1.059E+04    3.535E-02    2.540E+00     r       2.4
6.347E+07    9.992E-01    9.614E+28    3.088E+07    4.608E+15    1.059E+04    3.535E-02    2.549E+00     r       2.4
6.134E+07    9.993E-01    9.332E+28    3.090E+07    4.612E+15    1.060E+04    3.535E-02    2.566E+00     r       2.4
6.028E+07    9.993E-01    9.197E+28    3.090E+07    4.615E+15    1.060E+04    3.535E-02    2.575E+00     r       2.4
5.815E+07    9.994E-01    8.940E+28    3.091E+07    4.619E+15    1.061E+04    3.535E-02    2.591E+00     r       2.4
5.708E+07    9.994E-01    8.818E+28    3.092E+07    4.621E+15    1.061E+04    3.535E-02    2.600E+00     r       2.4
5.495E+07    9.995E-01    8.586E+28    3.093E+07    4.625E+15    1.061E+04    3.535E-02    2.616E+00     r       2.4
5.389E+07    9.995E-01    8.476E+28    3.094E+07    4.627E+15    1.062E+04    3.535E-02    2.624E+00     r       2.4
5.336E+07    9.995E-01    8.422E+28    3.094E+07    4.628E+15    1.062E+04    3.535E-02    2.628E+00     r       2.4
5.229E+07    9.996E-01    8.318E+28    3.094E+07    4.630E+15    1.062E+04    3.534E-02    2.635E+00     r       2.4
5.176E+07    9.996E-01    8.267E+28    3.095E+07    4.631E+15    1.062E+04    3.534E-02    2.639E+00     r       2.4
5.070E+07    9.996E-01    8.169E+28    3.095E+07    4.633E+15    1.062E+04    3.534E-02    2.647E+00     r       2.4
5.016E+07    9.996E-01    8.121E+28    3.096E+07    4.634E+15    1.062E+04    3.534E-02    2.651E+00     r       2.4
4.910E+07    9.996E-01    8.028E+28    3.096E+07    4.636E+15    1.063E+04    3.534E-02    2.658E+00     r       2.4
4.857E+07    9.996E-01    7.983E+28    3.096E+07    4.637E+15    1.063E+04    3.534E-02    2.662E+00     r       2.4
4.750E+07    9.997E-01    7.895E+28    3.097E+07    4.638E+15    1.063E+04    3.534E-02    2.669E+00     r       2.4
4.697E+07    9.997E-01    7.853E+28    3.097E+07    4.639E+15    1.063E+04    3.534E-02    2.673E+00     r       2.4
4.591E+07    9.997E-01    7.771E+28    3.098E+07    4.641E+15    1.063E+04    3.534E-02    2.680E+00     r       2.4
4.537E+07    9.997E-01    7.731E+28    3.098E+07    4.642E+15    1.063E+04    3.534E-02    2.684E+00     r       2.4
4.431E+07    9.997E-01    7.654E+28    3.098E+07    4.644E+15    1.064E+04    3.534E-02    2.691E+00     r       2.4
4.378E+07    9.997E-01    7.617E+28    3.099E+07    4.645E+15    1.064E+04    3.534E-02    2.695E+00     r       2.4
4.271E+07    9.997E-01    7.545E+28    3.099E+07    4.646E+15    1.064E+04    3.534E-02    2.702E+00     r       2.4
4.218E+07    9.997E-01    7.511E+28    3.099E+07    4.647E+15    1.064E+04    3.534E-02    2.705E+00     r       2.4
4.112E+07    9.998E-01    7.444E+28    3.100E+07    4.649E+15    1.064E+04    3.534E-02    2.712E+00     r       2.4
4.058E+07    9.998E-01    7.411E+28    3.100E+07    4.650E+15    1.064E+04    3.534E-02    2.715E+00     r       2.4
3.952E+07    9.998E-01    7.349E+28    3.101E+07    4.651E+15    1.065E+04    3.534E-02    2.722E+00     r       2.4
3.899E+07    9.998E-01    7.319E+28    3.101E+07    4.652E+15    1.065E+04    3.534E-02    2.726E+00     r       2.4
3.792E+07    9.998E-01    7.262E+28    3.101E+07    4.654E+15    1.065E+04    3.534E-02    2.732E+00     r       2.4
3.739E+07    9.998E-01    7.234E+28    3.101E+07    4.655E+15    1.065E+04    3.534E-02    2.736E+00     r       2.4
3.633E+07    9.998E-01    7.181E+28    3.102E+07    4.656E+15    1.065E+04    3.534E-02    2.742E+00     r       2.4
3.579E+07    9.998E-01    7.156E+28    3.102E+07    4.657E+15    1.065E+04    3.534E-02    2.746E+00     r       2.4
3.473E+07    9.998E-01    7.107E+28    3.103E+07    4.659E+15    1.066E+04    3.534E-02    2.752E+00     r       2.4
3.420E+07    9.998E-01    7.084E+28    3.103E+07    4.659E+15    1.066E+04    3.534E-02    2.756E+00     r       2.4
3.313E+07    9.999E-01    7.039E+28    3.103E+07    4.661E+15    1.066E+04    3.534E-02    2.762E+00     r       2.4
3.260E+07    9.999E-01    7.018E+28    3.103E+07    4.662E+15    1.066E+04    3.534E-02    2.765E+00     r       2.4
3.154E+07    9.999E-01    6.977E+28    3.104E+07    4.663E+15    1.066E+04    3.533E-02    2.772E+00     r       2.4
3.100E+07    9.999E-01    6.958E+28    3.104E+07    4.664E+15    1.066E+04    3.533E-02    2.775E+00     r       2.4
2.994E+07    9.999E-01    6.921E+28    3.105E+07    4.666E+15    1.066E+04    3.533E-02    2.782E+00     r       2.4
2.941E+07    9.999E-01    6.904E+28    3.105E+07    4.667E+15    1.066E+04    3.533E-02    2.785E+00     r       2.4
2.834E+07    9.999E-01    6.871E+28    3.105E+07    4.668E+15    1.067E+04    3.533E-02    2.792E+00     r       2.4
2.781E+07    9.999E-01    6.855E+28    3.105E+07    4.669E+15    1.067E+04    3.533E-02    2.795E+00     r       2.4
2.675E+07    9.999E-01    6.825E+28    3.106E+07    4.671E+15    1.067E+04    3.533E-02    2.802E+00     r       2.4
2.621E+07    9.999E-01    6.811E+28    3.106E+07    4.671E+15    1.067E+04    3.533E-02    2.805E+00     r       2.4
2.515E+07    9.999E-01    6.785E+28    3.107E+07    4.673E+15    1.067E+04    3.533E-02    2.812E+00     r       2.4
2.462E+07    9.999E-01    6.772E+28    3.107E+07    4.674E+15    1.067E+04    3.533E-02    2.816E+00     r       2.4
2.355E+07    9.999E-01    6.749E+28    3.107E+07    4.675E+15    1.068E+04    3.533E-02    2.823E+00     r       2.4
2.302E+07    9.999E-01    6.738E+28    3.108E+07    4.676E+15    1.068E+04    3.533E-02    2.826E+00     r       2.4
2.195E+07    9.999E-01    6.718E+28    3.108E+07    4.678E+15    1.068E+04    3.533E-02    2.834E+00     r       2.4
2.142E+07    9.999E-01    6.708E+28    3.108E+07    4.679E+15    1.068E+04    3.533E-02    2.838E+00     r       2.4
2.036E+07    9.999E-01    6.690E+28    3.109E+07    4.681E+15    1.068E+04    3.533E-02    2.845E+00     r       2.4
