   r        Qm       L_r       T        P        rho      kap      eps     fl   dlnPdlnT
2.439E+09    0.000E+00    2.490E+30    2.768E+04    3.501E+03    0.000E+00    4.247E-02    0.000E+00     *      99.9
2.437E+09    2.309E-14    2.490E+30    9.574E+03    2.443E+00    2.528E-09    1.788E-01    4.916E-78     r       2.1
2.435E+09    2.167E-13    2.490E+30    2.588E+04    1.400E+01    4.042E-08    7.498E-02    1.300E-57     c       1.5
2.433E+09    4.615E-13    2.490E+30    2.998E+04    2.866E+01    7.142E-08    7.263E-02    4.919E-55     r       4.7
2.433E+09    6.556E-13    2.490E+30    3.000E+04    4.029E+01    1.003E-07    8.462E-02    7.051E-55     *      99.9
2.432E+09    7.803E-13    2.490E+30    3.001E+04    4.777E+01    1.189E-07    9.192E-02    8.477E-55     *      99.9
2.432E+09    8.510E-13    2.490E+30    3.002E+04    5.202E+01    1.295E-07    9.594E-02    9.308E-55     *      99.9
2.432E+09    8.886E-13    2.490E+30    3.002E+04    5.428E+01    1.351E-07    9.805E-02    9.758E-55     *      99.9
2.432E+09    9.690E-13    2.490E+30    3.003E+04    5.911E+01    1.470E-07    1.025E-01    1.073E-54     *      99.9
2.432E+09    1.012E-12    2.490E+30    3.004E+04    6.168E+01    1.534E-07    1.048E-01    1.126E-54     *      99.9
2.432E+09    1.103E-12    2.490E+30    3.005E+04    6.715E+01    1.670E-07    1.097E-01    1.242E-54     *      99.9
2.432E+09    1.152E-12    2.490E+30    3.005E+04    7.007E+01    1.742E-07    1.122E-01    1.304E-54     *      99.9
2.432E+09    1.255E-12    2.490E+30    3.006E+04    7.629E+01    1.896E-07    1.176E-01    1.441E-54     *      99.9
2.432E+09    1.310E-12    2.490E+30    3.007E+04    7.961E+01    1.978E-07    1.204E-01    1.517E-54     *      99.9
2.431E+09    1.428E-12    2.490E+30    3.009E+04    8.667E+01    2.152E-07    1.263E-01    1.681E-54     *      99.9
2.431E+09    1.490E-12    2.490E+30    3.010E+04    9.043E+01    2.245E-07    1.293E-01    1.772E-54     *      99.9
2.431E+09    1.624E-12    2.490E+30    3.012E+04    9.845E+01    2.442E-07    1.358E-01    1.972E-54     *      99.9
2.431E+09    1.695E-12    2.490E+30    3.013E+04    1.027E+02    2.547E-07    1.391E-01    2.083E-54     *      99.9
2.431E+09    1.846E-12    2.490E+30    3.015E+04    1.118E+02    2.771E-07    1.462E-01    2.329E-54     *      99.9
2.431E+09    1.927E-12    2.490E+30    3.016E+04    1.167E+02    2.890E-07    1.498E-01    2.466E-54     *      99.1
2.431E+09    2.098E-12    2.490E+30    3.019E+04    1.270E+02    3.142E-07    1.574E-01    2.773E-54     r      89.7
2.431E+09    2.189E-12    2.490E+30    3.021E+04    1.325E+02    3.277E-07    1.614E-01    2.946E-54     r      81.4
2.430E+09    2.384E-12    2.490E+30    3.024E+04    1.442E+02    3.562E-07    1.697E-01    3.336E-54     r      73.8
2.430E+09    2.487E-12    2.490E+30    3.026E+04    1.504E+02    3.714E-07    1.740E-01    3.556E-54     r      67.0
2.430E+09    2.708E-12    2.490E+30    3.030E+04    1.637E+02    4.036E-07    1.829E-01    4.060E-54     r      60.8
2.430E+09    2.825E-12    2.490E+30    3.033E+04    1.708E+02    4.207E-07    1.875E-01    4.348E-54     r      55.2
2.430E+09    3.074E-12    2.490E+30    3.038E+04    1.858E+02    4.569E-07    1.971E-01    5.013E-54     r      50.1
2.430E+09    3.207E-12    2.490E+30    3.040E+04    1.938E+02    4.761E-07    2.020E-01    5.398E-54     r      45.6
2.430E+09    3.489E-12    2.490E+30    3.047E+04    2.108E+02    5.169E-07    2.121E-01    6.296E-54     r      41.5
2.430E+09    3.614E-12    2.490E+30    3.049E+04    2.183E+02    5.370E-10    3.473E-02    6.757E-57     r      38.1
2.430E+09    3.614E-12    2.490E+30    3.049E+04    2.183E+02    5.832E-10    3.478E-02    7.338E-57     *      99.9
2.429E+09    3.615E-12    2.490E+30    3.049E+04    2.184E+02    6.878E-10    3.489E-02    8.656E-57     *      99.9
2.429E+09    3.617E-12    2.490E+30    3.049E+04    2.185E+02    9.570E-10    3.515E-02    1.204E-56     *      99.9
2.427E+09    3.623E-12    2.490E+30    3.049E+04    2.188E+02    1.852E-09    3.596E-02    2.331E-56     *      99.9
2.425E+09    3.657E-12    2.490E+30    3.050E+04    2.209E+02    6.870E-09    3.959E-02    8.662E-56     *      99.9
2.420E+09    4.185E-12    2.490E+30    3.053E+04    2.532E+02    8.336E-08    7.503E-02    1.093E-54     *      99.9
2.418E+09    5.693E-12    2.490E+30    3.071E+04    3.457E+02    2.954E-07    1.447E-01    4.766E-54     r      52.7
2.416E+09    7.521E-12    2.490E+30    3.104E+04    4.583E+02    5.392E-07    2.065E-01    1.274E-53     r      25.8
2.416E+09    8.926E-12    2.490E+30    3.136E+04    5.449E+02    7.169E-07    2.432E-01    2.422E-53     r      17.0
2.416E+09    9.790E-12    2.490E+30    3.158E+04    5.982E+02    8.223E-07    2.620E-01    3.523E-53     r      13.7
2.415E+09    1.027E-11    2.490E+30    3.170E+04    6.277E+02    8.794E-07    2.713E-01    4.315E-53     r      12.4
2.415E+09    1.132E-11    2.490E+30    3.198E+04    6.929E+02    1.003E-06    2.896E-01    6.687E-53     r      11.2
2.415E+09    1.191E-11    2.490E+30    3.214E+04    7.289E+02    1.069E-06    2.985E-01    8.468E-53     r      10.2
2.415E+09    1.221E-11    2.490E+30    3.222E+04    7.477E+02    1.104E-06    3.028E-01    9.570E-53     r       9.8
2.415E+09    1.285E-11    2.490E+30    3.240E+04    7.873E+02    1.175E-06    3.112E-01    1.233E-52     r       9.4
2.415E+09    1.319E-11    2.490E+30    3.249E+04    8.080E+02    1.211E-06    3.153E-01    1.405E-52     r       9.0
2.414E+09    1.389E-11    2.490E+30    3.269E+04    8.513E+02    1.287E-06    3.231E-01    1.842E-52     r       8.6
2.414E+09    1.425E-11    2.490E+30    3.279E+04    8.740E+02    1.327E-06    3.269E-01    2.118E-52     r       8.3
2.414E+09    1.502E-11    2.490E+30    3.301E+04    9.215E+02    1.408E-06    3.341E-01    2.823E-52     r       8.0
2.414E+09    1.542E-11    2.490E+30    3.312E+04    9.463E+02    1.449E-06    3.375E-01    3.272E-52     r       7.7
2.414E+09    1.626E-11    2.490E+30    3.336E+04    9.981E+02    1.535E-06    3.440E-01    4.430E-52     r       7.5
2.414E+09    1.670E-11    2.490E+30    3.348E+04    1.025E+03    1.580E-06    3.471E-01    5.175E-52     r       7.2
2.414E+09    1.761E-11    2.490E+30    3.374E+04    1.082E+03    1.671E-06    3.529E-01    7.110E-52     r       7.0
2.414E+09    1.809E-11    2.490E+30    3.387E+04    1.111E+03    1.718E-06    3.555E-01    8.363E-52     r       6.8
2.414E+09    1.908E-11    2.490E+30    3.415E+04    1.172E+03    1.814E-06    3.605E-01    1.164E-51     r       6.6
2.413E+09    1.959E-11    2.490E+30    3.429E+04    1.204E+03    1.864E-06    3.628E-01    1.378E-51     r       6.5
2.413E+09    2.067E-11    2.490E+30    3.459E+04    1.271E+03    1.965E-06    3.670E-01    1.941E-51     r       6.3
2.413E+09    2.122E-11    2.490E+30    3.474E+04    1.305E+03    2.018E-06    3.690E-01    2.309E-51     r       6.2
2.413E+09    2.239E-11    2.490E+30    3.505E+04    1.377E+03    2.125E-06    3.725E-01    3.285E-51     r       6.0
2.413E+09    2.299E-11    2.490E+30    3.521E+04    1.415E+03    2.180E-06    3.740E-01    3.926E-51     r       5.9
2.413E+09    2.424E-11    2.490E+30    3.553E+04    1.492E+03    2.293E-06    3.768E-01    5.629E-51     r       5.8
2.413E+09    2.489E-11    2.490E+30    3.570E+04    1.533E+03    2.351E-06    3.781E-01    6.752E-51     r       5.7
2.413E+09    2.625E-11    2.490E+30    3.604E+04    1.617E+03    2.469E-06    3.802E-01    9.743E-51     r       5.6
2.413E+09    2.695E-11    2.490E+30    3.621E+04    1.660E+03    2.530E-06    3.812E-01    1.172E-50     r       5.5
2.412E+09    2.840E-11    2.490E+30    3.656E+04    1.750E+03    2.655E-06    3.828E-01    1.699E-50     r       5.5
2.412E+09    2.915E-11    2.490E+30    3.674E+04    1.797E+03    2.719E-06    3.835E-01    2.047E-50     r       5.4
2.412E+09    3.071E-11    2.490E+30    3.711E+04    1.894E+03    2.850E-06    3.845E-01    2.977E-50     r       5.3
2.412E+09    3.152E-11    2.490E+30    3.729E+04    1.944E+03    2.917E-06    3.850E-01    3.592E-50     r       5.3
2.412E+09    3.319E-11    2.490E+30    3.767E+04    2.048E+03    3.054E-06    3.856E-01    5.234E-50     r       5.2
2.412E+09    3.406E-11    2.490E+30    3.786E+04    2.101E+03    3.125E-06    3.858E-01    6.319E-50     r       5.1
2.412E+09    3.585E-11    2.490E+30    3.824E+04    2.213E+03    3.269E-06    3.861E-01    9.212E-50     r       5.1
2.412E+09    3.678E-11    2.490E+30    3.844E+04    2.270E+03    3.342E-06    3.861E-01    1.112E-49     r       5.1
2.412E+09    3.869E-11    2.490E+30    3.883E+04    2.389E+03    3.493E-06    3.861E-01    1.621E-49     r       5.0
2.411E+09    3.968E-11    2.490E+30    3.903E+04    2.451E+03    3.571E-06    3.859E-01    1.956E-49     r       5.0
2.411E+09    4.172E-11    2.490E+30    3.943E+04    2.578E+03    3.729E-06    3.856E-01    2.846E-49     r       4.9
2.411E+09    4.278E-11    2.490E+30    3.963E+04    2.643E+03    3.810E-06    3.853E-01    3.432E-49     r       4.9
2.411E+09    4.496E-11    2.490E+30    4.004E+04    2.779E+03    3.975E-06    3.847E-01    4.984E-49     r       4.9
2.411E+09    4.608E-11    2.490E+30    4.024E+04    2.849E+03    4.060E-06    3.844E-01    6.003E-49     r       4.9
2.411E+09    4.841E-11    2.490E+30    4.066E+04    2.993E+03    4.233E-06    3.836E-01    8.694E-49     r       4.8
2.411E+09    4.960E-11    2.490E+30    4.087E+04    3.067E+03    4.322E-06    3.831E-01    1.046E-48     r       4.8
2.411E+09    5.207E-11    2.490E+30    4.128E+04    3.221E+03    4.503E-06    3.822E-01    1.509E-48     r       4.8
2.411E+09    5.335E-11    2.490E+30    4.150E+04    3.300E+03    4.596E-06    3.816E-01    1.812E-48     r       4.8
2.410E+09    5.597E-11    2.490E+30    4.192E+04    3.464E+03    4.785E-06    3.805E-01    2.607E-48     r       4.8
2.410E+09    6.154E-11    2.490E+30    4.277E+04    3.811E+03    5.181E-06    3.781E-01    5.352E-48     r       4.7
2.410E+09    6.450E-11    2.490E+30    4.321E+04    3.995E+03    5.388E-06    3.768E-01    7.636E-48     r       4.7
2.410E+09    7.077E-11    2.490E+30    4.408E+04    4.385E+03    5.819E-06    3.740E-01    1.541E-47     r       4.7
2.409E+09    7.408E-11    2.490E+30    4.452E+04    4.592E+03    6.044E-06    3.726E-01    2.179E-47     r       4.7
2.409E+09    8.110E-11    2.490E+30    4.540E+04    5.030E+03    6.514E-06    3.697E-01    4.318E-47     r       4.6
2.409E+09    8.481E-11    2.490E+30    4.584E+04    5.261E+03    6.759E-06    3.681E-01    6.049E-47     r       4.6
2.409E+09    9.265E-11    2.490E+30    4.673E+04    5.750E+03    7.269E-06    3.651E-01    1.176E-46     r       4.6
2.409E+09    9.679E-11    2.490E+30    4.718E+04    6.008E+03    7.534E-06    3.635E-01    1.632E-46     r       4.6
2.408E+09    1.055E-10    2.490E+30    4.808E+04    6.553E+03    8.087E-06    3.604E-01    3.115E-46     r       4.6
2.408E+09    1.101E-10    2.490E+30    4.854E+04    6.840E+03    8.375E-06    3.589E-01    4.282E-46     r       4.6
2.408E+09    1.198E-10    2.490E+30    4.944E+04    7.446E+03    8.973E-06    3.558E-01    8.020E-46     r       4.6
2.408E+09    1.249E-10    2.490E+30    4.990E+04    7.764E+03    9.283E-06    3.542E-01    1.093E-45     r       4.6
2.407E+09    1.356E-10    2.490E+30    5.081E+04    8.435E+03    9.929E-06    3.512E-01    2.009E-45     r       4.6
2.407E+09    1.412E-10    2.490E+30    5.127E+04    8.788E+03    1.026E-05    3.496E-01    2.712E-45     r       4.6
2.407E+09    1.531E-10    2.490E+30    5.219E+04    9.529E+03    1.096E-05    3.466E-01    4.900E-45     r       4.6
2.407E+09    1.593E-10    2.490E+30    5.265E+04    9.918E+03    1.132E-05    3.451E-01    6.558E-45     r       4.5
2.406E+09    1.724E-10    2.490E+30    5.358E+04    1.074E+04    1.207E-05    3.421E-01    1.165E-44     r       4.5
2.406E+09    1.792E-10    2.490E+30    5.404E+04    1.116E+04    1.246E-05    3.406E-01    1.546E-44     r       4.5
2.406E+09    1.935E-10    2.490E+30    5.497E+04    1.206E+04    1.326E-05    3.377E-01    2.701E-44     r       4.5
2.406E+09    2.010E-10    2.490E+30    5.544E+04    1.253E+04    1.368E-05    3.363E-01    3.556E-44     r       4.5
2.405E+09    2.168E-10    2.490E+30    5.637E+04    1.352E+04    1.454E-05    3.335E-01    6.115E-44     r       4.5
2.405E+09    2.250E-10    2.490E+30    5.684E+04    1.404E+04    1.499E-05    3.321E-01    7.989E-44     r       4.5
2.405E+09    2.422E-10    2.490E+30    5.778E+04    1.512E+04    1.591E-05    3.293E-01    1.353E-43     r       4.5
2.405E+09    2.512E-10    2.490E+30    5.825E+04    1.568E+04    1.639E-05    3.279E-01    1.755E-43     r       4.5
2.405E+09    2.700E-10    2.490E+30    5.919E+04    1.686E+04    1.738E-05    3.253E-01    2.930E-43     r       4.5
2.404E+09    2.798E-10    2.490E+30    5.966E+04    1.748E+04    1.789E-05    3.239E-01    3.772E-43     r       4.5
2.404E+09    3.004E-10    2.490E+30    6.060E+04    1.877E+04    1.895E-05    3.213E-01    6.211E-43     r       4.5
2.404E+09    3.111E-10    2.490E+30    6.108E+04    1.944E+04    1.949E-05    3.200E-01    7.942E-43     r       4.5
2.404E+09    3.334E-10    2.490E+30    6.202E+04    2.085E+04    2.062E-05    3.175E-01    1.290E-42     r       4.5
2.404E+09    3.450E-10    2.490E+30    6.250E+04    2.158E+04    2.120E-05    3.162E-01    1.639E-42     r       4.5
2.403E+09    3.693E-10    2.490E+30    6.345E+04    2.311E+04    2.240E-05    3.138E-01    2.630E-42     r       4.5
2.403E+09    3.819E-10    2.490E+30    6.393E+04    2.390E+04    2.301E-05    3.126E-01    3.321E-42     r       4.5
2.403E+09    4.082E-10    2.490E+30    6.488E+04    2.556E+04    2.429E-05    3.102E-01    5.262E-42     r       4.5
2.403E+09    4.219E-10    2.490E+30    6.536E+04    2.642E+04    2.495E-05    3.090E-01    6.604E-42     r       4.5
2.402E+09    4.504E-10    2.490E+30    6.631E+04    2.822E+04    2.630E-05    3.067E-01    1.034E-41     r       4.5
2.402E+09    4.652E-10    2.490E+30    6.679E+04    2.916E+04    2.700E-05    3.055E-01    1.291E-41     r       4.5
2.402E+09    4.960E-10    2.490E+30    6.775E+04    3.110E+04    2.843E-05    3.033E-01    1.999E-41     r       4.5
2.402E+09    5.120E-10    2.490E+30    6.823E+04    3.211E+04    2.917E-05    3.021E-01    2.481E-41     r       4.5
2.401E+09    5.452E-10    2.490E+30    6.919E+04    3.421E+04    3.069E-05    2.999E-01    3.802E-41     r       4.5
2.401E+09    5.625E-10    2.490E+30    6.968E+04    3.530E+04    3.148E-05    2.989E-01    4.694E-41     r       4.5
2.401E+09    5.983E-10    2.490E+30    7.064E+04    3.757E+04    3.309E-05    2.967E-01    7.118E-41     r       4.5
2.401E+09    6.169E-10    2.490E+30    7.112E+04    3.874E+04    3.392E-05    2.957E-01    8.744E-41     r       4.5
2.400E+09    6.555E-10    2.490E+30    7.209E+04    4.119E+04    3.562E-05    2.936E-01    1.313E-40     r       4.5
2.400E+09    6.755E-10    2.490E+30    7.258E+04    4.245E+04    3.650E-05    2.926E-01    1.605E-40     r       4.5
2.400E+09    7.170E-10    2.490E+30    7.354E+04    4.508E+04    3.830E-05    2.905E-01    2.387E-40     r       4.5
2.400E+09    7.385E-10    2.490E+30    7.403E+04    4.644E+04    3.922E-05    2.895E-01    2.905E-40     r       4.5
2.400E+09    7.831E-10    2.490E+30    7.500E+04    4.926E+04    4.112E-05    2.876E-01    4.281E-40     r       4.5
2.399E+09    8.062E-10    2.490E+30    7.549E+04    5.073E+04    4.210E-05    2.866E-01    5.186E-40     r       4.5
2.399E+09    8.540E-10    2.490E+30    7.646E+04    5.376E+04    4.410E-05    2.847E-01    7.576E-40     r       4.5
2.399E+09    8.787E-10    2.490E+30    7.695E+04    5.533E+04    4.513E-05    2.837E-01    9.138E-40     r       4.5
2.399E+09    9.299E-10    2.490E+30    7.793E+04    5.857E+04    4.724E-05    2.819E-01    1.324E-39     r       4.5
2.398E+09    9.564E-10    2.490E+30    7.842E+04    6.025E+04    4.832E-05    2.810E-01    1.590E-39     r       4.5
2.398E+09    1.011E-09    2.490E+30    7.939E+04    6.373E+04    5.054E-05    2.791E-01    2.285E-39     r       4.5
2.398E+09    1.039E-09    2.490E+30    7.988E+04    6.553E+04    5.168E-05    2.782E-01    2.733E-39     r       4.5
2.398E+09    1.098E-09    2.490E+30    8.087E+04    6.925E+04    5.401E-05    2.765E-01    3.897E-39     r       4.5
2.398E+09    1.128E-09    2.490E+30    8.136E+04    7.117E+04    5.521E-05    2.756E-01    4.645E-39     r       4.5
2.397E+09    1.191E-09    2.490E+30    8.234E+04    7.515E+04    5.766E-05    2.739E-01    6.572E-39     r       4.5
2.397E+09    1.223E-09    2.490E+30    8.283E+04    7.720E+04    5.892E-05    2.730E-01    7.804E-39     r       4.5
2.397E+09    1.290E-09    2.490E+30    8.382E+04    8.144E+04    6.150E-05    2.713E-01    1.096E-38     r       4.5
2.397E+09    1.324E-09    2.490E+30    8.431E+04    8.363E+04    6.282E-05    2.705E-01    1.297E-38     r       4.5
2.396E+09    1.395E-09    2.490E+30    8.530E+04    8.815E+04    6.552E-05    2.689E-01    1.809E-38     r       4.5
2.396E+09    1.432E-09    2.490E+30    8.579E+04    9.049E+04    6.690E-05    2.680E-01    2.133E-38     r       4.5
2.396E+09    1.507E-09    2.490E+30    8.678E+04    9.530E+04    6.973E-05    2.664E-01    2.956E-38     r       4.5
2.396E+09    1.546E-09    2.490E+30    8.727E+04    9.779E+04    7.118E-05    2.656E-01    3.474E-38     r       4.5
2.395E+09    1.626E-09    2.490E+30    8.827E+04    1.029E+05    7.415E-05    2.641E-01    4.781E-38     r       4.5
2.395E+09    1.668E-09    2.490E+30    8.876E+04    1.056E+05    7.566E-05    2.633E-01    5.601E-38     r       4.5
2.395E+09    1.753E-09    2.490E+30    8.975E+04    1.110E+05    7.877E-05    2.618E-01    7.662E-38     r       4.5
2.395E+09    1.797E-09    2.490E+30    9.025E+04    1.138E+05    8.036E-05    2.610E-01    8.947E-38     r       4.5
2.395E+09    1.888E-09    2.490E+30    9.125E+04    1.196E+05    8.360E-05    2.595E-01    1.216E-37     r       4.5
2.394E+09    1.934E-09    2.490E+30    9.174E+04    1.226E+05    8.526E-05    2.588E-01    1.416E-37     r       4.5
2.394E+09    2.030E-09    2.490E+30    9.274E+04    1.287E+05    8.866E-05    2.573E-01    1.914E-37     r       4.5
2.394E+09    2.080E-09    2.490E+30    9.324E+04    1.319E+05    9.039E-05    2.566E-01    2.222E-37     r       4.5
2.394E+09    2.181E-09    2.490E+30    9.424E+04    1.384E+05    9.394E-05    2.552E-01    2.986E-37     r       4.5
2.393E+09    2.397E-09    2.490E+30    9.624E+04    1.522E+05    1.013E-04    2.524E-01    5.335E-37     r       4.5
2.393E+09    2.511E-09    2.490E+30    9.724E+04    1.595E+05    1.052E-04    2.510E-01    7.092E-37     r       4.5
2.392E+09    2.752E-09    2.490E+30    9.925E+04    1.749E+05    1.133E-04    2.484E-01    1.240E-36     r       4.5
2.392E+09    2.879E-09    2.490E+30    1.003E+05    1.831E+05    1.174E-04    2.471E-01    1.632E-36     r       4.5
2.391E+09    3.147E-09    2.490E+30    1.023E+05    2.003E+05    1.262E-04    2.445E-01    2.799E-36     r       4.5
2.391E+09    3.288E-09    2.490E+30    1.033E+05    2.094E+05    1.307E-04    2.433E-01    3.649E-36     r       4.5
2.390E+09    3.587E-09    2.490E+30    1.053E+05    2.286E+05    1.402E-04    2.408E-01    6.143E-36     r       4.5
2.390E+09    3.744E-09    2.490E+30    1.063E+05    2.387E+05    1.451E-04    2.396E-01    7.935E-36     r       4.5
2.389E+09    4.074E-09    2.490E+30    1.083E+05    2.600E+05    1.553E-04    2.373E-01    1.313E-35     r       4.5
2.389E+09    4.248E-09    2.490E+30    1.094E+05    2.712E+05    1.606E-04    2.361E-01    1.681E-35     r       4.5
2.388E+09    4.613E-09    2.490E+30    1.114E+05    2.948E+05    1.717E-04    2.339E-01    2.736E-35     r       4.5
2.388E+09    4.805E-09    2.490E+30    1.124E+05    3.071E+05    1.774E-04    2.328E-01    3.476E-35     r       4.5
2.387E+09    5.207E-09    2.490E+30    1.144E+05    3.332E+05    1.892E-04    2.306E-01    5.569E-35     r       4.5
2.387E+09    5.418E-09    2.490E+30    1.155E+05    3.468E+05    1.954E-04    2.295E-01    7.023E-35     r       4.5
2.387E+09    5.861E-09    2.490E+30    1.175E+05    3.755E+05    2.081E-04    2.274E-01    1.109E-34     r       4.5
2.386E+09    6.093E-09    2.490E+30    1.185E+05    3.905E+05    2.148E-04    2.264E-01    1.388E-34     r       4.5
2.386E+09    6.579E-09    2.490E+30    1.206E+05    4.220E+05    2.284E-04    2.244E-01    2.161E-34     r       4.5
2.385E+09    6.833E-09    2.490E+30    1.216E+05    4.385E+05    2.355E-04    2.234E-01    2.688E-34     r       4.5
2.385E+09    7.365E-09    2.490E+30    1.237E+05    4.731E+05    2.501E-04    2.215E-01    4.130E-34     r       4.5
2.384E+09    7.644E-09    2.490E+30    1.247E+05    4.911E+05    2.577E-04    2.205E-01    5.103E-34     r       4.5
2.384E+09    8.225E-09    2.490E+30    1.268E+05    5.289E+05    2.734E-04    2.186E-01    7.743E-34     r       4.5
2.384E+09    8.529E-09    2.490E+30    1.278E+05    5.487E+05    2.815E-04    2.177E-01    9.509E-34     r       4.5
2.383E+09    9.163E-09    2.490E+30    1.299E+05    5.900E+05    2.982E-04    2.159E-01    1.426E-33     r       4.5
2.383E+09    9.494E-09    2.490E+30    1.309E+05    6.116E+05    3.068E-04    2.150E-01    1.741E-33     r       4.5
2.382E+09    1.018E-08    2.490E+30    1.330E+05    6.566E+05    3.246E-04    2.133E-01    2.581E-33     r       4.5
2.382E+09    1.054E-08    2.490E+30    1.340E+05    6.801E+05    3.338E-04    2.124E-01    3.134E-33     r       4.5
2.381E+09    1.129E-08    2.490E+30    1.361E+05    7.291E+05    3.528E-04    2.107E-01    4.596E-33     r       4.5
2.381E+09    1.168E-08    2.490E+30    1.371E+05    7.546E+05    3.625E-04    2.099E-01    5.552E-33     r       4.5
2.380E+09    1.250E-08    2.490E+30    1.392E+05    8.078E+05    3.827E-04    2.083E-01    8.060E-33     r       4.5
2.380E+09    1.292E-08    2.490E+30    1.402E+05    8.355E+05    3.931E-04    2.075E-01    9.686E-33     r       4.5
2.379E+09    1.380E-08    2.490E+30    1.423E+05    8.932E+05    4.145E-04    2.059E-01    1.392E-32     r       4.5
2.379E+09    1.426E-08    2.490E+30    1.434E+05    9.233E+05    4.255E-04    2.051E-01    1.666E-32     r       4.5
2.378E+09    1.521E-08    2.490E+30    1.455E+05    9.858E+05    4.482E-04    2.036E-01    2.372E-32     r       4.5
2.378E+09    1.571E-08    2.490E+30    1.465E+05    1.018E+06    4.599E-04    2.028E-01    2.824E-32     r       4.5
2.377E+09    1.673E-08    2.490E+30    1.486E+05    1.086E+06    4.840E-04    2.014E-01    3.986E-32     r       4.5
2.377E+09    1.727E-08    2.490E+30    1.497E+05    1.121E+06    4.964E-04    2.006E-01    4.726E-32     r       4.5
2.377E+09    1.838E-08    2.490E+30    1.518E+05    1.194E+06    5.218E-04    1.992E-01    6.613E-32     r       4.5
2.376E+09    1.895E-08    2.490E+30    1.528E+05    1.232E+06    5.349E-04    1.985E-01    7.807E-32     r       4.5
2.376E+09    2.014E-08    2.490E+30    1.549E+05    1.310E+06    5.618E-04    1.971E-01    1.084E-31     r       4.5
2.375E+09    2.076E-08    2.490E+30    1.560E+05    1.351E+06    5.756E-04    1.964E-01    1.274E-31     r       4.5
2.375E+09    2.204E-08    2.490E+30    1.581E+05    1.436E+06    6.040E-04    1.950E-01    1.755E-31     r       4.5
2.374E+09    2.271E-08    2.490E+30    1.592E+05    1.480E+06    6.186E-04    1.944E-01    2.055E-31     r       4.5
2.374E+09    2.408E-08    2.490E+30    1.613E+05    1.571E+06    6.486E-04    1.931E-01    2.810E-31     r       4.5
2.373E+09    2.480E-08    2.490E+30    1.623E+05    1.618E+06    6.640E-04    1.924E-01    3.279E-31     r       4.5
2.373E+09    2.627E-08    2.490E+30    1.644E+05    1.716E+06    6.956E-04    1.911E-01    4.450E-31     r       4.5
2.373E+09    2.703E-08    2.490E+30    1.655E+05    1.766E+06    7.118E-04    1.905E-01    5.174E-31     r       4.5
2.372E+09    2.861E-08    2.490E+30    1.676E+05    1.871E+06    7.450E-04    1.893E-01    6.974E-31     r       4.5
2.372E+09    2.943E-08    2.490E+30    1.687E+05    1.925E+06    7.621E-04    1.886E-01    8.082E-31     r       4.5
2.371E+09    3.112E-08    2.490E+30    1.708E+05    2.037E+06    7.971E-04    1.874E-01    1.082E-30     r       4.5
2.371E+09    3.199E-08    2.490E+30    1.719E+05    2.095E+06    8.150E-04    1.868E-01    1.250E-30     r       4.5
2.370E+09    3.379E-08    2.490E+30    1.740E+05    2.215E+06    8.518E-04    1.857E-01    1.663E-30     r       4.5
2.370E+09    3.473E-08    2.490E+30    1.751E+05    2.277E+06    8.706E-04    1.851E-01    1.915E-30     r       4.5
2.369E+09    3.665E-08    2.490E+30    1.772E+05    2.406E+06    9.092E-04    1.839E-01    2.532E-30     r       4.5
2.369E+09    3.764E-08    2.490E+30    1.783E+05    2.472E+06    9.290E-04    1.834E-01    2.907E-30     r       4.5
2.368E+09    3.970E-08    2.490E+30    1.804E+05    2.609E+06    9.695E-04    1.822E-01    3.820E-30     r       4.5
2.368E+09    4.076E-08    2.490E+30    1.815E+05    2.680E+06    9.902E-04    1.817E-01    4.373E-30     r       4.5
2.367E+09    4.294E-08    2.490E+30    1.837E+05    2.826E+06    1.033E-03    1.806E-01    5.715E-30     r       4.5
2.367E+09    4.407E-08    2.490E+30    1.847E+05    2.901E+06    1.054E-03    1.801E-01    6.524E-30     r       4.5
2.366E+09    4.639E-08    2.490E+30    1.869E+05    3.057E+06    1.099E-03    1.790E-01    8.480E-30     r       4.5
2.366E+09    4.759E-08    2.490E+30    1.880E+05    3.137E+06    1.122E-03    1.785E-01    9.654E-30     r       4.5
2.366E+09    5.006E-08    2.490E+30    1.901E+05    3.303E+06    1.168E-03    1.775E-01    1.248E-29     r       4.5
2.365E+09    5.133E-08    2.490E+30    1.912E+05    3.388E+06    1.192E-03    1.769E-01    1.417E-29     r       4.5
2.365E+09    5.395E-08    2.490E+30    1.933E+05    3.564E+06    1.241E-03    1.759E-01    1.823E-29     r       4.5
2.364E+09    5.530E-08    2.490E+30    1.944E+05    3.655E+06    1.266E-03    1.754E-01    2.065E-29     r       4.5
2.364E+09    5.808E-08    2.490E+30    1.966E+05    3.842E+06    1.317E-03    1.745E-01    2.643E-29     r       4.5
2.363E+09    5.951E-08    2.490E+30    1.977E+05    3.938E+06    1.343E-03    1.740E-01    2.986E-29     r       4.5
2.363E+09    6.246E-08    2.490E+30    1.998E+05    4.137E+06    1.396E-03    1.730E-01    3.804E-29     r       4.5
2.362E+09    6.397E-08    2.490E+30    2.009E+05    4.239E+06    1.423E-03    1.725E-01    4.288E-29     r       4.5
2.362E+09    6.709E-08    2.490E+30    2.031E+05    4.449E+06    1.479E-03    1.716E-01    5.437E-29     r       4.5
2.361E+09    7.369E-08    2.490E+30    2.074E+05    4.895E+06    1.595E-03    1.698E-01    8.664E-29     r       4.5
2.360E+09    7.718E-08    2.490E+30    2.096E+05    5.132E+06    1.655E-03    1.689E-01    1.089E-28     r       4.5
2.359E+09    8.455E-08    2.490E+30    2.140E+05    5.631E+06    1.782E-03    1.671E-01    1.706E-28     r       4.5
2.358E+09    8.844E-08    2.490E+30    2.162E+05    5.895E+06    1.847E-03    1.663E-01    2.127E-28     r       4.5
2.357E+09    9.664E-08    2.490E+30    2.205E+05    6.453E+06    1.984E-03    1.646E-01    3.280E-28     r       4.5
2.356E+09    1.010E-07    2.490E+30    2.227E+05    6.747E+06    2.055E-03    1.638E-01    4.058E-28     r       4.5
2.355E+09    1.101E-07    2.490E+30    2.271E+05    7.368E+06    2.203E-03    1.622E-01    6.165E-28     r       4.5
2.355E+09    1.149E-07    2.490E+30    2.293E+05    7.695E+06    2.280E-03    1.614E-01    7.572E-28     r       4.5
2.353E+09    1.249E-07    2.490E+30    2.337E+05    8.385E+06    2.440E-03    1.598E-01    1.134E-27     r       4.5
2.353E+09    1.302E-07    2.490E+30    2.359E+05    8.747E+06    2.523E-03    1.591E-01    1.384E-27     r       4.5
2.352E+09    1.413E-07    2.490E+30    2.403E+05    9.511E+06    2.695E-03    1.576E-01    2.046E-27     r       4.5
2.351E+09    1.472E-07    2.490E+30    2.425E+05    9.912E+06    2.784E-03    1.569E-01    2.480E-27     r       4.5
2.350E+09    1.594E-07    2.490E+30    2.470E+05    1.075E+07    2.969E-03    1.555E-01    3.620E-27     r       4.5
2.349E+09    1.658E-07    2.490E+30    2.492E+05    1.120E+07    3.065E-03    1.548E-01    4.362E-27     r       4.5
2.348E+09    1.793E-07    2.490E+30    2.536E+05    1.213E+07    3.264E-03    1.534E-01    6.294E-27     r       4.5
2.347E+09    1.863E-07    2.490E+30    2.559E+05    1.261E+07    3.367E-03    1.527E-01    7.540E-27     r       4.5
2.346E+09    2.011E-07    2.490E+30    2.603E+05    1.363E+07    3.580E-03    1.514E-01    1.076E-26     r       4.5
2.345E+09    2.088E-07    2.490E+30    2.626E+05    1.417E+07    3.690E-03    1.508E-01    1.282E-26     r       4.5
2.344E+09    2.249E-07    2.490E+30    2.670E+05    1.529E+07    3.919E-03    1.495E-01    1.810E-26     r       4.5
2.344E+09    2.333E-07    2.490E+30    2.693E+05    1.587E+07    4.036E-03    1.489E-01    2.146E-26     r       4.5
2.342E+09    2.509E-07    2.490E+30    2.738E+05    1.710E+07    4.280E-03    1.477E-01    3.000E-26     r       4.5
2.342E+09    2.601E-07    2.490E+30    2.760E+05    1.774E+07    4.406E-03    1.471E-01    3.539E-26     r       4.5
2.341E+09    2.792E-07    2.490E+30    2.805E+05    1.908E+07    4.666E-03    1.459E-01    4.901E-26     r       4.5
2.340E+09    2.892E-07    2.490E+30    2.828E+05    1.978E+07    4.801E-03    1.453E-01    5.755E-26     r       4.5
2.339E+09    3.100E-07    2.490E+30    2.873E+05    2.124E+07    5.078E-03    1.442E-01    7.898E-26     r       4.5
2.338E+09    3.209E-07    2.490E+30    2.895E+05    2.200E+07    5.221E-03    1.437E-01    9.233E-26     r       4.5
2.337E+09    3.435E-07    2.490E+30    2.940E+05    2.359E+07    5.516E-03    1.426E-01    1.256E-25     r       4.5
2.336E+09    3.552E-07    2.490E+30    2.963E+05    2.442E+07    5.668E-03    1.420E-01    1.462E-25     r       4.5
2.335E+09    3.797E-07    2.490E+30    3.008E+05    2.615E+07    5.981E-03    1.410E-01    1.974E-25     r       4.5
2.334E+09    3.924E-07    2.490E+30    3.031E+05    2.705E+07    6.143E-03    1.404E-01    2.289E-25     r       4.5
2.333E+09    4.189E-07    2.490E+30    3.077E+05    2.893E+07    6.476E-03    1.394E-01    3.065E-25     r       4.5
2.333E+09    4.327E-07    2.490E+30    3.099E+05    2.990E+07    6.647E-03    1.389E-01    3.540E-25     r       4.5
2.331E+09    4.613E-07    2.490E+30    3.145E+05    3.193E+07    7.000E-03    1.379E-01    4.706E-25     r       4.5
2.331E+09    4.761E-07    2.490E+30    3.168E+05    3.299E+07    7.181E-03    1.374E-01    5.416E-25     r       4.5
2.330E+09    5.069E-07    2.490E+30    3.214E+05    3.519E+07    7.555E-03    1.365E-01    7.148E-25     r       4.5
2.329E+09    5.229E-07    2.490E+30    3.236E+05    3.633E+07    7.747E-03    1.360E-01    8.198E-25     r       4.5
2.328E+09    5.561E-07    2.490E+30    3.282E+05    3.870E+07    8.143E-03    1.351E-01    1.075E-24     r       4.5
2.327E+09    5.733E-07    2.490E+30    3.305E+05    3.993E+07    8.346E-03    1.346E-01    1.229E-24     r       4.5
2.326E+09    6.090E-07    2.490E+30    3.351E+05    4.249E+07    8.764E-03    1.337E-01    1.600E-24     r       4.5
2.325E+09    6.275E-07    2.490E+30    3.374E+05    4.382E+07    8.978E-03    1.333E-01    1.823E-24     r       4.5
2.324E+09    6.658E-07    2.490E+30    3.420E+05    4.657E+07    9.419E-03    1.324E-01    2.360E-24     r       4.5
2.323E+09    6.856E-07    2.490E+30    3.443E+05    4.800E+07    9.646E-03    1.320E-01    2.681E-24     r       4.5
2.322E+09    7.267E-07    2.490E+30    3.490E+05    5.097E+07    1.011E-02    1.311E-01    3.450E-24     r       4.5
2.322E+09    7.479E-07    2.490E+30    3.513E+05    5.250E+07    1.035E-02    1.307E-01    3.907E-24     r       4.5
2.320E+09    7.919E-07    2.490E+30    3.559E+05    5.569E+07    1.084E-02    1.299E-01    4.999E-24     r       4.5
2.320E+09    8.146E-07    2.490E+30    3.582E+05    5.734E+07    1.109E-02    1.295E-01    5.646E-24     r       4.5
2.319E+09    8.617E-07    2.490E+30    3.629E+05    6.075E+07    1.161E-02    1.287E-01    7.184E-24     r       4.5
2.318E+09    8.860E-07    2.490E+30    3.652E+05    6.252E+07    1.187E-02    1.283E-01    8.093E-24     r       4.5
2.317E+09    9.362E-07    2.490E+30    3.698E+05    6.618E+07    1.242E-02    1.275E-01    1.024E-23     r       4.5
2.316E+09    9.622E-07    2.490E+30    3.722E+05    6.807E+07    1.269E-02    1.271E-01    1.151E-23     r       4.5
2.315E+09    1.016E-06    2.490E+30    3.768E+05    7.199E+07    1.326E-02    1.263E-01    1.449E-23     r       4.5
2.314E+09    1.043E-06    2.490E+30    3.792E+05    7.402E+07    1.356E-02    1.260E-01    1.624E-23     r       4.5
2.313E+09    1.101E-06    2.490E+30    3.839E+05    7.821E+07    1.416E-02    1.252E-01    2.035E-23     r       4.5
2.312E+09    1.130E-06    2.490E+30    3.862E+05    8.038E+07    1.446E-02    1.249E-01    2.276E-23     r       4.5
2.311E+09    1.191E-06    2.490E+30    3.909E+05    8.485E+07    1.509E-02    1.241E-01    2.839E-23     r       4.5
2.311E+09    1.222E-06    2.490E+30    3.932E+05    8.716E+07    1.541E-02    1.238E-01    3.167E-23     r       4.5
2.309E+09    1.287E-06    2.490E+30    3.979E+05    9.194E+07    1.607E-02    1.231E-01    3.932E-23     r       4.5
2.309E+09    1.320E-06    2.490E+30    4.003E+05    9.440E+07    1.641E-02    1.227E-01    4.376E-23     r       4.5
2.308E+09    1.389E-06    2.490E+30    4.050E+05    9.950E+07    1.710E-02    1.220E-01    5.410E-23     r       4.5
2.307E+09    1.425E-06    2.490E+30    4.074E+05    1.021E+08    1.746E-02    1.217E-01    6.009E-23     r       4.5
2.306E+09    1.498E-06    2.490E+30    4.121E+05    1.075E+08    1.818E-02    1.210E-01    7.398E-23     r       4.5
2.305E+09    1.535E-06    2.490E+30    4.144E+05    1.103E+08    1.855E-02    1.207E-01    8.200E-23     r       4.5
2.304E+09    1.613E-06    2.490E+30    4.192E+05    1.161E+08    1.931E-02    1.201E-01    1.005E-22     r       4.5
2.303E+09    1.653E-06    2.490E+30    4.216E+05    1.191E+08    1.969E-02    1.197E-01    1.112E-22     r       4.5
2.302E+09    1.735E-06    2.490E+30    4.263E+05    1.252E+08    2.048E-02    1.191E-01    1.358E-22     r       4.5
2.301E+09    1.777E-06    2.490E+30    4.287E+05    1.284E+08    2.089E-02    1.188E-01    1.500E-22     r       4.5
2.300E+09    1.864E-06    2.490E+30    4.334E+05    1.349E+08    2.172E-02    1.182E-01    1.825E-22     r       4.5
2.300E+09    1.909E-06    2.490E+30    4.358E+05    1.382E+08    2.214E-02    1.179E-01    2.011E-22     r       4.5
2.298E+09    2.000E-06    2.490E+30    4.406E+05    1.452E+08    2.300E-02    1.173E-01    2.438E-22     r       4.5
2.298E+09    2.048E-06    2.490E+30    4.430E+05    1.487E+08    2.344E-02    1.170E-01    2.682E-22     r       4.5
2.297E+09    2.145E-06    2.490E+30    4.477E+05    1.561E+08    2.435E-02    1.164E-01    3.240E-22     r       4.5
2.294E+09    2.350E-06    2.490E+30    4.573E+05    1.716E+08    2.623E-02    1.152E-01    4.696E-22     r       4.5
2.293E+09    2.458E-06    2.490E+30    4.621E+05    1.798E+08    2.721E-02    1.147E-01    5.635E-22     r       4.5
2.291E+09    2.687E-06    2.490E+30    4.718E+05    1.972E+08    2.925E-02    1.136E-01    8.063E-22     r       4.5
2.289E+09    2.807E-06    2.490E+30    4.766E+05    2.064E+08    3.032E-02    1.130E-01    9.615E-22     r       4.5
2.287E+09    3.061E-06    2.490E+30    4.862E+05    2.258E+08    3.253E-02    1.120E-01    1.359E-21     r       4.5
2.286E+09    3.194E-06    2.490E+30    4.911E+05    2.361E+08    3.368E-02    1.114E-01    1.611E-21     r       4.5
2.283E+09    3.474E-06    2.490E+30    5.008E+05    2.577E+08    3.608E-02    1.104E-01    2.251E-21     r       4.5
2.282E+09    3.622E-06    2.490E+30    5.057E+05    2.691E+08    3.732E-02    1.099E-01    2.654E-21     r       4.5
2.280E+09    3.931E-06    2.490E+30    5.154E+05    2.932E+08    3.991E-02    1.090E-01    3.669E-21     r       4.5
2.278E+09    4.094E-06    2.490E+30    5.203E+05    3.058E+08    4.125E-02    1.085E-01    4.302E-21     r       4.5
2.276E+09    4.434E-06    2.490E+30    5.301E+05    3.324E+08    4.404E-02    1.076E-01    5.888E-21     r       4.5
2.275E+09    4.613E-06    2.490E+30    5.350E+05    3.464E+08    4.549E-02    1.071E-01    6.871E-21     r       4.5
2.272E+09    4.987E-06    2.490E+30    5.449E+05    3.759E+08    4.849E-02    1.062E-01    9.312E-21     r       4.5
2.271E+09    5.183E-06    2.490E+30    5.498E+05    3.913E+08    5.004E-02    1.058E-01    1.082E-20     r       4.5
2.269E+09    5.593E-06    2.490E+30    5.597E+05    4.238E+08    5.326E-02    1.049E-01    1.453E-20     r       4.5
2.267E+09    5.807E-06    2.490E+30    5.646E+05    4.408E+08    5.493E-02    1.045E-01    1.680E-20     r       4.5
2.265E+09    6.256E-06    2.490E+30    5.746E+05    4.765E+08    5.838E-02    1.037E-01    2.237E-20     r       4.5
2.264E+09    6.490E-06    2.490E+30    5.796E+05    4.952E+08    6.017E-02    1.033E-01    2.577E-20     r       4.5
2.261E+09    6.979E-06    2.490E+30    5.895E+05    5.345E+08    6.387E-02    1.025E-01    3.404E-20     r       4.5
2.260E+09    7.234E-06    2.490E+30    5.945E+05    5.550E+08    6.578E-02    1.021E-01    3.904E-20     r       4.5
2.258E+09    7.767E-06    2.490E+30    6.045E+05    5.980E+08    6.974E-02    1.013E-01    5.117E-20     r       4.5
2.256E+09    8.045E-06    2.490E+30    6.096E+05    6.205E+08    7.178E-02    1.009E-01    5.848E-20     r       4.5
2.254E+09    8.624E-06    2.490E+30    6.196E+05    6.675E+08    7.600E-02    1.002E-01    7.609E-20     r       4.5
2.253E+09    8.925E-06    2.490E+30    6.247E+05    6.921E+08    7.818E-02    9.984E-02    8.665E-20     r       4.5
2.250E+09    9.554E-06    2.490E+30    6.348E+05    7.434E+08    8.268E-02    9.912E-02    1.120E-19     r       4.5
2.249E+09    9.881E-06    2.490E+30    6.398E+05    7.703E+08    8.500E-02    9.877E-02    1.271E-19     r       4.5
2.247E+09    1.056E-05    2.490E+30    6.500E+05    8.263E+08    8.980E-02    9.808E-02    1.631E-19     r       4.5
2.245E+09    1.091E-05    2.490E+30    6.550E+05    8.555E+08    9.227E-02    9.774E-02    1.845E-19     r       4.5
2.243E+09    1.165E-05    2.490E+30    6.652E+05    9.164E+08    9.737E-02    9.707E-02    2.353E-19     r       4.5
2.242E+09    1.203E-05    2.490E+30    6.703E+05    9.482E+08    1.000E-01    9.674E-02    2.653E-19     r       4.5
2.239E+09    1.283E-05    2.490E+30    6.806E+05    1.014E+09    1.054E-01    9.609E-02    3.364E-19     r       4.5
2.238E+09    1.324E-05    2.490E+30    6.857E+05    1.049E+09    1.082E-01    9.577E-02    3.782E-19     r       4.5
2.236E+09    1.410E-05    2.490E+30    6.960E+05    1.121E+09    1.140E-01    9.515E-02    4.768E-19     r       4.5
2.234E+09    1.454E-05    2.490E+30    7.011E+05    1.158E+09    1.169E-01    9.484E-02    5.346E-19     r       4.5
2.232E+09    1.546E-05    2.490E+30    7.114E+05    1.236E+09    1.230E-01    9.423E-02    6.702E-19     r       4.5
2.231E+09    1.594E-05    2.490E+30    7.166E+05    1.277E+09    1.262E-01    9.393E-02    7.493E-19     r       4.5
2.228E+09    1.693E-05    2.490E+30    7.270E+05    1.361E+09    1.326E-01    9.334E-02    9.345E-19     r       4.5
2.227E+09    1.745E-05    2.490E+30    7.321E+05    1.405E+09    1.359E-01    9.305E-02    1.042E-18     r       4.5
2.225E+09    1.851E-05    2.490E+30    7.426E+05    1.496E+09    1.428E-01    9.248E-02    1.293E-18     r       4.5
2.223E+09    1.906E-05    2.490E+30    7.478E+05    1.543E+09    1.463E-01    9.220E-02    1.439E-18     r       4.5
2.221E+09    2.020E-05    2.490E+30    7.582E+05    1.641E+09    1.535E-01    9.165E-02    1.776E-18     r       4.4
2.220E+09    2.079E-05    2.490E+30    7.634E+05    1.692E+09    1.572E-01    9.137E-02    1.972E-18     r       4.4
2.217E+09    2.201E-05    2.490E+30    7.739E+05    1.798E+09    1.649E-01    9.083E-02    2.423E-18     r       4.4
2.216E+09    2.264E-05    2.490E+30    7.792E+05    1.853E+09    1.688E-01    9.057E-02    2.684E-18     r       4.4
2.214E+09    2.395E-05    2.490E+30    7.897E+05    1.967E+09    1.768E-01    9.005E-02    3.284E-18     r       4.4
2.212E+09    2.463E-05    2.490E+30    7.950E+05    2.026E+09    1.810E-01    8.979E-02    3.628E-18     r       4.4
2.210E+09    2.602E-05    2.490E+30    8.056E+05    2.149E+09    1.895E-01    8.928E-02    4.421E-18     r       4.4
2.209E+09    2.674E-05    2.490E+30    8.109E+05    2.213E+09    1.938E-01    8.903E-02    4.875E-18     r       4.4
2.206E+09    2.823E-05    2.490E+30    8.215E+05    2.344E+09    2.028E-01    8.853E-02    5.915E-18     r       4.4
2.205E+09    2.900E-05    2.490E+30    8.268E+05    2.413E+09    2.073E-01    8.829E-02    6.509E-18     r       4.4
2.203E+09    3.059E-05    2.490E+30    8.375E+05    2.554E+09    2.168E-01    8.781E-02    7.867E-18     r       4.4
2.201E+09    3.141E-05    2.490E+30    8.428E+05    2.627E+09    2.216E-01    8.757E-02    8.641E-18     r       4.4
2.199E+09    3.310E-05    2.490E+30    8.535E+05    2.779E+09    2.315E-01    8.710E-02    1.040E-17     r       4.4
2.198E+09    3.397E-05    2.490E+30    8.589E+05    2.857E+09    2.366E-01    8.687E-02    1.141E-17     r       4.4
2.195E+09    3.577E-05    2.490E+30    8.696E+05    3.019E+09    2.470E-01    8.641E-02    1.368E-17     r       4.4
2.194E+09    3.669E-05    2.490E+30    8.750E+05    3.103E+09    2.523E-01    8.619E-02    1.497E-17     r       4.4
2.192E+09    3.860E-05    2.490E+30    8.858E+05    3.277E+09    2.633E-01    8.574E-02    1.790E-17     r       4.4
2.191E+09    3.959E-05    2.490E+30    8.912E+05    3.366E+09    2.689E-01    8.553E-02    1.955E-17     r       4.4
2.188E+09    4.161E-05    2.490E+30    9.021E+05    3.552E+09    2.803E-01    8.509E-02    2.329E-17     r       4.4
2.187E+09    4.266E-05    2.490E+30    9.075E+05    3.648E+09    2.862E-01    8.488E-02    2.540E-17     r       4.4
2.184E+09    4.481E-05    2.490E+30    9.184E+05    3.846E+09    2.983E-01    8.446E-02    3.017E-17     r       4.4
2.183E+09    4.592E-05    2.490E+30    9.238E+05    3.948E+09    3.044E-01    8.425E-02    3.285E-17     r       4.4
2.181E+09    4.820E-05    2.490E+30    9.347E+05    4.159E+09    3.170E-01    8.383E-02    3.888E-17     r       4.4
2.180E+09    4.937E-05    2.490E+30    9.402E+05    4.268E+09    3.235E-01    8.363E-02    4.227E-17     r       4.4
2.177E+09    5.178E-05    2.490E+30    9.512E+05    4.494E+09    3.367E-01    8.323E-02    4.988E-17     r       4.4
2.176E+09    5.303E-05    2.490E+30    9.567E+05    4.610E+09    3.435E-01    8.303E-02    5.415E-17     r       4.4
2.173E+09    5.558E-05    2.490E+30    9.677E+05    4.850E+09    3.573E-01    8.264E-02    6.371E-17     r       4.4
2.172E+09    5.689E-05    2.490E+30    9.732E+05    4.974E+09    3.644E-01    8.244E-02    6.906E-17     r       4.4
2.170E+09    5.959E-05    2.490E+30    9.843E+05    5.229E+09    3.789E-01    8.206E-02    8.103E-17     r       4.4
2.169E+09    6.098E-05    2.490E+30    9.898E+05    5.360E+09    3.863E-01    8.187E-02    8.771E-17     r       4.4
2.166E+09    6.383E-05    2.490E+30    1.001E+06    5.632E+09    4.015E-01    8.150E-02    1.026E-16     r       4.4
2.165E+09    6.529E-05    2.490E+30    1.006E+06    5.772E+09    4.092E-01    8.131E-02    1.109E-16     r       4.4
2.162E+09    6.830E-05    2.490E+30    1.018E+06    6.060E+09    4.251E-01    8.094E-02    1.294E-16     r       4.4
2.158E+09    7.465E-05    2.490E+30    1.040E+06    6.673E+09    4.582E-01    8.023E-02    1.754E-16     r       4.4
2.155E+09    7.800E-05    2.490E+30    1.051E+06    6.998E+09    4.754E-01    7.988E-02    2.036E-16     r       4.4
2.150E+09    8.504E-05    2.490E+30    1.074E+06    7.687E+09    5.115E-01    7.919E-02    2.731E-16     r       4.4
2.148E+09    8.875E-05    2.490E+30    1.085E+06    8.053E+09    5.303E-01    7.886E-02    3.156E-16     r       4.4
2.143E+09    9.655E-05    2.490E+30    1.108E+06    8.826E+09    5.696E-01    7.820E-02    4.194E-16     r       4.4
2.140E+09    1.006E-04    2.490E+30    1.119E+06    9.235E+09    5.900E-01    7.788E-02    4.824E-16     r       4.4
2.136E+09    1.093E-04    2.490E+30    1.142E+06    1.010E+10    6.326E-01    7.725E-02    6.356E-16     r       4.4
2.133E+09    1.138E-04    2.490E+30    1.154E+06    1.056E+10    6.548E-01    7.695E-02    7.280E-16     r       4.4
2.128E+09    1.233E-04    2.490E+30    1.177E+06    1.152E+10    7.009E-01    7.634E-02    9.513E-16     r       4.4
2.126E+09    1.282E-04    2.490E+30    1.188E+06    1.203E+10    7.249E-01    7.605E-02    1.085E-15     r       4.4
2.121E+09    1.386E-04    2.490E+30    1.212E+06    1.311E+10    7.749E-01    7.547E-02    1.407E-15     r       4.4
2.119E+09    1.441E-04    2.490E+30    1.223E+06    1.368E+10    8.008E-01    7.518E-02    1.599E-15     r       4.4
2.114E+09    1.555E-04    2.490E+30    1.247E+06    1.488E+10    8.547E-01    7.463E-02    2.059E-15     r       4.4
2.111E+09    1.615E-04    2.490E+30    1.259E+06    1.551E+10    8.828E-01    7.435E-02    2.331E-15     r       4.4
2.106E+09    1.740E-04    2.490E+30    1.282E+06    1.683E+10    9.409E-01    7.382E-02    2.980E-15     r       4.4
2.104E+09    1.805E-04    2.490E+30    1.294E+06    1.753E+10    9.711E-01    7.356E-02    3.364E-15     r       4.4
2.099E+09    1.942E-04    2.490E+30    1.318E+06    1.900E+10    1.034E+00    7.304E-02    4.271E-15     r       4.4
2.097E+09    2.013E-04    2.490E+30    1.330E+06    1.977E+10    1.066E+00    7.279E-02    4.806E-15     r       4.4
2.092E+09    2.162E-04    2.490E+30    1.354E+06    2.140E+10    1.134E+00    7.229E-02    6.065E-15     r       4.4
2.089E+09    2.239E-04    2.490E+30    1.366E+06    2.225E+10    1.169E+00    7.204E-02    6.803E-15     r       4.4
2.084E+09    2.401E-04    2.490E+30    1.390E+06    2.404E+10    1.241E+00    7.156E-02    8.534E-15     r       4.4
2.082E+09    2.485E-04    2.490E+30    1.403E+06    2.498E+10    1.279E+00    7.133E-02    9.545E-15     r       4.4
2.077E+09    2.661E-04    2.490E+30    1.427E+06    2.695E+10    1.356E+00    7.086E-02    1.191E-14     r       4.4
2.075E+09    2.752E-04    2.490E+30    1.439E+06    2.799E+10    1.396E+00    7.063E-02    1.328E-14     r       4.4
2.070E+09    2.942E-04    2.490E+30    1.464E+06    3.015E+10    1.480E+00    7.019E-02    1.648E-14     r       4.4
2.067E+09    3.041E-04    2.490E+30    1.476E+06    3.129E+10    1.523E+00    6.997E-02    1.833E-14     r       4.4
2.062E+09    3.247E-04    2.490E+30    1.501E+06    3.367E+10    1.612E+00    6.953E-02    2.263E-14     r       4.4
2.060E+09    3.354E-04    2.490E+30    1.514E+06    3.491E+10    1.658E+00    6.932E-02    2.511E-14     r       4.4
2.055E+09    3.577E-04    2.490E+30    1.539E+06    3.752E+10    1.753E+00    6.890E-02    3.084E-14     r       4.4
2.053E+09    3.692E-04    2.490E+30    1.551E+06    3.889E+10    1.802E+00    6.869E-02    3.414E-14     r       4.4
2.048E+09    3.932E-04    2.490E+30    1.576E+06    4.174E+10    1.904E+00    6.829E-02    4.175E-14     r       4.4
2.045E+09    4.057E-04    2.490E+30    1.589E+06    4.323E+10    1.957E+00    6.809E-02    4.611E-14     r       4.4
2.040E+09    4.316E-04    2.490E+30    1.615E+06    4.635E+10    2.065E+00    6.769E-02    5.613E-14     r       4.4
2.038E+09    4.450E-04    2.490E+30    1.627E+06    4.798E+10    2.121E+00    6.750E-02    6.186E-14     r       4.4
2.033E+09    4.728E-04    2.490E+30    1.653E+06    5.138E+10    2.237E+00    6.712E-02    7.497E-14     r       4.4
2.031E+09    4.872E-04    2.490E+30    1.666E+06    5.316E+10    2.297E+00    6.693E-02    8.246E-14     r       4.4
2.026E+09    5.171E-04    2.490E+30    1.692E+06    5.687E+10    2.420E+00    6.656E-02    9.954E-14     r       4.4
2.023E+09    5.326E-04    2.490E+30    1.705E+06    5.881E+10    2.484E+00    6.638E-02    1.093E-13     r       4.4
2.019E+09    5.647E-04    2.490E+30    1.731E+06    6.285E+10    2.615E+00    6.602E-02    1.314E-13     r       4.4
2.016E+09    5.813E-04    2.490E+30    1.744E+06    6.495E+10    2.683E+00    6.584E-02    1.439E-13     r       4.4
2.011E+09    6.157E-04    2.490E+30    1.770E+06    6.935E+10    2.822E+00    6.549E-02    1.724E-13     r       4.4
2.009E+09    6.335E-04    2.490E+30    1.783E+06    7.163E+10    2.894E+00    6.532E-02    1.885E-13     r       4.4
2.004E+09    6.703E-04    2.490E+30    1.810E+06    7.641E+10    3.042E+00    6.498E-02    2.250E-13     r       4.4
2.001E+09    6.894E-04    2.490E+30    1.823E+06    7.889E+10    3.119E+00    6.482E-02    2.456E-13     r       4.4
1.997E+09    7.287E-04    2.490E+30    1.850E+06    8.407E+10    3.276E+00    6.449E-02    2.922E-13     r       4.4
1.994E+09    7.491E-04    2.490E+30    1.863E+06    8.676E+10    3.357E+00    6.432E-02    3.184E-13     r       4.4
1.989E+09    7.912E-04    2.490E+30    1.890E+06    9.238E+10    3.524E+00    6.400E-02    3.775E-13     r       4.4
1.987E+09    8.129E-04    2.490E+30    1.904E+06    9.530E+10    3.610E+00    6.385E-02    4.107E-13     r       4.4
1.982E+09    8.578E-04    2.490E+30    1.931E+06    1.014E+11    3.787E+00    6.353E-02    4.853E-13     r       4.4
1.979E+09    8.809E-04    2.490E+30    1.944E+06    1.045E+11    3.878E+00    6.338E-02    5.272E-13     r       4.4
1.975E+09    9.288E-04    2.490E+30    1.972E+06    1.111E+11    4.065E+00    6.308E-02    6.211E-13     r       4.4
1.972E+09    9.535E-04    2.490E+30    1.985E+06    1.145E+11    4.162E+00    6.293E-02    6.737E-13     r       4.4
1.967E+09    1.004E-03    2.490E+30    2.013E+06    1.216E+11    4.360E+00    6.263E-02    7.913E-13     r       4.4
1.965E+09    1.031E-03    2.490E+30    2.027E+06    1.253E+11    4.462E+00    6.249E-02    8.570E-13     r       4.4
1.960E+09    1.085E-03    2.490E+30    2.055E+06    1.330E+11    4.672E+00    6.220E-02    1.004E-12     r       4.4
1.958E+09    1.113E-03    2.490E+30    2.069E+06    1.370E+11    4.780E+00    6.206E-02    1.086E-12     r       4.4
1.953E+09    1.170E-03    2.490E+30    2.097E+06    1.452E+11    5.002E+00    6.177E-02    1.268E-12     r       4.4
1.950E+09    1.200E-03    2.490E+30    2.111E+06    1.495E+11    5.116E+00    6.164E-02    1.370E-12     r       4.4
1.945E+09    1.261E-03    2.490E+30    2.139E+06    1.585E+11    5.350E+00    6.136E-02    1.596E-12     r       4.4
1.943E+09    1.293E-03    2.490E+30    2.153E+06    1.631E+11    5.471E+00    6.123E-02    1.721E-12     r       4.4
1.938E+09    1.358E-03    2.490E+30    2.182E+06    1.727E+11    5.718E+00    6.096E-02    2.000E-12     r       4.4
1.936E+09    1.391E-03    2.490E+30    2.196E+06    1.777E+11    5.845E+00    6.083E-02    2.155E-12     r       4.4
1.931E+09    1.460E-03    2.490E+30    2.225E+06    1.880E+11    6.107E+00    6.057E-02    2.498E-12     r       4.4
1.928E+09    1.495E-03    2.490E+30    2.239E+06    1.934E+11    6.241E+00    6.044E-02    2.688E-12     r       4.4
1.923E+09    1.568E-03    2.490E+30    2.268E+06    2.045E+11    6.516E+00    6.018E-02    3.109E-12     r       4.3
1.921E+09    1.606E-03    2.490E+30    2.283E+06    2.103E+11    6.658E+00    6.006E-02    3.341E-12     r       4.3
1.916E+09    1.683E-03    2.490E+30    2.312E+06    2.222E+11    6.948E+00    5.981E-02    3.855E-12     r       4.3
1.914E+09    1.723E-03    2.490E+30    2.327E+06    2.284E+11    7.097E+00    5.969E-02    4.138E-12     r       4.3
1.909E+09    1.804E-03    2.490E+30    2.356E+06    2.412E+11    7.403E+00    5.944E-02    4.764E-12     r       4.3
1.906E+09    1.846E-03    2.490E+30    2.371E+06    2.479E+11    7.560E+00    5.932E-02    5.108E-12     r       4.3
1.901E+09    1.933E-03    2.490E+30    2.400E+06    2.617E+11    7.883E+00    5.909E-02    5.868E-12     r       4.3
1.899E+09    1.977E-03    2.490E+30    2.415E+06    2.688E+11    8.048E+00    5.897E-02    6.286E-12     r       4.3
1.894E+09    2.068E-03    2.490E+30    2.445E+06    2.835E+11    8.387E+00    5.874E-02    7.206E-12     r       4.3
1.892E+09    2.115E-03    2.490E+30    2.460E+06    2.912E+11    8.561E+00    5.862E-02    7.711E-12     r       4.3
1.887E+09    2.211E-03    2.490E+30    2.491E+06    3.070E+11    8.918E+00    5.840E-02    8.822E-12     r       4.3
1.884E+09    2.260E-03    2.490E+30    2.506E+06    3.152E+11    9.101E+00    5.828E-02    9.431E-12     r       4.3
1.879E+09    2.362E-03    2.490E+30    2.536E+06    3.321E+11    9.477E+00    5.806E-02    1.077E-11     r       4.3
1.877E+09    2.414E-03    2.490E+30    2.551E+06    3.409E+11    9.669E+00    5.795E-02    1.150E-11     r       4.3
1.872E+09    2.521E-03    2.490E+30    2.582E+06    3.590E+11    1.006E+01    5.774E-02    1.311E-11     r       4.3
1.870E+09    2.575E-03    2.490E+30    2.598E+06    3.684E+11    1.027E+01    5.763E-02    1.399E-11     r       4.3
1.865E+09    2.688E-03    2.490E+30    2.629E+06    3.878E+11    1.068E+01    5.742E-02    1.591E-11     r       4.3
1.862E+09    2.746E-03    2.490E+30    2.644E+06    3.978E+11    1.089E+01    5.731E-02    1.696E-11     r       4.3
1.858E+09    2.864E-03    2.490E+30    2.675E+06    4.186E+11    1.133E+01    5.710E-02    1.926E-11     r       4.3
1.855E+09    2.925E-03    2.490E+30    2.691E+06    4.293E+11    1.155E+01    5.700E-02    2.051E-11     r       4.3
1.850E+09    3.049E-03    2.490E+30    2.722E+06    4.515E+11    1.201E+01    5.680E-02    2.325E-11     r       4.3
1.848E+09    3.113E-03    2.490E+30    2.738E+06    4.629E+11    1.224E+01    5.670E-02    2.474E-11     r       4.3
1.843E+09    3.244E-03    2.490E+30    2.770E+06    4.866E+11    1.272E+01    5.650E-02    2.800E-11     r       4.3
1.840E+09    3.311E-03    2.490E+30    2.786E+06    4.988E+11    1.297E+01    5.640E-02    2.978E-11     r       4.3
1.836E+09    3.449E-03    2.490E+30    2.818E+06    5.241E+11    1.347E+01    5.620E-02    3.364E-11     r       4.3
1.833E+09    3.520E-03    2.490E+30    2.834E+06    5.371E+11    1.373E+01    5.610E-02    3.574E-11     r       4.3
1.828E+09    3.664E-03    2.490E+30    2.866E+06    5.640E+11    1.426E+01    5.591E-02    4.032E-11     r       4.3
1.826E+09    3.738E-03    2.490E+30    2.883E+06    5.779E+11    1.453E+01    5.582E-02    4.280E-11     r       4.3
1.821E+09    3.890E-03    2.490E+30    2.915E+06    6.067E+11    1.508E+01    5.563E-02    4.821E-11     r       4.3
1.811E+09    4.208E-03    2.490E+30    2.981E+06    6.679E+11    1.624E+01    5.526E-02    6.097E-11     r       4.3
1.806E+09    4.375E-03    2.490E+30    3.014E+06    7.005E+11    1.685E+01    5.508E-02    6.847E-11     r       4.3
1.797E+09    4.725E-03    2.490E+30    3.081E+06    7.700E+11    1.812E+01    5.473E-02    8.609E-11     r       4.3
1.792E+09    4.908E-03    2.490E+30    3.114E+06    8.069E+11    1.879E+01    5.455E-02    9.641E-11     r       4.3
1.782E+09    5.291E-03    2.490E+30    3.182E+06    8.855E+11    2.018E+01    5.421E-02    1.206E-10     r       4.3
1.777E+09    5.491E-03    2.490E+30    3.217E+06    9.273E+11    2.091E+01    5.404E-02    1.347E-10     r       4.3
1.767E+09    5.911E-03    2.490E+30    3.286E+06    1.016E+12    2.244E+01    5.371E-02    1.676E-10     r       4.3
1.762E+09    6.130E-03    2.490E+30    3.321E+06    1.063E+12    2.323E+01    5.355E-02    1.867E-10     r       4.3
1.753E+09    6.588E-03    2.490E+30    3.391E+06    1.164E+12    2.490E+01    5.323E-02    2.311E-10     r       4.3
1.748E+09    6.827E-03    2.490E+30    3.427E+06    1.217E+12    2.577E+01    5.308E-02    2.569E-10     r       4.3
1.738E+09    7.327E-03    2.490E+30    3.498E+06    1.330E+12    2.759E+01    5.277E-02    3.166E-10     r       4.3
1.733E+09    7.587E-03    2.490E+30    3.534E+06    1.390E+12    2.854E+01    5.262E-02    3.511E-10     r       4.3
1.723E+09    8.131E-03    2.490E+30    3.607E+06    1.517E+12    3.053E+01    5.232E-02    4.308E-10     r       4.3
1.718E+09    8.414E-03    2.490E+30    3.644E+06    1.584E+12    3.156E+01    5.218E-02    4.766E-10     r       4.3
1.709E+09    9.005E-03    2.490E+30    3.718E+06    1.727E+12    3.373E+01    5.189E-02    5.824E-10     r       4.3
1.704E+09    9.313E-03    2.490E+30    3.755E+06    1.802E+12    3.486E+01    5.175E-02    6.431E-10     r       4.3
1.694E+09    9.954E-03    2.490E+30    3.831E+06    1.962E+12    3.721E+01    5.147E-02    7.826E-10     r       4.3
1.689E+09    1.029E-02    2.490E+30    3.869E+06    2.047E+12    3.844E+01    5.133E-02    8.625E-10     r       4.3
1.679E+09    1.098E-02    2.490E+30    3.946E+06    2.226E+12    4.100E+01    5.106E-02    1.046E-09     r       4.3
1.675E+09    1.134E-02    2.490E+30    3.984E+06    2.321E+12    4.233E+01    5.093E-02    1.150E-09     r       4.3
1.665E+09    1.209E-02    2.490E+30    4.063E+06    2.522E+12    4.512E+01    5.067E-02    1.389E-09     r       4.3
1.660E+09    1.248E-02    2.490E+30    4.102E+06    2.628E+12    4.656E+01    5.054E-02    1.526E-09     r       4.3
1.650E+09    1.330E-02    2.490E+30    4.182E+06    2.852E+12    4.958E+01    5.029E-02    1.836E-09     r       4.3
1.645E+09    1.372E-02    2.490E+30    4.222E+06    2.971E+12    5.116E+01    5.016E-02    2.013E-09     r       4.3
1.636E+09    1.459E-02    2.490E+30    4.303E+06    3.221E+12    5.443E+01    4.992E-02    2.415E-09     r       4.3
1.631E+09    1.505E-02    2.490E+30    4.344E+06    3.354E+12    5.614E+01    4.980E-02    2.643E-09     r       4.3
1.621E+09    1.599E-02    2.490E+30    4.426E+06    3.633E+12    5.969E+01    4.956E-02    3.161E-09     r       4.2
1.616E+09    1.648E-02    2.490E+30    4.468E+06    3.780E+12    6.153E+01    4.944E-02    3.454E-09     r       4.2
1.606E+09    1.750E-02    2.490E+30    4.552E+06    4.092E+12    6.538E+01    4.921E-02    4.117E-09     r       4.2
1.601E+09    1.802E-02    2.490E+30    4.594E+06    4.256E+12    6.738E+01    4.909E-02    4.492E-09     r       4.2
1.592E+09    1.911E-02    2.490E+30    4.680E+06    4.602E+12    7.153E+01    4.887E-02    5.340E-09     r       4.2
1.587E+09    1.968E-02    2.490E+30    4.723E+06    4.785E+12    7.370E+01    4.876E-02    5.817E-09     r       4.2
1.577E+09    2.085E-02    2.490E+30    4.810E+06    5.170E+12    7.819E+01    4.854E-02    6.895E-09     r       4.2
1.572E+09    2.145E-02    2.490E+30    4.854E+06    5.373E+12    8.053E+01    4.843E-02    7.502E-09     r       4.2
1.562E+09    2.271E-02    2.490E+30    4.943E+06    5.800E+12    8.539E+01    4.822E-02    8.868E-09     r       4.2
1.557E+09    2.336E-02    2.490E+30    4.988E+06    6.026E+12    8.792E+01    4.811E-02    9.635E-09     r       4.2
1.548E+09    2.471E-02    2.490E+30    5.078E+06    6.500E+12    9.316E+01    4.790E-02    1.136E-08     r       4.2
1.543E+09    2.540E-02    2.490E+30    5.124E+06    6.750E+12    9.589E+01    4.780E-02    1.233E-08     r       4.2
1.533E+09    2.684E-02    2.490E+30    5.216E+06    7.277E+12    1.016E+02    4.760E-02    1.450E-08     r       4.2
1.528E+09    2.758E-02    2.490E+30    5.262E+06    7.554E+12    1.045E+02    4.750E-02    1.571E-08     r       4.2
1.518E+09    2.912E-02    2.490E+30    5.356E+06    8.137E+12    1.106E+02    4.730E-02    1.843E-08     r       4.2
1.514E+09    2.992E-02    2.490E+30    5.404E+06    8.444E+12    1.138E+02    4.720E-02    1.995E-08     r       4.2
1.504E+09    3.156E-02    2.490E+30    5.499E+06    9.089E+12    1.203E+02    4.701E-02    2.335E-08     r       4.2
1.499E+09    3.241E-02    2.490E+30    5.547E+06    9.429E+12    1.238E+02    4.691E-02    2.525E-08     r       4.2
1.489E+09    3.416E-02    2.490E+30    5.645E+06    1.014E+13    1.308E+02    4.672E-02    2.949E-08     r       4.2
1.484E+09    3.506E-02    2.490E+30    5.694E+06    1.052E+13    1.345E+02    4.663E-02    3.185E-08     r       4.2
1.475E+09    3.693E-02    2.490E+30    5.793E+06    1.131E+13    1.421E+02    4.644E-02    3.711E-08     r       4.2
1.470E+09    3.789E-02    2.490E+30    5.843E+06    1.172E+13    1.461E+02    4.635E-02    4.004E-08     r       4.2
1.460E+09    3.988E-02    2.490E+30    5.944E+06    1.259E+13    1.543E+02    4.617E-02    4.656E-08     r       4.2
1.455E+09    4.090E-02    2.490E+30    5.995E+06    1.305E+13    1.586E+02    4.608E-02    5.018E-08     r       4.2
1.445E+09    4.301E-02    2.490E+30    6.098E+06    1.401E+13    1.674E+02    4.591E-02    5.823E-08     r       4.2
1.440E+09    4.410E-02    2.490E+30    6.151E+06    1.452E+13    1.719E+02    4.582E-02    6.269E-08     r       4.2
1.431E+09    4.635E-02    2.490E+30    6.256E+06    1.558E+13    1.814E+02    4.565E-02    7.260E-08     r       4.2
1.426E+09    4.750E-02    2.490E+30    6.309E+06    1.613E+13    1.863E+02    4.556E-02    7.809E-08     r       4.2
1.416E+09    4.988E-02    2.490E+30    6.416E+06    1.730E+13    1.965E+02    4.540E-02    9.027E-08     r       4.2
1.411E+09    5.111E-02    2.490E+30    6.470E+06    1.791E+13    2.018E+02    4.531E-02    9.700E-08     r       4.1
1.401E+09    5.363E-02    2.490E+30    6.579E+06    1.920E+13    2.127E+02    4.515E-02    1.119E-07     r       4.1
1.396E+09    5.493E-02    2.490E+30    6.634E+06    1.987E+13    2.183E+02    4.506E-02    1.201E-07     r       4.1
1.387E+09    5.761E-02    2.490E+30    6.745E+06    2.129E+13    2.300E+02    4.490E-02    1.384E-07     r       4.1
1.382E+09    5.899E-02    2.490E+30    6.801E+06    2.203E+13    2.361E+02    4.482E-02    1.484E-07     r       4.1
1.372E+09    6.182E-02    2.490E+30    6.915E+06    2.359E+13    2.486E+02    4.466E-02    1.706E-07     r       4.1
1.367E+09    6.327E-02    2.490E+30    6.972E+06    2.440E+13    2.551E+02    4.459E-02    1.829E-07     r       4.1
1.357E+09    6.627E-02    2.490E+30    7.087E+06    2.611E+13    2.685E+02    4.443E-02    2.099E-07     r       4.1
1.353E+09    6.781E-02    2.490E+30    7.146E+06    2.701E+13    2.755E+02    4.435E-02    2.247E-07     r       4.1
1.343E+09    7.097E-02    2.490E+30    7.263E+06    2.888E+13    2.898E+02    4.420E-02    2.575E-07     r       4.1
1.338E+09    7.260E-02    2.490E+30    7.323E+06    2.986E+13    2.973E+02    4.413E-02    2.755E-07     r       4.1
1.328E+09    7.594E-02    2.490E+30    7.443E+06    3.192E+13    3.126E+02    4.398E-02    3.151E-07     r       4.1
1.323E+09    7.765E-02    2.490E+30    7.504E+06    3.300E+13    3.206E+02    4.390E-02    3.368E-07     r       4.1
1.314E+09    8.117E-02    2.490E+30    7.626E+06    3.525E+13    3.370E+02    4.376E-02    3.847E-07     r       4.1
1.309E+09    8.298E-02    2.490E+30    7.688E+06    3.643E+13    3.455E+02    4.368E-02    4.109E-07     r       4.1
1.299E+09    8.669E-02    2.490E+30    7.813E+06    3.890E+13    3.630E+02    4.354E-02    4.685E-07     r       4.1
1.294E+09    8.860E-02    2.490E+30    7.876E+06    4.019E+13    3.721E+02    4.347E-02    5.001E-07     r       4.1
1.284E+09    9.250E-02    2.490E+30    8.003E+06    4.290E+13    3.908E+02    4.333E-02    5.694E-07     r       4.1
1.279E+09    9.451E-02    2.490E+30    8.067E+06    4.431E+13    4.005E+02    4.325E-02    6.073E-07     r       4.1
1.270E+09    9.862E-02    2.490E+30    8.197E+06    4.727E+13    4.204E+02    4.312E-02    6.903E-07     r       4.0
1.265E+09    1.007E-01    2.490E+30    8.262E+06    4.881E+13    4.307E+02    4.305E-02    7.358E-07     r       4.0
1.255E+09    1.050E-01    2.490E+30    8.395E+06    5.204E+13    4.520E+02    4.291E-02    8.352E-07     r       4.0
1.250E+09    1.073E-01    2.490E+30    8.461E+06    5.373E+13    4.630E+02    4.284E-02    8.895E-07     r       4.0
1.240E+09    1.118E-01    2.490E+30    8.596E+06    5.726E+13    4.857E+02    4.271E-02    1.008E-06     r       4.0
1.235E+09    1.141E-01    2.490E+30    8.664E+06    5.910E+13    4.974E+02    4.264E-02    1.073E-06     r       4.0
1.226E+09    1.189E-01    2.490E+30    8.802E+06    6.295E+13    5.215E+02    4.251E-02    1.215E-06     r       4.0
1.221E+09    1.213E-01    2.490E+30    8.871E+06    6.496E+13    5.339E+02    4.244E-02    1.292E-06     r       4.0
1.211E+09    1.263E-01    2.490E+30    9.011E+06    6.916E+13    5.596E+02    4.231E-02    1.460E-06     r       4.0
1.206E+09    1.288E-01    2.490E+30    9.082E+06    7.135E+13    5.728E+02    4.225E-02    1.552E-06     r       4.0
1.196E+09    1.340E-01    2.490E+30    9.225E+06    7.592E+13    6.000E+02    4.212E-02    1.752E-06     r       4.0
1.192E+09    1.367E-01    2.490E+30    9.297E+06    7.830E+13    6.141E+02    4.206E-02    1.861E-06     r       4.0
1.182E+09    1.422E-01    2.490E+30    9.443E+06    8.328E+13    6.430E+02    4.193E-02    2.097E-06     r       4.0
1.177E+09    1.450E-01    2.490E+30    9.516E+06    8.587E+13    6.579E+02    4.187E-02    2.226E-06     r       4.0
1.167E+09    1.507E-01    2.490E+30    9.665E+06    9.128E+13    6.886E+02    4.174E-02    2.506E-06     r       3.9
1.162E+09    1.536E-01    2.490E+30    9.740E+06    9.410E+13    7.044E+02    4.168E-02    2.659E-06     r       3.9
1.153E+09    1.595E-01    2.490E+30    9.891E+06    9.997E+13    7.369E+02    4.156E-02    2.989E-06     r       3.9
1.148E+09    1.625E-01    2.490E+30    9.968E+06    1.030E+14    7.536E+02    4.150E-02    3.169E-06     r       3.9
1.138E+09    1.688E-01    2.490E+30    1.012E+07    1.094E+14    7.880E+02    4.138E-02    3.559E-06     r       3.9
1.133E+09    1.719E-01    2.490E+30    1.020E+07    1.127E+14    8.057E+02    4.132E-02    3.770E-06     r       3.9
1.123E+09    1.784E-01    2.490E+30    1.036E+07    1.197E+14    8.421E+02    4.120E-02    4.229E-06     r       3.9
1.118E+09    1.817E-01    2.490E+30    1.044E+07    1.233E+14    8.609E+02    4.114E-02    4.477E-06     r       3.9
1.109E+09    1.884E-01    2.490E+30    1.060E+07    1.307E+14    8.993E+02    4.102E-02    5.015E-06     r       3.9
1.104E+09    1.918E-01    2.490E+30    1.068E+07    1.346E+14    9.191E+02    4.096E-02    5.307E-06     r       3.9
1.094E+09    1.988E-01    2.490E+30    1.084E+07    1.427E+14    9.597E+02    4.085E-02    5.938E-06     r       3.9
1.089E+09    2.024E-01    2.490E+30    1.092E+07    1.470E+14    9.806E+02    4.079E-02    6.280E-06     r       3.8
1.079E+09    2.096E-01    2.490E+30    1.109E+07    1.557E+14    1.023E+03    4.067E-02    7.019E-06     r       3.8
1.074E+09    2.133E-01    2.490E+30    1.117E+07    1.603E+14    1.045E+03    4.062E-02    7.418E-06     r       3.8
1.065E+09    2.209E-01    2.490E+30    1.134E+07    1.697E+14    1.090E+03    4.051E-02    8.282E-06     r       3.8
1.060E+09    2.247E-01    2.490E+30    1.143E+07    1.747E+14    1.114E+03    4.045E-02    8.749E-06     r       3.8
1.050E+09    2.325E-01    2.490E+30    1.160E+07    1.849E+14    1.161E+03    4.034E-02    9.757E-06     r       3.8
1.045E+09    2.365E-01    2.490E+30    1.169E+07    1.902E+14    1.185E+03    4.028E-02    1.030E-05     r       3.8
1.035E+09    2.445E-01    2.490E+30    1.187E+07    2.012E+14    1.235E+03    4.017E-02    1.148E-05     r       3.8
1.031E+09    2.487E-01    2.490E+30    1.195E+07    2.069E+14    1.261E+03    4.012E-02    1.211E-05     r       3.7
1.021E+09    2.570E-01    2.490E+30    1.213E+07    2.187E+14    1.313E+03    4.001E-02    1.348E-05     r       3.7
1.016E+09    2.612E-01    2.490E+30    1.222E+07    2.249E+14    1.340E+03    3.996E-02    1.422E-05     r       3.7
1.006E+09    2.699E-01    2.490E+30    1.241E+07    2.376E+14    1.395E+03    3.985E-02    1.581E-05     r       3.7
1.001E+09    2.742E-01    2.490E+30    1.250E+07    2.442E+14    1.423E+03    3.980E-02    1.667E-05     r       3.7
9.915E+08    2.831E-01    2.490E+30    1.269E+07    2.578E+14    1.480E+03    3.969E-02    1.852E-05     r       3.7
9.866E+08    2.876E-01    2.490E+30    1.278E+07    2.649E+14    1.509E+03    3.964E-02    1.952E-05     r       3.7
9.769E+08    2.968E-01    2.490E+30    1.297E+07    2.795E+14    1.569E+03    3.954E-02    2.168E-05     r       3.7
9.720E+08    3.014E-01    2.490E+30    1.306E+07    2.871E+14    1.600E+03    3.948E-02    2.284E-05     r       3.6
9.622E+08    3.108E-01    2.490E+30    1.326E+07    3.028E+14    1.662E+03    3.938E-02    2.534E-05     r       3.6
9.573E+08    3.156E-01    2.490E+30    1.335E+07    3.109E+14    1.694E+03    3.933E-02    2.669E-05     r       3.6
9.476E+08    3.252E-01    2.490E+30    1.355E+07    3.276E+14    1.760E+03    3.923E-02    2.960E-05     r       3.6
9.427E+08    3.301E-01    2.490E+30    1.365E+07    3.363E+14    1.793E+03    3.918E-02    3.118E-05     r       3.6
9.329E+08    3.400E-01    2.490E+30    1.385E+07    3.542E+14    1.861E+03    3.908E-02    3.457E-05     r       3.6
9.281E+08    3.450E-01    2.490E+30    1.395E+07    3.634E+14    1.895E+03    3.903E-02    3.640E-05     r       3.5
9.183E+08    3.552E-01    2.490E+30    1.415E+07    3.825E+14    1.965E+03    3.893E-02    4.036E-05     r       3.5
9.134E+08    3.603E-01    2.490E+30    1.426E+07    3.923E+14    2.001E+03    3.888E-02    4.250E-05     r       3.5
9.037E+08    3.707E-01    2.490E+30    1.446E+07    4.126E+14    2.074E+03    3.878E-02    4.714E-05     r       3.5
8.988E+08    3.759E-01    2.490E+30    1.457E+07    4.231E+14    2.111E+03    3.874E-02    4.965E-05     r       3.5
8.890E+08    3.865E-01    2.490E+30    1.478E+07    4.446E+14    2.187E+03    3.864E-02    5.511E-05     r       3.5
8.842E+08    3.918E-01    2.490E+30    1.488E+07    4.557E+14    2.225E+03    3.859E-02    5.807E-05     r       3.4
8.744E+08    4.026E-01    2.490E+30    1.510E+07    4.786E+14    2.303E+03    3.850E-02    6.452E-05     r       3.4
8.695E+08    4.081E-01    2.490E+30    1.521E+07    4.903E+14    2.343E+03    3.845E-02    6.803E-05     r       3.4
8.598E+08    4.190E-01    2.490E+30    1.542E+07    5.146E+14    2.423E+03    3.836E-02    7.572E-05     r       3.4
8.402E+08    4.414E-01    2.490E+30    1.587E+07    5.657E+14    2.588E+03    3.817E-02    9.424E-05     r       3.3
8.305E+08    4.527E-01    2.490E+30    1.609E+07    5.927E+14    2.673E+03    3.808E-02    1.055E-04     r       3.3
8.110E+08    4.756E-01    2.490E+30    1.655E+07    6.496E+14    2.847E+03    3.790E-02    1.332E-04     r       3.3
8.012E+08    4.872E-01    2.490E+30    1.678E+07    6.795E+14    2.936E+03    3.782E-02    1.505E-04     r       3.2
7.817E+08    5.105E-01    2.490E+30    1.726E+07    7.422E+14    3.116E+03    3.764E-02    1.944E-04     r       3.2
7.719E+08    5.223E-01    2.490E+30    1.750E+07    7.750E+14    3.208E+03    3.756E-02    2.227E-04     r       3.1
7.524E+08    5.459E-01    2.490E+30    1.798E+07    8.436E+14    3.395E+03    3.739E-02    2.969E-04     r       3.1
7.427E+08    5.578E-01    2.490E+30    1.823E+07    8.794E+14    3.489E+03    3.731E-02    3.460E-04     r       3.0
7.232E+08    5.815E-01    2.490E+30    1.873E+07    9.537E+14    3.679E+03    3.715E-02    4.791E-04     r       3.0
7.134E+08    5.934E-01    2.489E+30    1.899E+07    9.923E+14    3.775E+03    3.707E-02    5.693E-04     r       2.9
6.939E+08    6.170E-01    2.489E+30    1.951E+07    1.072E+15    3.966E+03    3.691E-02    8.189E-04     r       2.9
6.841E+08    6.288E-01    2.489E+30    1.977E+07    1.114E+15    4.062E+03    3.683E-02    9.908E-04     r       2.8
6.646E+08    6.521E-01    2.488E+30    2.031E+07    1.199E+15    4.253E+03    3.668E-02    1.473E-03     r       2.8
6.548E+08    6.636E-01    2.488E+30    2.058E+07    1.242E+15    4.347E+03    3.661E-02    1.808E-03     r       2.7
6.353E+08    6.864E-01    2.487E+30    2.113E+07    1.332E+15    4.534E+03    3.647E-02    2.751E-03     r       2.6
6.256E+08    6.976E-01    2.486E+30    2.140E+07    1.378E+15    4.626E+03    3.640E-02    3.408E-03     r       2.6
6.061E+08    7.196E-01    2.484E+30    2.197E+07    1.472E+15    4.806E+03    3.626E-02    5.259E-03     r       2.5
5.963E+08    7.305E-01    2.483E+30    2.226E+07    1.520E+15    4.892E+03    3.619E-02    6.569E-03     r       2.4
5.768E+08    7.516E-01    2.480E+30    2.285E+07    1.617E+15    5.063E+03    3.606E-02    1.019E-02     r       2.4
5.670E+08    7.619E-01    2.477E+30    2.313E+07    1.666E+15    5.147E+03    3.600E-02    1.264E-02     r       2.4
5.475E+08    7.819E-01    2.471E+30    2.370E+07    1.766E+15    5.314E+03    3.589E-02    1.922E-02     r       2.4
5.378E+08    7.916E-01    2.467E+30    2.398E+07    1.816E+15    5.397E+03    3.584E-02    2.357E-02     r       2.4
5.182E+08    8.104E-01    2.456E+30    2.453E+07    1.917E+15    5.559E+03    3.574E-02    3.501E-02     r       2.4
5.085E+08    8.195E-01    2.449E+30    2.481E+07    1.968E+15    5.639E+03    3.570E-02    4.240E-02     r       2.4
4.890E+08    8.371E-01    2.431E+30    2.534E+07    2.070E+15    5.797E+03    3.561E-02    6.140E-02     r       2.4
4.792E+08    8.455E-01    2.420E+30    2.560E+07    2.121E+15    5.874E+03    3.557E-02    7.341E-02     r       2.4
4.743E+08    8.496E-01    2.414E+30    2.573E+07    2.147E+15    5.912E+03    3.555E-02    8.014E-02     r       2.4
4.646E+08    8.577E-01    2.400E+30    2.599E+07    2.198E+15    5.988E+03    3.552E-02    9.521E-02     r       2.4
4.597E+08    8.617E-01    2.392E+30    2.612E+07    2.224E+15    6.025E+03    3.550E-02    1.036E-01     r       2.4
4.499E+08    8.694E-01    2.374E+30    2.637E+07    2.275E+15    6.100E+03    3.546E-02    1.223E-01     r       2.4
4.451E+08    8.732E-01    2.365E+30    2.649E+07    2.300E+15    6.136E+03    3.545E-02    1.326E-01     r       2.4
4.353E+08    8.805E-01    2.344E+30    2.674E+07    2.351E+15    6.209E+03    3.542E-02    1.556E-01     r       2.4
4.304E+08    8.841E-01    2.332E+30    2.686E+07    2.376E+15    6.244E+03    3.540E-02    1.682E-01     r       2.4
4.207E+08    8.912E-01    2.307E+30    2.710E+07    2.427E+15    6.315E+03    3.537E-02    1.960E-01     r       2.4
4.158E+08    8.946E-01    2.293E+30    2.722E+07    2.452E+15    6.350E+03    3.536E-02    2.113E-01     r       2.4
4.060E+08    9.012E-01    2.263E+30    2.745E+07    2.502E+15    6.419E+03    3.533E-02    2.447E-01     r       2.4
4.011E+08    9.044E-01    2.247E+30    2.757E+07    2.527E+15    6.453E+03    3.531E-02    2.630E-01     r       2.4
3.914E+08    9.107E-01    2.211E+30    2.779E+07    2.576E+15    6.520E+03    3.529E-02    3.027E-01     r       2.4
3.865E+08    9.138E-01    2.192E+30    2.791E+07    2.601E+15    6.553E+03    3.528E-02    3.243E-01     r       2.4
3.767E+08    9.197E-01    2.152E+30    2.813E+07    2.649E+15    6.617E+03    3.525E-02    3.711E-01     r       2.4
3.719E+08    9.225E-01    2.130E+30    2.824E+07    2.674E+15    6.649E+03    3.524E-02    3.963E-01     r       2.4
3.621E+08    9.281E-01    2.083E+30    2.845E+07    2.722E+15    6.712E+03    3.522E-02    4.507E-01     r       2.3
3.572E+08    9.308E-01    2.058E+30    2.856E+07    2.745E+15    6.743E+03    3.521E-02    4.800E-01     r       2.3
3.475E+08    9.360E-01    2.006E+30    2.876E+07    2.792E+15    6.804E+03    3.519E-02    5.427E-01     r       2.3
3.426E+08    9.385E-01    1.978E+30    2.887E+07    2.816E+15    6.834E+03    3.518E-02    5.763E-01     r       2.3
3.328E+08    9.433E-01    1.919E+30    2.907E+07    2.862E+15    6.892E+03    3.516E-02    6.478E-01     r       2.3
3.280E+08    9.456E-01    1.888E+30    2.917E+07    2.884E+15    6.921E+03    3.515E-02    6.858E-01     r       2.3
3.182E+08    9.501E-01    1.824E+30    2.936E+07    2.929E+15    6.977E+03    3.513E-02    7.666E-01     r       2.3
3.133E+08    9.522E-01    1.790E+30    2.945E+07    2.952E+15    7.005E+03    3.512E-02    8.093E-01     r       2.3
3.036E+08    9.564E-01    1.720E+30    2.964E+07    2.995E+15    7.059E+03    3.510E-02    8.995E-01     r       2.3
2.987E+08    9.583E-01    1.684E+30    2.973E+07    3.017E+15    7.086E+03    3.509E-02    9.470E-01     r       2.3
2.889E+08    9.621E-01    1.609E+30    2.991E+07    3.059E+15    7.137E+03    3.508E-02    1.047E+00     r       2.3
2.840E+08    9.639E-01    1.570E+30    3.000E+07    3.080E+15    7.163E+03    3.507E-02    1.099E+00     r       2.3
2.743E+08    9.674E-01    1.491E+30    3.017E+07    3.121E+15    7.212E+03    3.505E-02    1.208E+00     r       2.3
2.694E+08    9.690E-01    1.451E+30    3.025E+07    3.141E+15    7.236E+03    3.505E-02    1.265E+00     r       2.3
2.670E+08    9.698E-01    1.430E+30    3.029E+07    3.151E+15    7.248E+03    3.504E-02    1.294E+00     r       2.3
2.621E+08    9.714E-01    1.389E+30    3.037E+07    3.171E+15    7.272E+03    3.504E-02    1.353E+00     r       2.3
2.597E+08    9.722E-01    1.368E+30    3.041E+07    3.181E+15    7.283E+03    3.503E-02    1.383E+00     r       2.3
2.548E+08    9.736E-01    1.326E+30    3.049E+07    3.200E+15    7.306E+03    3.503E-02    1.445E+00     r       2.3
2.523E+08    9.744E-01    1.305E+30    3.053E+07    3.210E+15    7.318E+03    3.502E-02    1.476E+00     r       2.3
2.475E+08    9.758E-01    1.263E+30    3.061E+07    3.229E+15    7.340E+03    3.502E-02    1.539E+00     r       2.3
2.450E+08    9.765E-01    1.242E+30    3.065E+07    3.238E+15    7.351E+03    3.501E-02    1.571E+00     r       2.3
2.401E+08    9.778E-01    1.199E+30    3.072E+07    3.256E+15    7.373E+03    3.501E-02    1.636E+00     r       2.3
2.377E+08    9.785E-01    1.178E+30    3.076E+07    3.266E+15    7.383E+03    3.501E-02    1.670E+00     r       2.3
2.328E+08    9.797E-01    1.135E+30    3.083E+07    3.284E+15    7.405E+03    3.500E-02    1.737E+00     r       2.3
2.304E+08    9.803E-01    1.114E+30    3.087E+07    3.293E+15    7.415E+03    3.500E-02    1.771E+00     r       2.3
2.255E+08    9.815E-01    1.071E+30    3.094E+07    3.310E+15    7.435E+03    3.499E-02    1.839E+00     r       2.3
2.231E+08    9.821E-01    1.050E+30    3.097E+07    3.319E+15    7.446E+03    3.499E-02    1.874E+00     r       2.3
2.182E+08    9.832E-01    1.007E+30    3.104E+07    3.336E+15    7.465E+03    3.498E-02    1.944E+00     r       2.3
2.157E+08    9.838E-01    9.861E+29    3.108E+07    3.345E+15    7.475E+03    3.498E-02    1.980E+00     r       2.3
2.109E+08    9.848E-01    9.440E+29    3.114E+07    3.361E+15    7.494E+03    3.497E-02    2.052E+00     r       2.3
2.084E+08    9.853E-01    9.231E+29    3.118E+07    3.370E+15    7.504E+03    3.497E-02    2.088E+00     r       2.3
2.035E+08    9.863E-01    8.816E+29    3.124E+07    3.386E+15    7.523E+03    3.497E-02    2.160E+00     r       2.3
2.011E+08    9.868E-01    8.610E+29    3.127E+07    3.394E+15    7.532E+03    3.496E-02    2.197E+00     r       2.3
1.962E+08    9.877E-01    8.202E+29    3.134E+07    3.410E+15    7.550E+03    3.496E-02    2.271E+00     r       2.3
1.938E+08    9.881E-01    8.001E+29    3.137E+07    3.418E+15    7.559E+03    3.496E-02    2.308E+00     r       2.3
1.889E+08    9.890E-01    7.603E+29    3.143E+07    3.433E+15    7.576E+03    3.495E-02    2.382E+00     r       2.3
1.865E+08    9.894E-01    7.406E+29    3.146E+07    3.440E+15    7.584E+03    3.495E-02    2.420E+00     r       2.3
1.816E+08    9.902E-01    7.019E+29    3.151E+07    3.455E+15    7.601E+03    3.495E-02    2.495E+00     r       2.3
1.791E+08    9.906E-01    6.828E+29    3.154E+07    3.462E+15    7.609E+03    3.494E-02    2.532E+00     r       2.3
1.743E+08    9.913E-01    6.453E+29    3.160E+07    3.477E+15    7.625E+03    3.494E-02    2.607E+00     r       2.3
1.718E+08    9.917E-01    6.269E+29    3.163E+07    3.484E+15    7.633E+03    3.494E-02    2.645E+00     r       2.3
1.670E+08    9.923E-01    5.909E+29    3.168E+07    3.498E+15    7.649E+03    3.493E-02    2.720E+00     r       2.3
1.645E+08    9.927E-01    5.732E+29    3.171E+07    3.504E+15    7.656E+03    3.493E-02    2.758E+00     r       2.3
1.596E+08    9.933E-01    5.387E+29    3.176E+07    3.518E+15    7.671E+03    3.493E-02    2.833E+00     r       2.3
1.572E+08    9.936E-01    5.219E+29    3.178E+07    3.524E+15    7.679E+03    3.493E-02    2.870E+00     r       2.3
1.523E+08    9.941E-01    4.891E+29    3.183E+07    3.537E+15    7.693E+03    3.492E-02    2.945E+00     r       2.3
1.499E+08    9.944E-01    4.731E+29    3.186E+07    3.543E+15    7.700E+03    3.492E-02    2.982E+00     r       2.3
1.450E+08    9.949E-01    4.421E+29    3.191E+07    3.555E+15    7.713E+03    3.492E-02    3.055E+00     r       2.3
1.426E+08    9.952E-01    4.271E+29    3.193E+07    3.561E+15    7.720E+03    3.492E-02    3.092E+00     r       2.3
1.377E+08    9.956E-01    3.980E+29    3.197E+07    3.573E+15    7.733E+03    3.491E-02    3.165E+00     r       2.3
1.352E+08    9.959E-01    3.839E+29    3.200E+07    3.579E+15    7.739E+03    3.491E-02    3.201E+00     r       2.3
1.340E+08    9.960E-01    3.770E+29    3.201E+07    3.582E+15    7.742E+03    3.491E-02    3.219E+00     r       2.3
1.316E+08    9.962E-01    3.635E+29    3.203E+07    3.587E+15    7.748E+03    3.491E-02    3.254E+00     r       2.3
1.304E+08    9.963E-01    3.568E+29    3.204E+07    3.590E+15    7.751E+03    3.491E-02    3.272E+00     r       2.3
1.279E+08    9.965E-01    3.438E+29    3.206E+07    3.595E+15    7.757E+03    3.491E-02    3.307E+00     r       2.3
1.267E+08    9.966E-01    3.374E+29    3.207E+07    3.598E+15    7.760E+03    3.491E-02    3.325E+00     r       2.3
1.243E+08    9.968E-01    3.249E+29    3.209E+07    3.603E+15    7.766E+03    3.491E-02    3.360E+00     r       2.3
1.230E+08    9.969E-01    3.187E+29    3.210E+07    3.606E+15    7.769E+03    3.490E-02    3.377E+00     r       2.3
1.206E+08    9.970E-01    3.067E+29    3.212E+07    3.611E+15    7.775E+03    3.490E-02    3.411E+00     r       2.3
1.194E+08    9.971E-01    3.009E+29    3.213E+07    3.614E+15    7.778E+03    3.490E-02    3.429E+00     r       2.3
1.169E+08    9.973E-01    2.894E+29    3.215E+07    3.619E+15    7.783E+03    3.490E-02    3.462E+00     r       2.3
1.157E+08    9.974E-01    2.838E+29    3.216E+07    3.621E+15    7.786E+03    3.490E-02    3.479E+00     r       2.3
1.133E+08    9.975E-01    2.729E+29    3.218E+07    3.626E+15    7.791E+03    3.490E-02    3.513E+00     r       2.3
1.121E+08    9.976E-01    2.675E+29    3.219E+07    3.629E+15    7.794E+03    3.490E-02    3.529E+00     r       2.3
1.096E+08    9.978E-01    2.571E+29    3.221E+07    3.633E+15    7.799E+03    3.490E-02    3.562E+00     r       2.3
1.084E+08    9.978E-01    2.520E+29    3.222E+07    3.636E+15    7.802E+03    3.490E-02    3.579E+00     r       2.3
1.060E+08    9.980E-01    2.422E+29    3.223E+07    3.640E+15    7.807E+03    3.490E-02    3.611E+00     r       2.3
1.047E+08    9.980E-01    2.373E+29    3.224E+07    3.643E+15    7.809E+03    3.489E-02    3.627E+00     r       2.3
1.023E+08    9.982E-01    2.280E+29    3.226E+07    3.647E+15    7.814E+03    3.489E-02    3.659E+00     r       2.3
1.011E+08    9.982E-01    2.235E+29    3.227E+07    3.649E+15    7.816E+03    3.489E-02    3.675E+00     r       2.3
9.865E+07    9.983E-01    2.146E+29    3.228E+07    3.654E+15    7.821E+03    3.489E-02    3.706E+00     r       2.3
9.743E+07    9.984E-01    2.103E+29    3.229E+07    3.656E+15    7.824E+03    3.489E-02    3.721E+00     r       2.3
9.499E+07    9.985E-01    2.021E+29    3.231E+07    3.660E+15    7.828E+03    3.489E-02    3.752E+00     r       2.3
9.377E+07    9.986E-01    1.980E+29    3.232E+07    3.662E+15    7.830E+03    3.489E-02    3.767E+00     r       2.3
9.133E+07    9.987E-01    1.903E+29    3.233E+07    3.666E+15    7.835E+03    3.489E-02    3.797E+00     r       2.3
9.011E+07    9.987E-01    1.865E+29    3.234E+07    3.668E+15    7.837E+03    3.489E-02    3.811E+00     r       2.3
8.767E+07    9.988E-01    1.792E+29    3.235E+07    3.672E+15    7.841E+03    3.489E-02    3.841E+00     r       2.3
8.645E+07    9.989E-01    1.757E+29    3.236E+07    3.674E+15    7.843E+03    3.489E-02    3.855E+00     r       2.3
8.401E+07    9.989E-01    1.690E+29    3.238E+07    3.678E+15    7.848E+03    3.489E-02    3.884E+00     r       2.3
8.279E+07    9.990E-01    1.657E+29    3.238E+07    3.680E+15    7.850E+03    3.488E-02    3.898E+00     r       2.3
8.035E+07    9.991E-01    1.594E+29    3.240E+07    3.684E+15    7.854E+03    3.488E-02    3.926E+00     r       2.3
7.913E+07    9.991E-01    1.564E+29    3.241E+07    3.686E+15    7.856E+03    3.488E-02    3.939E+00     r       2.3
7.669E+07    9.992E-01    1.507E+29    3.242E+07    3.689E+15    7.860E+03    3.488E-02    3.967E+00     r       2.3
7.547E+07    9.992E-01    1.479E+29    3.243E+07    3.691E+15    7.861E+03    3.488E-02    3.980E+00     r       2.3
7.303E+07    9.993E-01    1.426E+29    3.244E+07    3.694E+15    7.865E+03    3.488E-02    4.006E+00     r       2.3
7.181E+07    9.993E-01    1.400E+29    3.245E+07    3.696E+15    7.867E+03    3.488E-02    4.020E+00     r       2.3
6.937E+07    9.994E-01    1.352E+29    3.246E+07    3.699E+15    7.871E+03    3.488E-02    4.045E+00     r       2.3
6.815E+07    9.994E-01    1.329E+29    3.246E+07    3.701E+15    7.872E+03    3.488E-02    4.058E+00     r       2.3
6.571E+07    9.995E-01    1.285E+29    3.248E+07    3.704E+15    7.876E+03    3.488E-02    4.083E+00     r       2.3
6.449E+07    9.995E-01    1.264E+29    3.248E+07    3.706E+15    7.878E+03    3.488E-02    4.096E+00     r       2.3
6.205E+07    9.995E-01    1.224E+29    3.249E+07    3.709E+15    7.881E+03    3.488E-02    4.120E+00     r       2.3
6.083E+07    9.996E-01    1.205E+29    3.250E+07    3.711E+15    7.883E+03    3.488E-02    4.132E+00     r       2.3
5.840E+07    9.996E-01    1.170E+29    3.251E+07    3.714E+15    7.886E+03    3.488E-02    4.156E+00     r       2.3
5.718E+07    9.996E-01    1.153E+29    3.252E+07    3.715E+15    7.888E+03    3.488E-02    4.168E+00     r       2.3
5.657E+07    9.996E-01    1.145E+29    3.252E+07    3.716E+15    7.888E+03    3.488E-02    4.174E+00     r       2.3
5.535E+07    9.996E-01    1.129E+29    3.253E+07    3.717E+15    7.890E+03    3.488E-02    4.186E+00     r       2.3
5.474E+07    9.997E-01    1.121E+29    3.253E+07    3.718E+15    7.891E+03    3.487E-02    4.192E+00     r       2.3
5.352E+07    9.997E-01    1.106E+29    3.253E+07    3.720E+15    7.892E+03    3.487E-02    4.203E+00     r       2.3
5.291E+07    9.997E-01    1.099E+29    3.254E+07    3.720E+15    7.893E+03    3.487E-02    4.209E+00     r       2.3
5.169E+07    9.997E-01    1.085E+29    3.254E+07    3.722E+15    7.895E+03    3.487E-02    4.221E+00     r       2.3
5.108E+07    9.997E-01    1.078E+29    3.255E+07    3.722E+15    7.896E+03    3.487E-02    4.226E+00     r       2.3
4.986E+07    9.997E-01    1.065E+29    3.255E+07    3.724E+15    7.897E+03    3.487E-02    4.238E+00     r       2.3
4.925E+07    9.997E-01    1.059E+29    3.255E+07    3.725E+15    7.898E+03    3.487E-02    4.244E+00     r       2.3
4.803E+07    9.997E-01    1.047E+29    3.256E+07    3.726E+15    7.899E+03    3.487E-02    4.255E+00     r       2.3
4.742E+07    9.998E-01    1.041E+29    3.256E+07    3.727E+15    7.900E+03    3.487E-02    4.261E+00     r       2.3
4.620E+07    9.998E-01    1.030E+29    3.257E+07    3.728E+15    7.902E+03    3.487E-02    4.272E+00     r       2.3
4.559E+07    9.998E-01    1.024E+29    3.257E+07    3.729E+15    7.902E+03    3.487E-02    4.278E+00     r       2.3
4.437E+07    9.998E-01    1.014E+29    3.257E+07    3.730E+15    7.904E+03    3.487E-02    4.289E+00     r       2.3
4.376E+07    9.998E-01    1.009E+29    3.258E+07    3.731E+15    7.905E+03    3.487E-02    4.295E+00     r       2.3
4.254E+07    9.998E-01    9.990E+28    3.258E+07    3.732E+15    7.906E+03    3.487E-02    4.307E+00     r       2.3
4.193E+07    9.998E-01    9.944E+28    3.259E+07    3.733E+15    7.907E+03    3.487E-02    4.312E+00     r       2.3
4.071E+07    9.998E-01    9.854E+28    3.259E+07    3.735E+15    7.908E+03    3.487E-02    4.324E+00     r       2.3
4.010E+07    9.998E-01    9.812E+28    3.259E+07    3.735E+15    7.909E+03    3.487E-02    4.330E+00     r       2.3
3.888E+07    9.998E-01    9.730E+28    3.260E+07    3.737E+15    7.911E+03    3.487E-02    4.341E+00     r       2.3
3.827E+07    9.998E-01    9.690E+28    3.260E+07    3.737E+15    7.912E+03    3.487E-02    4.347E+00     r       2.3
3.705E+07    9.998E-01    9.616E+28    3.261E+07    3.739E+15    7.913E+03    3.487E-02    4.359E+00     r       2.3
3.644E+07    9.998E-01    9.580E+28    3.261E+07    3.740E+15    7.914E+03    3.487E-02    4.365E+00     r       2.3
3.522E+07    9.999E-01    9.512E+28    3.262E+07    3.741E+15    7.915E+03    3.487E-02    4.377E+00     r       2.3
3.461E+07    9.999E-01    9.479E+28    3.262E+07    3.742E+15    7.916E+03    3.487E-02    4.383E+00     r       2.3
3.339E+07    9.999E-01    9.418E+28    3.262E+07    3.743E+15    7.918E+03    3.487E-02    4.396E+00     r       2.3
3.278E+07    9.999E-01    9.389E+28    3.263E+07    3.744E+15    7.919E+03    3.487E-02    4.402E+00     r       2.3
3.156E+07    9.999E-01    9.333E+28    3.263E+07    3.746E+15    7.920E+03    3.487E-02    4.415E+00     r       2.3
2.912E+07    9.999E-01    9.234E+28    3.265E+07    3.749E+15    7.924E+03    3.487E-02    4.443E+00     r       2.3
2.790E+07    9.999E-01    9.190E+28    3.265E+07    3.751E+15    7.926E+03    3.487E-02    4.457E+00     r       2.3
2.546E+07    9.999E-01    9.113E+28    3.267E+07    3.754E+15    7.930E+03    3.487E-02    4.489E+00     r       2.3
2.424E+07    9.999E-01    9.079E+28    3.267E+07    3.756E+15    7.932E+03    3.487E-02    4.506E+00     r       2.3
