   r        Qm       L_r       T        P        rho      kap      eps     fl   dlnPdlnT
7.253E+08    0.000E+00    2.906E+26    5.277E+03    5.929E+01    0.000E+00    2.837E+00    0.000E+00     *      99.9
7.246E+08    3.730E-14    2.906E+26    3.220E+03    6.970E-01    1.554E-08    2.810E+01    3.319E-107     r       4.0
7.238E+08    1.937E-13    2.906E+26    6.299E+03    1.265E+01    1.453E-07    1.608E+01    1.651E-86     r       2.8
7.235E+08    4.794E-13    2.906E+26    7.114E+03    3.453E+01    3.559E-07    2.151E+01    5.390E-83     r       7.6
7.233E+08    7.392E-13    2.906E+26    7.724E+03    5.446E+01    5.181E-07    2.179E+01    8.619E-81     r       5.4
7.232E+08    9.089E-13    2.906E+26    8.055E+03    6.749E+01    6.161E-07    2.161E+01    1.075E-79     r       5.1
7.232E+08    1.005E-12    2.906E+26    8.225E+03    7.488E+01    6.696E-07    2.147E+01    3.711E-79     r       5.0
7.231E+08    1.056E-12    2.906E+26    8.311E+03    7.881E+01    6.976E-07    2.139E+01    6.849E-79     r       4.9
7.231E+08    1.083E-12    2.906E+26    8.354E+03    8.084E+01    7.119E-07    2.135E+01    9.288E-79     r       4.9
7.231E+08    1.137E-12    2.906E+26    8.441E+03    8.502E+01    7.412E-07    2.127E+01    1.701E-78     r       4.9
7.231E+08    1.165E-12    2.906E+26    8.484E+03    8.717E+01    7.561E-07    2.123E+01    2.298E-78     r       4.9
7.231E+08    1.223E-12    2.906E+26    8.572E+03    9.161E+01    7.866E-07    2.114E+01    4.176E-78     r       4.8
7.231E+08    1.252E-12    2.906E+26    8.615E+03    9.390E+01    8.022E-07    2.109E+01    5.618E-78     r       4.8
7.230E+08    1.314E-12    2.906E+26    8.703E+03    9.860E+01    8.340E-07    2.100E+01    1.013E-77     r       4.8
7.230E+08    1.345E-12    2.906E+26    8.747E+03    1.010E+02    8.502E-07    2.096E+01    1.356E-77     r       4.8
7.230E+08    1.410E-12    2.906E+26    8.836E+03    1.060E+02    8.834E-07    2.086E+01    2.424E-77     r       4.8
7.230E+08    1.548E-12    2.906E+26    9.014E+03    1.166E+02    9.524E-07    2.067E+01    7.605E-77     r       4.8
7.229E+08    1.620E-12    2.906E+26    9.103E+03    1.222E+02    9.884E-07    2.057E+01    1.335E-76     r       4.7
7.229E+08    1.774E-12    2.906E+26    9.282E+03    1.340E+02    1.063E-06    2.037E+01    4.045E-76     r       4.7
7.229E+08    1.855E-12    2.906E+26    9.372E+03    1.402E+02    1.102E-06    2.027E+01    6.980E-76     r       4.7
7.228E+08    2.026E-12    2.906E+26    9.552E+03    1.534E+02    1.183E-06    2.007E+01    2.042E-75     r       4.7
7.228E+08    2.116E-12    2.906E+26    9.643E+03    1.603E+02    1.225E-06    1.996E+01    3.462E-75     r       4.7
7.228E+08    2.305E-12    2.906E+26    9.824E+03    1.749E+02    1.312E-06    1.976E+01    9.784E-75     r       4.7
7.227E+08    2.405E-12    2.906E+26    9.915E+03    1.826E+02    1.357E-06    1.966E+01    1.631E-74     r       4.7
7.227E+08    2.615E-12    2.906E+26    1.010E+04    1.988E+02    1.451E-06    1.947E+01    4.458E-74     r       4.7
7.227E+08    2.725E-12    2.906E+26    1.019E+04    2.073E+02    1.500E-06    1.937E+01    7.312E-74     r       4.7
7.226E+08    2.957E-12    2.906E+26    1.037E+04    2.251E+02    1.601E-06    1.918E+01    1.935E-73     r       4.7
7.226E+08    3.079E-12    2.906E+26    1.046E+04    2.345E+02    1.653E-06    1.908E+01    3.124E-73     r       4.6
7.225E+08    3.334E-12    2.906E+26    1.064E+04    2.542E+02    1.761E-06    1.889E+01    8.017E-73     r       4.6
7.225E+08    3.468E-12    2.906E+26    1.074E+04    2.645E+02    1.817E-06    1.880E+01    1.275E-72     r       4.6
7.225E+08    3.748E-12    2.906E+26    1.092E+04    2.861E+02    1.933E-06    1.862E+01    3.176E-72     r       4.6
7.225E+08    3.894E-12    2.906E+26    1.101E+04    2.974E+02    1.992E-06    1.853E+01    4.978E-72     r       4.6
7.224E+08    4.201E-12    2.906E+26    1.119E+04    3.211E+02    2.116E-06    1.835E+01    1.206E-71     r       4.6
7.224E+08    4.362E-12    2.906E+26    1.129E+04    3.334E+02    2.180E-06    1.826E+01    1.864E-71     r       4.6
7.223E+08    4.697E-12    2.906E+26    1.147E+04    3.593E+02    2.312E-06    1.809E+01    4.394E-71     r       4.6
7.223E+08    4.873E-12    2.906E+26    1.156E+04    3.729E+02    2.380E-06    1.800E+01    6.703E-71     r       4.6
7.223E+08    5.238E-12    2.906E+26    1.175E+04    4.011E+02    2.520E-06    1.783E+01    1.540E-70     r       4.6
7.223E+08    5.429E-12    2.906E+26    1.184E+04    4.158E+02    2.593E-06    1.775E+01    2.321E-70     r       4.6
7.222E+08    5.828E-12    2.906E+26    1.202E+04    4.466E+02    2.742E-06    1.759E+01    5.204E-70     r       4.6
7.222E+08    6.036E-12    2.906E+26    1.212E+04    4.626E+02    2.819E-06    1.751E+01    7.747E-70     r       4.6
7.221E+08    6.468E-12    2.906E+26    1.230E+04    4.961E+02    2.978E-06    1.735E+01    1.697E-69     r       4.6
7.221E+08    6.694E-12    2.906E+26    1.239E+04    5.135E+02    3.060E-06    1.728E+01    2.498E-69     r       4.6
7.221E+08    7.163E-12    2.906E+26    1.258E+04    5.498E+02    3.228E-06    1.712E+01    5.352E-69     r       4.6
7.220E+08    7.407E-12    2.906E+26    1.267E+04    5.686E+02    3.315E-06    1.705E+01    7.793E-69     r       4.6
7.220E+08    7.916E-12    2.906E+26    1.285E+04    6.079E+02    3.493E-06    1.690E+01    1.635E-68     r       4.6
7.220E+08    8.180E-12    2.906E+26    1.295E+04    6.284E+02    3.585E-06    1.683E+01    2.356E-68     r       4.6
7.219E+08    8.729E-12    2.906E+26    1.313E+04    6.708E+02    3.774E-06    1.669E+01    4.843E-68     r       4.6
7.219E+08    9.014E-12    2.906E+26    1.322E+04    6.929E+02    3.871E-06    1.662E+01    6.910E-68     r       4.6
7.219E+08    9.607E-12    2.906E+26    1.341E+04    7.387E+02    4.070E-06    1.648E+01    1.393E-67     r       4.6
7.218E+08    9.914E-12    2.906E+26    1.350E+04    7.625E+02    4.173E-06    1.641E+01    1.969E-67     r       4.6
7.218E+08    1.055E-11    2.906E+26    1.369E+04    8.119E+02    4.383E-06    1.628E+01    3.899E-67     r       4.6
7.218E+08    1.088E-11    2.906E+26    1.378E+04    8.375E+02    4.492E-06    1.621E+01    5.462E-67     r       4.6
7.217E+08    1.157E-11    2.906E+26    1.396E+04    8.907E+02    4.714E-06    1.608E+01    1.062E-66     r       4.6
7.217E+08    1.193E-11    2.906E+26    1.406E+04    9.182E+02    4.828E-06    1.602E+01    1.476E-66     r       4.6
7.217E+08    1.266E-11    2.906E+26    1.424E+04    9.754E+02    5.062E-06    1.589E+01    2.822E-66     r       4.6
7.216E+08    1.305E-11    2.906E+26    1.433E+04    1.005E+03    5.182E-06    1.583E+01    3.887E-66     r       4.6
7.216E+08    1.384E-11    2.906E+26    1.452E+04    1.066E+03    5.428E-06    1.571E+01    7.317E-66     r       4.6
7.216E+08    1.425E-11    2.906E+26    1.461E+04    1.098E+03    5.554E-06    1.565E+01    1.000E-65     r       4.6
7.215E+08    1.509E-11    2.906E+26    1.480E+04    1.164E+03    5.813E-06    1.553E+01    1.853E-65     r       4.6
7.215E+08    1.553E-11    2.906E+26    1.489E+04    1.198E+03    5.946E-06    1.547E+01    2.514E-65     r       4.6
7.215E+08    1.644E-11    2.906E+26    1.508E+04    1.268E+03    6.218E-06    1.536E+01    4.591E-65     r       4.6
7.214E+08    1.691E-11    2.906E+26    1.517E+04    1.304E+03    6.358E-06    1.530E+01    6.182E-65     r       4.6
7.214E+08    1.788E-11    2.906E+26    1.535E+04    1.379E+03    6.643E-06    1.519E+01    1.113E-64     r       4.6
7.214E+08    1.838E-11    2.906E+26    1.545E+04    1.418E+03    6.789E-06    1.513E+01    1.488E-64     r       4.6
7.213E+08    1.941E-11    2.906E+26    1.563E+04    1.498E+03    7.089E-06    1.502E+01    2.644E-64     r       4.6
7.213E+08    1.994E-11    2.906E+26    1.573E+04    1.540E+03    7.242E-06    1.497E+01    3.512E-64     r       4.6
7.213E+08    2.105E-11    2.906E+26    1.591E+04    1.625E+03    7.556E-06    1.486E+01    6.158E-64     r       4.6
7.212E+08    2.161E-11    2.906E+26    1.600E+04    1.670E+03    7.716E-06    1.481E+01    8.127E-64     r       4.6
7.212E+08    2.279E-11    2.906E+26    1.619E+04    1.761E+03    8.045E-06    1.471E+01    1.407E-63     r       4.6
7.212E+08    2.339E-11    2.906E+26    1.628E+04    1.808E+03    8.213E-06    1.466E+01    1.846E-63     r       4.6
7.211E+08    2.464E-11    2.906E+26    1.647E+04    1.905E+03    8.556E-06    1.456E+01    3.158E-63     r       4.6
7.211E+08    2.529E-11    2.906E+26    1.656E+04    1.955E+03    8.732E-06    1.451E+01    4.118E-63     r       4.6
7.211E+08    2.661E-11    2.906E+26    1.675E+04    2.058E+03    9.091E-06    1.441E+01    6.963E-63     r       4.6
7.210E+08    2.730E-11    2.906E+26    1.684E+04    2.111E+03    9.275E-06    1.436E+01    9.029E-63     r       4.6
7.210E+08    2.870E-11    2.906E+26    1.703E+04    2.221E+03    9.650E-06    1.427E+01    1.510E-62     r       4.6
7.210E+08    2.943E-11    2.906E+26    1.712E+04    2.277E+03    9.842E-06    1.422E+01    1.947E-62     r       4.6
7.209E+08    3.092E-11    2.906E+26    1.731E+04    2.393E+03    1.023E-05    1.413E+01    3.221E-62     r       4.6
7.209E+08    3.169E-11    2.906E+26    1.740E+04    2.453E+03    1.043E-05    1.408E+01    4.132E-62     r       4.6
7.208E+08    3.328E-11    2.906E+26    1.758E+04    2.576E+03    1.084E-05    1.399E+01    6.764E-62     r       4.6
7.208E+08    3.409E-11    2.906E+26    1.768E+04    2.639E+03    1.105E-05    1.395E+01    8.633E-62     r       4.6
7.208E+08    3.577E-11    2.906E+26    1.786E+04    2.770E+03    1.148E-05    1.386E+01    1.399E-61     r       4.6
7.207E+08    3.931E-11    2.906E+26    1.824E+04    3.046E+03    1.236E-05    1.369E+01    3.607E-61     r       4.6
7.206E+08    4.118E-11    2.906E+26    1.842E+04    3.192E+03    1.283E-05    1.360E+01    5.736E-61     r       4.6
7.206E+08    4.514E-11    2.906E+26    1.880E+04    3.500E+03    1.379E-05    1.344E+01    1.425E-60     r       4.6
7.205E+08    4.723E-11    2.906E+26    1.898E+04    3.663E+03    1.429E-05    1.336E+01    2.227E-60     r       4.6
7.204E+08    5.163E-11    2.906E+26    1.935E+04    4.006E+03    1.533E-05    1.320E+01    5.348E-60     r       4.6
7.204E+08    5.395E-11    2.906E+26    1.954E+04    4.187E+03    1.587E-05    1.313E+01    8.220E-60     r       4.6
7.203E+08    5.883E-11    2.906E+26    1.991E+04    4.568E+03    1.699E-05    1.298E+01    1.912E-59     r       4.6
7.202E+08    6.139E-11    2.906E+26    2.010E+04    4.768E+03    1.757E-05    1.291E+01    2.893E-59     r       4.6
7.201E+08    6.679E-11    2.906E+26    2.047E+04    5.190E+03    1.878E-05    1.276E+01    6.531E-59     r       4.6
7.201E+08    6.963E-11    2.906E+26    2.066E+04    5.411E+03    1.940E-05    1.269E+01    9.741E-59     r       4.6
7.200E+08    7.558E-11    2.906E+26    2.103E+04    5.876E+03    2.070E-05    1.256E+01    2.138E-58     r       4.6
7.200E+08    7.870E-11    2.906E+26    2.122E+04    6.120E+03    2.137E-05    1.249E+01    3.145E-58     r       4.6
7.199E+08    8.525E-11    2.906E+26    2.159E+04    6.632E+03    2.276E-05    1.236E+01    6.722E-58     r       4.6
7.198E+08    8.868E-11    2.906E+26    2.178E+04    6.901E+03    2.348E-05    1.229E+01    9.765E-58     r       4.6
7.197E+08    9.586E-11    2.906E+26    2.215E+04    7.463E+03    2.496E-05    1.217E+01    2.036E-57     r       4.6
7.197E+08    9.962E-11    2.906E+26    2.234E+04    7.758E+03    2.573E-05    1.211E+01    2.922E-57     r       4.6
7.196E+08    1.075E-10    2.906E+26    2.271E+04    8.374E+03    2.732E-05    1.199E+01    5.949E-57     r       4.6
7.196E+08    1.116E-10    2.906E+26    2.290E+04    8.696E+03    2.814E-05    1.193E+01    8.441E-57     r       4.6
7.195E+08    1.202E-10    2.906E+26    2.328E+04    9.370E+03    2.984E-05    1.181E+01    1.681E-56     r       4.6
7.194E+08    1.247E-10    2.906E+26    2.346E+04    9.722E+03    3.071E-05    1.175E+01    2.359E-56     r       4.6
7.193E+08    1.341E-10    2.906E+26    2.384E+04    1.046E+04    3.252E-05    1.164E+01    4.601E-56     r       4.6
7.193E+08    1.389E-10    2.906E+26    2.402E+04    1.084E+04    3.345E-05    1.159E+01    6.392E-56     r       4.6
7.192E+08    1.491E-10    2.906E+26    2.440E+04    1.164E+04    3.537E-05    1.148E+01    1.222E-55     r       4.6
7.191E+08    1.544E-10    2.906E+26    2.459E+04    1.206E+04    3.636E-05    1.143E+01    1.681E-55     r       4.6
7.191E+08    1.655E-10    2.906E+26    2.496E+04    1.293E+04    3.840E-05    1.132E+01    3.154E-55     r       4.6
7.190E+08    1.713E-10    2.906E+26    2.515E+04    1.338E+04    3.945E-05    1.127E+01    4.300E-55     r       4.6
7.189E+08    1.833E-10    2.906E+26    2.552E+04    1.432E+04    4.161E-05    1.117E+01    7.924E-55     r       4.6
7.189E+08    1.895E-10    2.906E+26    2.571E+04    1.481E+04    4.273E-05    1.112E+01    1.071E-54     r       4.6
7.188E+08    2.025E-10    2.906E+26    2.609E+04    1.584E+04    4.502E-05    1.102E+01    1.940E-54     r       4.6
7.187E+08    2.092E-10    2.906E+26    2.627E+04    1.637E+04    4.620E-05    1.098E+01    2.600E-54     r       4.6
7.186E+08    2.233E-10    2.906E+26    2.665E+04    1.747E+04    4.862E-05    1.088E+01    4.634E-54     r       4.6
7.186E+08    2.305E-10    2.906E+26    2.684E+04    1.805E+04    4.987E-05    1.084E+01    6.163E-54     r       4.6
7.185E+08    2.457E-10    2.906E+26    2.721E+04    1.924E+04    5.244E-05    1.075E+01    1.082E-53     r       4.6
7.185E+08    2.535E-10    2.906E+26    2.740E+04    1.986E+04    5.375E-05    1.070E+01    1.427E-53     r       4.6
7.184E+08    2.698E-10    2.906E+26    2.777E+04    2.114E+04    5.646E-05    1.061E+01    2.469E-53     r       4.6
7.183E+08    2.783E-10    2.906E+26    2.796E+04    2.181E+04    5.785E-05    1.057E+01    3.235E-53     r       4.6
7.182E+08    2.958E-10    2.906E+26    2.834E+04    2.319E+04    6.071E-05    1.049E+01    5.516E-53     r       4.6
7.182E+08    3.048E-10    2.906E+26    2.853E+04    2.391E+04    6.217E-05    1.044E+01    7.178E-53     r       4.6
7.181E+08    3.237E-10    2.906E+26    2.890E+04    2.539E+04    6.518E-05    1.036E+01    1.208E-52     r       4.6
7.181E+08    3.334E-10    2.906E+26    2.909E+04    2.616E+04    6.672E-05    1.032E+01    1.561E-52     r       4.6
7.180E+08    3.536E-10    2.906E+26    2.947E+04    2.776E+04    6.989E-05    1.024E+01    2.594E-52     r       4.6
7.179E+08    3.640E-10    2.906E+26    2.965E+04    2.858E+04    7.151E-05    1.020E+01    3.332E-52     r       4.6
7.178E+08    3.856E-10    2.906E+26    3.003E+04    3.029E+04    7.484E-05    1.012E+01    5.467E-52     r       4.6
7.178E+08    3.968E-10    2.906E+26    3.022E+04    3.117E+04    7.655E-05    1.009E+01    6.982E-52     r       4.6
7.177E+08    4.199E-10    2.906E+26    3.060E+04    3.300E+04    8.004E-05    1.001E+01    1.132E-51     r       4.6
7.177E+08    4.318E-10    2.906E+26    3.078E+04    3.395E+04    8.184E-05    9.974E+00    1.438E-51     r       4.6
7.176E+08    4.565E-10    2.906E+26    3.116E+04    3.590E+04    8.551E-05    9.901E+00    2.305E-51     r       4.6
7.175E+08    4.692E-10    2.906E+26    3.135E+04    3.691E+04    8.739E-05    9.865E+00    2.911E-51     r       4.6
7.174E+08    4.956E-10    2.906E+26    3.173E+04    3.900E+04    9.124E-05    9.794E+00    4.616E-51     r       4.6
7.174E+08    5.091E-10    2.906E+26    3.191E+04    4.008E+04    9.321E-05    9.759E+00    5.798E-51     r       4.6
7.173E+08    5.372E-10    2.906E+26    3.229E+04    4.231E+04    9.724E-05    9.690E+00    9.102E-51     r       4.6
7.172E+08    5.517E-10    2.906E+26    3.248E+04    4.345E+04    9.931E-05    9.656E+00    1.137E-50     r       4.6
7.172E+08    5.816E-10    2.906E+26    3.286E+04    4.583E+04    1.035E-04    9.589E+00    1.768E-50     r       4.6
7.171E+08    5.970E-10    2.906E+26    3.305E+04    4.705E+04    1.057E-04    9.556E+00    2.198E-50     r       4.6
7.170E+08    6.287E-10    2.906E+26    3.342E+04    4.958E+04    1.101E-04    9.491E+00    3.384E-50     r       4.6
7.170E+08    6.451E-10    2.906E+26    3.361E+04    5.088E+04    1.124E-04    9.459E+00    4.188E-50     r       4.6
7.169E+08    6.789E-10    2.906E+26    3.399E+04    5.356E+04    1.170E-04    9.395E+00    6.388E-50     r       4.6
7.168E+08    6.963E-10    2.906E+26    3.418E+04    5.495E+04    1.194E-04    9.364E+00    7.871E-50     r       4.6
7.167E+08    7.321E-10    2.906E+26    3.456E+04    5.780E+04    1.242E-04    9.302E+00    1.190E-49     r       4.6
7.167E+08    7.505E-10    2.906E+26    3.474E+04    5.927E+04    1.266E-04    9.271E+00    1.460E-49     r       4.6
7.166E+08    7.885E-10    2.906E+26    3.512E+04    6.229E+04    1.317E-04    9.211E+00    2.188E-49     r       4.6
7.166E+08    8.081E-10    2.906E+26    3.531E+04    6.385E+04    1.343E-04    9.181E+00    2.672E-49     r       4.6
7.165E+08    8.483E-10    2.906E+26    3.569E+04    6.706E+04    1.395E-04    9.122E+00    3.972E-49     r       4.6
7.164E+08    8.691E-10    2.906E+26    3.588E+04    6.871E+04    1.422E-04    9.093E+00    4.833E-49     r       4.6
7.163E+08    9.117E-10    2.906E+26    3.626E+04    7.211E+04    1.477E-04    9.036E+00    7.128E-49     r       4.6
7.162E+08    1.002E-09    2.906E+26    3.701E+04    7.930E+04    1.591E-04    8.924E+00    1.526E-48     r       4.6
7.161E+08    1.049E-09    2.906E+26    3.739E+04    8.311E+04    1.651E-04    8.869E+00    2.217E-48     r       4.6
7.159E+08    1.150E-09    2.906E+26    3.815E+04    9.114E+04    1.774E-04    8.763E+00    4.612E-48     r       4.6
7.158E+08    1.203E-09    2.906E+26    3.853E+04    9.539E+04    1.839E-04    8.711E+00    6.605E-48     r       4.6
7.156E+08    1.315E-09    2.906E+26    3.929E+04    1.043E+05    1.973E-04    8.609E+00    1.337E-47     r       4.6
7.155E+08    1.374E-09    2.906E+26    3.966E+04    1.091E+05    2.042E-04    8.559E+00    1.890E-47     r       4.6
7.153E+08    1.498E-09    2.906E+26    4.042E+04    1.190E+05    2.187E-04    8.462E+00    3.730E-47     r       4.6
7.152E+08    1.563E-09    2.906E+26    4.080E+04    1.242E+05    2.262E-04    8.414E+00    5.208E-47     r       4.6
7.151E+08    1.700E-09    2.906E+26    4.156E+04    1.352E+05    2.417E-04    8.321E+00    1.003E-46     r       4.6
7.150E+08    1.772E-09    2.906E+26    4.194E+04    1.410E+05    2.498E-04    8.276E+00    1.385E-46     r       4.6
7.148E+08    1.923E-09    2.906E+26    4.270E+04    1.532E+05    2.665E-04    8.187E+00    2.609E-46     r       4.6
7.147E+08    2.002E-09    2.906E+26    4.308E+04    1.596E+05    2.752E-04    8.143E+00    3.562E-46     r       4.6
7.145E+08    2.168E-09    2.906E+26    4.384E+04    1.729E+05    2.931E-04    8.058E+00    6.572E-46     r       4.6
7.144E+08    2.255E-09    2.906E+26    4.422E+04    1.800E+05    3.024E-04    8.016E+00    8.881E-46     r       4.6
7.143E+08    2.438E-09    2.906E+26    4.499E+04    1.947E+05    3.216E-04    7.934E+00    1.606E-45     r       4.6
7.142E+08    2.533E-09    2.906E+26    4.537E+04    2.024E+05    3.315E-04    7.893E+00    2.150E-45     r       4.6
7.140E+08    2.733E-09    2.906E+26    4.613E+04    2.185E+05    3.520E-04    7.815E+00    3.816E-45     r       4.6
7.139E+08    2.837E-09    2.906E+26    4.651E+04    2.269E+05    3.626E-04    7.776E+00    5.061E-45     r       4.6
7.137E+08    3.055E-09    2.906E+26    4.727E+04    2.446E+05    3.845E-04    7.700E+00    8.824E-45     r       4.6
7.136E+08    3.169E-09    2.906E+26    4.765E+04    2.538E+05    3.958E-04    7.663E+00    1.160E-44     r       4.6
7.134E+08    3.406E-09    2.906E+26    4.842E+04    2.731E+05    4.192E-04    7.590E+00    1.990E-44     r       4.6
7.133E+08    3.530E-09    2.906E+26    4.880E+04    2.831E+05    4.312E-04    7.554E+00    2.595E-44     r       4.6
7.132E+08    3.789E-09    2.906E+26    4.956E+04    3.041E+05    4.561E-04    7.484E+00    4.380E-44     r       4.6
7.131E+08    3.923E-09    2.906E+26    4.994E+04    3.150E+05    4.689E-04    7.449E+00    5.668E-44     r       4.6
7.129E+08    4.204E-09    2.906E+26    5.071E+04    3.379E+05    4.953E-04    7.381E+00    9.424E-44     r       4.6
7.128E+08    4.350E-09    2.906E+26    5.109E+04    3.497E+05    5.089E-04    7.348E+00    1.211E-43     r       4.6
7.126E+08    4.654E-09    2.906E+26    5.186E+04    3.745E+05    5.369E-04    7.283E+00    1.984E-43     r       4.6
7.125E+08    4.813E-09    2.906E+26    5.224E+04    3.874E+05    5.514E-04    7.250E+00    2.531E-43     r       4.6
7.123E+08    5.142E-09    2.906E+26    5.301E+04    4.143E+05    5.811E-04    7.187E+00    4.093E-43     r       4.6
7.123E+08    5.313E-09    2.906E+26    5.339E+04    4.282E+05    5.964E-04    7.156E+00    5.187E-43     r       4.6
7.121E+08    5.668E-09    2.906E+26    5.416E+04    4.573E+05    6.278E-04    7.095E+00    8.278E-43     r       4.6
7.120E+08    5.853E-09    2.906E+26    5.454E+04    4.724E+05    6.440E-04    7.065E+00    1.043E-42     r       4.6
7.118E+08    6.237E-09    2.906E+26    5.531E+04    5.037E+05    6.772E-04    7.006E+00    1.643E-42     r       4.6
7.117E+08    6.436E-09    2.906E+26    5.569E+04    5.200E+05    6.943E-04    6.977E+00    2.057E-42     r       4.6
7.115E+08    6.848E-09    2.906E+26    5.646E+04    5.538E+05    7.295E-04    6.919E+00    3.205E-42     r       4.6
7.114E+08    7.063E-09    2.906E+26    5.684E+04    5.714E+05    7.475E-04    6.891E+00    3.989E-42     r       4.6
7.113E+08    7.507E-09    2.906E+26    5.761E+04    6.078E+05    7.846E-04    6.836E+00    6.145E-42     r       4.6
7.112E+08    7.737E-09    2.906E+26    5.799E+04    6.267E+05    8.037E-04    6.808E+00    7.607E-42     r       4.6
7.110E+08    8.213E-09    2.906E+26    5.876E+04    6.659E+05    8.428E-04    6.755E+00    1.159E-41     r       4.6
7.109E+08    8.460E-09    2.906E+26    5.915E+04    6.862E+05    8.628E-04    6.728E+00    1.428E-41     r       4.6
7.107E+08    8.971E-09    2.906E+26    5.992E+04    7.283E+05    9.040E-04    6.676E+00    2.153E-41     r       4.6
7.106E+08    9.236E-09    2.906E+26    6.030E+04    7.501E+05    9.251E-04    6.650E+00    2.638E-41     r       4.6
7.104E+08    9.784E-09    2.906E+26    6.107E+04    7.952E+05    9.684E-04    6.600E+00    3.941E-41     r       4.6
7.104E+08    1.007E-08    2.906E+26    6.146E+04    8.185E+05    9.906E-04    6.575E+00    4.805E-41     r       4.6
7.102E+08    1.065E-08    2.906E+26    6.223E+04    8.669E+05    1.036E-03    6.526E+00    7.111E-41     r       4.6
7.101E+08    1.095E-08    2.906E+26    6.262E+04    8.919E+05    1.060E-03    6.502E+00    8.630E-41     r       4.6
7.099E+08    1.158E-08    2.906E+26    6.339E+04    9.436E+05    1.107E-03    6.454E+00    1.266E-40     r       4.6
7.098E+08    1.190E-08    2.906E+26    6.377E+04    9.704E+05    1.132E-03    6.430E+00    1.529E-40     r       4.6
7.096E+08    1.257E-08    2.906E+26    6.455E+04    1.026E+06    1.182E-03    6.384E+00    2.223E-40     r       4.6
7.095E+08    1.292E-08    2.906E+26    6.493E+04    1.054E+06    1.208E-03    6.361E+00    2.675E-40     r       4.6
7.094E+08    1.363E-08    2.906E+26    6.570E+04    1.113E+06    1.260E-03    6.316E+00    3.857E-40     r       4.6
7.093E+08    1.399E-08    2.906E+26    6.609E+04    1.144E+06    1.287E-03    6.294E+00    4.622E-40     r       4.6
7.091E+08    1.475E-08    2.906E+26    6.687E+04    1.207E+06    1.342E-03    6.250E+00    6.610E-40     r       4.6
7.090E+08    1.514E-08    2.906E+26    6.725E+04    1.239E+06    1.371E-03    6.228E+00    7.890E-40     r       4.6
7.088E+08    1.595E-08    2.906E+26    6.803E+04    1.306E+06    1.428E-03    6.186E+00    1.120E-39     r       4.6
7.087E+08    1.636E-08    2.906E+26    6.841E+04    1.341E+06    1.458E-03    6.165E+00    1.332E-39     r       4.6
7.085E+08    1.722E-08    2.906E+26    6.919E+04    1.412E+06    1.518E-03    6.123E+00    1.876E-39     r       4.6
7.084E+08    1.766E-08    2.906E+26    6.958E+04    1.449E+06    1.549E-03    6.103E+00    2.223E-39     r       4.6
7.083E+08    1.857E-08    2.906E+26    7.035E+04    1.525E+06    1.612E-03    6.062E+00    3.110E-39     r       4.6
7.082E+08    1.904E-08    2.906E+26    7.074E+04    1.564E+06    1.645E-03    6.042E+00    3.672E-39     r       4.6
7.080E+08    2.000E-08    2.906E+26    7.152E+04    1.644E+06    1.711E-03    6.003E+00    5.102E-39     r       4.6
7.079E+08    2.050E-08    2.906E+26    7.190E+04    1.686E+06    1.744E-03    5.983E+00    6.003E-39     r       4.6
7.077E+08    2.152E-08    2.906E+26    7.268E+04    1.771E+06    1.813E-03    5.945E+00    8.286E-39     r       4.6
7.076E+08    2.204E-08    2.906E+26    7.307E+04    1.815E+06    1.848E-03    5.926E+00    9.718E-39     r       4.6
7.075E+08    2.312E-08    2.906E+26    7.385E+04    1.906E+06    1.920E-03    5.888E+00    1.333E-38     r       4.6
7.071E+08    2.541E-08    2.906E+26    7.540E+04    2.098E+06    2.070E-03    5.815E+00    2.476E-38     r       4.6
7.069E+08    2.662E-08    2.906E+26    7.618E+04    2.199E+06    2.148E-03    5.779E+00    3.355E-38     r       4.6
7.065E+08    2.917E-08    2.906E+26    7.774E+04    2.414E+06    2.311E-03    5.709E+00    6.089E-38     r       4.6
7.064E+08    3.051E-08    2.906E+26    7.852E+04    2.527E+06    2.395E-03    5.675E+00    8.158E-38     r       4.6
7.060E+08    3.335E-08    2.906E+26    8.008E+04    2.767E+06    2.572E-03    5.609E+00    1.449E-37     r       4.6
7.058E+08    3.484E-08    2.906E+26    8.086E+04    2.893E+06    2.663E-03    5.576E+00    1.920E-37     r       4.6
7.055E+08    3.799E-08    2.906E+26    8.243E+04    3.160E+06    2.853E-03    5.513E+00    3.341E-37     r       4.6
7.053E+08    3.964E-08    2.906E+26    8.321E+04    3.300E+06    2.952E-03    5.481E+00    4.386E-37     r       4.6
7.049E+08    4.312E-08    2.906E+26    8.478E+04    3.596E+06    3.157E-03    5.420E+00    7.486E-37     r       4.6
7.047E+08    4.495E-08    2.906E+26    8.556E+04    3.752E+06    3.264E-03    5.391E+00    9.736E-37     r       4.6
7.044E+08    4.878E-08    2.906E+26    8.713E+04    4.079E+06    3.485E-03    5.332E+00    1.632E-36     r       4.6
7.042E+08    5.080E-08    2.906E+26    8.791E+04    4.251E+06    3.599E-03    5.304E+00    2.104E-36     r       4.6
7.038E+08    5.502E-08    2.906E+26    8.949E+04    4.612E+06    3.836E-03    5.248E+00    3.468E-36     r       4.6
7.036E+08    5.723E-08    2.906E+26    9.027E+04    4.801E+06    3.959E-03    5.220E+00    4.434E-36     r       4.6
7.033E+08    6.186E-08    2.906E+26    9.185E+04    5.198E+06    4.214E-03    5.166E+00    7.193E-36     r       4.6
7.031E+08    6.428E-08    2.906E+26    9.263E+04    5.407E+06    4.345E-03    5.140E+00    9.127E-36     r       4.6
7.027E+08    6.936E-08    2.906E+26    9.421E+04    5.843E+06    4.618E-03    5.088E+00    1.458E-35     r       4.6
7.026E+08    7.201E-08    2.906E+26    9.500E+04    6.072E+06    4.759E-03    5.063E+00    1.837E-35     r       4.6
7.022E+08    7.755E-08    2.906E+26    9.658E+04    6.550E+06    5.050E-03    5.013E+00    2.894E-35     r       4.6
7.020E+08    8.044E-08    2.906E+26    9.737E+04    6.800E+06    5.200E-03    4.989E+00    3.619E-35     r       4.6
7.016E+08    8.648E-08    2.906E+26    9.895E+04    7.324E+06    5.511E-03    4.941E+00    5.625E-35     r       4.6
7.015E+08    8.964E-08    2.906E+26    9.974E+04    7.597E+06    5.671E-03    4.918E+00    6.991E-35     r       4.6
7.011E+08    9.621E-08    2.906E+26    1.013E+05    8.168E+06    6.003E-03    4.872E+00    1.073E-34     r       4.6
7.009E+08    9.964E-08    2.906E+26    1.021E+05    8.466E+06    6.174E-03    4.849E+00    1.325E-34     r       4.6
7.006E+08    1.068E-07    2.906E+26    1.037E+05    9.089E+06    6.526E-03    4.804E+00    2.008E-34     r       4.6
7.004E+08    1.105E-07    2.906E+26    1.045E+05    9.413E+06    6.708E-03    4.783E+00    2.466E-34     r       4.6
7.000E+08    1.182E-07    2.906E+26    1.061E+05    1.009E+07    7.083E-03    4.740E+00    3.695E-34     r       4.6
6.998E+08    1.223E-07    2.906E+26    1.069E+05    1.044E+07    7.276E-03    4.718E+00    4.511E-34     r       4.6
6.995E+08    1.307E-07    2.906E+26    1.085E+05    1.118E+07    7.674E-03    4.677E+00    6.687E-34     r       4.6
6.993E+08    1.350E-07    2.906E+26    1.093E+05    1.156E+07    7.879E-03    4.657E+00    8.120E-34     r       4.6
6.989E+08    1.441E-07    2.906E+26    1.109E+05    1.236E+07    8.301E-03    4.616E+00    1.191E-33     r       4.6
6.987E+08    1.488E-07    2.906E+26    1.117E+05    1.277E+07    8.518E-03    4.597E+00    1.439E-33     r       4.6
6.984E+08    1.585E-07    2.906E+26    1.133E+05    1.363E+07    8.965E-03    4.558E+00    2.090E-33     r       4.6
6.982E+08    1.636E-07    2.906E+26    1.141E+05    1.408E+07    9.195E-03    4.539E+00    2.513E-33     r       4.6
6.978E+08    1.741E-07    2.906E+26    1.157E+05    1.501E+07    9.667E-03    4.501E+00    3.616E-33     r       4.6
6.977E+08    1.796E-07    2.906E+26    1.165E+05    1.550E+07    9.911E-03    4.483E+00    4.327E-33     r       4.6
6.973E+08    1.909E-07    2.906E+26    1.181E+05    1.650E+07    1.041E-02    4.446E+00    6.170E-33     r       4.6
6.971E+08    1.968E-07    2.906E+26    1.189E+05    1.702E+07    1.067E-02    4.428E+00    7.351E-33     r       4.6
6.968E+08    2.090E-07    2.906E+26    1.205E+05    1.811E+07    1.120E-02    4.393E+00    1.039E-32     r       4.6
6.966E+08    2.153E-07    2.906E+26    1.213E+05    1.867E+07    1.147E-02    4.376E+00    1.233E-32     r       4.6
6.962E+08    2.283E-07    2.906E+26    1.229E+05    1.983E+07    1.202E-02    4.341E+00    1.728E-32     r       4.6
6.960E+08    2.351E-07    2.906E+26    1.237E+05    2.044E+07    1.231E-02    4.325E+00    2.042E-32     r       4.6
6.957E+08    2.490E-07    2.906E+26    1.253E+05    2.169E+07    1.290E-02    4.291E+00    2.840E-32     r       4.6
6.955E+08    2.563E-07    2.906E+26    1.261E+05    2.234E+07    1.320E-02    4.275E+00    3.343E-32     r       4.6
6.951E+08    2.712E-07    2.906E+26    1.277E+05    2.368E+07    1.381E-02    4.243E+00    4.615E-32     r       4.6
6.949E+08    2.789E-07    2.906E+26    1.285E+05    2.438E+07    1.413E-02    4.227E+00    5.412E-32     r       4.6
6.946E+08    2.949E-07    2.906E+26    1.301E+05    2.582E+07    1.478E-02    4.195E+00    7.416E-32     r       4.6
6.944E+08    3.032E-07    2.906E+26    1.310E+05    2.657E+07    1.511E-02    4.180E+00    8.665E-32     r       4.6
6.940E+08    3.203E-07    2.906E+26    1.326E+05    2.811E+07    1.580E-02    4.150E+00    1.179E-31     r       4.6
6.939E+08    3.291E-07    2.906E+26    1.334E+05    2.891E+07    1.615E-02    4.135E+00    1.373E-31     r       4.6
6.935E+08    3.473E-07    2.906E+26    1.350E+05    3.056E+07    1.687E-02    4.105E+00    1.856E-31     r       4.6
6.933E+08    3.566E-07    2.906E+26    1.358E+05    3.141E+07    1.723E-02    4.090E+00    2.154E-31     r       4.6
6.929E+08    3.760E-07    2.906E+26    1.374E+05    3.318E+07    1.799E-02    4.061E+00    2.893E-31     r       4.6
6.928E+08    3.860E-07    2.906E+26    1.383E+05    3.409E+07    1.837E-02    4.047E+00    3.348E-31     r       4.6
6.924E+08    4.066E-07    2.906E+26    1.399E+05    3.597E+07    1.916E-02    4.019E+00    4.468E-31     r       4.6
6.922E+08    4.173E-07    2.906E+26    1.407E+05    3.694E+07    1.957E-02    4.005E+00    5.154E-31     r       4.6
6.919E+08    4.392E-07    2.906E+26    1.423E+05    3.895E+07    2.039E-02    3.978E+00    6.838E-31     r       4.6
6.917E+08    4.505E-07    2.906E+26    1.431E+05    3.999E+07    2.082E-02    3.964E+00    7.864E-31     r       4.6
6.913E+08    4.738E-07    2.906E+26    1.448E+05    4.213E+07    2.168E-02    3.938E+00    1.037E-30     r       4.6
6.911E+08    4.858E-07    2.906E+26    1.456E+05    4.323E+07    2.213E-02    3.925E+00    1.190E-30     r       4.6
6.908E+08    5.104E-07    2.906E+26    1.472E+05    4.551E+07    2.303E-02    3.899E+00    1.561E-30     r       4.6
6.906E+08    5.232E-07    2.906E+26    1.480E+05    4.668E+07    2.350E-02    3.886E+00    1.785E-30     r       4.6
6.902E+08    5.493E-07    2.906E+26    1.497E+05    4.910E+07    2.445E-02    3.861E+00    2.330E-30     r       4.6
6.900E+08    5.628E-07    2.906E+26    1.505E+05    5.035E+07    2.493E-02    3.848E+00    2.658E-30     r       4.6
6.897E+08    5.905E-07    2.906E+26    1.521E+05    5.292E+07    2.592E-02    3.823E+00    3.450E-30     r       4.6
6.895E+08    6.048E-07    2.906E+26    1.530E+05    5.425E+07    2.643E-02    3.811E+00    3.926E-30     r       4.6
6.891E+08    6.341E-07    2.906E+26    1.546E+05    5.697E+07    2.746E-02    3.787E+00    5.071E-30     r       4.6
6.890E+08    6.492E-07    2.906E+26    1.554E+05    5.838E+07    2.799E-02    3.775E+00    5.756E-30     r       4.6
6.886E+08    6.802E-07    2.906E+26    1.571E+05    6.127E+07    2.907E-02    3.752E+00    7.400E-30     r       4.6
6.879E+08    7.457E-07    2.906E+26    1.604E+05    6.741E+07    3.133E-02    3.706E+00    1.212E-29     r       4.6
6.875E+08    7.803E-07    2.906E+26    1.620E+05    7.066E+07    3.250E-02    3.683E+00    1.543E-29     r       4.6
6.868E+08    8.532E-07    2.906E+26    1.653E+05    7.753E+07    3.495E-02    3.639E+00    2.483E-29     r       4.6
6.864E+08    8.917E-07    2.906E+26    1.670E+05    8.117E+07    3.623E-02    3.618E+00    3.136E-29     r       4.6
6.857E+08    9.727E-07    2.906E+26    1.703E+05    8.885E+07    3.888E-02    3.576E+00    4.962E-29     r       4.6
6.853E+08    1.015E-06    2.906E+26    1.720E+05    9.290E+07    4.027E-02    3.555E+00    6.218E-29     r       4.6
6.846E+08    1.105E-06    2.906E+26    1.753E+05    1.015E+08    4.314E-02    3.515E+00    9.688E-29     r       4.6
6.842E+08    1.152E-06    2.906E+26    1.769E+05    1.060E+08    4.463E-02    3.495E+00    1.205E-28     r       4.6
6.835E+08    1.251E-06    2.906E+26    1.803E+05    1.155E+08    4.774E-02    3.457E+00    1.850E-28     r       4.6
6.832E+08    1.303E-06    2.906E+26    1.820E+05    1.205E+08    4.935E-02    3.438E+00    2.284E-28     r       4.6
6.824E+08    1.412E-06    2.906E+26    1.853E+05    1.310E+08    5.270E-02    3.401E+00    3.460E-28     r       4.6
6.821E+08    1.469E-06    2.906E+26    1.870E+05    1.365E+08    5.443E-02    3.383E+00    4.244E-28     r       4.6
6.813E+08    1.589E-06    2.906E+26    1.903E+05    1.482E+08    5.803E-02    3.348E+00    6.346E-28     r       4.6
6.810E+08    1.651E-06    2.906E+26    1.920E+05    1.543E+08    5.990E-02    3.330E+00    7.736E-28     r       4.6
6.803E+08    1.783E-06    2.906E+26    1.954E+05    1.672E+08    6.377E-02    3.296E+00    1.143E-27     r       4.6
6.799E+08    1.851E-06    2.906E+26    1.971E+05    1.739E+08    6.577E-02    3.279E+00    1.385E-27     r       4.6
6.792E+08    1.995E-06    2.906E+26    2.005E+05    1.880E+08    6.992E-02    3.246E+00    2.022E-27     r       4.6
6.788E+08    2.070E-06    2.906E+26    2.022E+05    1.954E+08    7.207E-02    3.230E+00    2.436E-27     r       4.6
6.781E+08    2.226E-06    2.906E+26    2.056E+05    2.110E+08    7.651E-02    3.199E+00    3.518E-27     r       4.6
6.777E+08    2.308E-06    2.906E+26    2.073E+05    2.191E+08    7.881E-02    3.183E+00    4.217E-27     r       4.6
6.770E+08    2.479E-06    2.906E+26    2.107E+05    2.361E+08    8.357E-02    3.153E+00    6.028E-27     r       4.6
6.766E+08    2.568E-06    2.906E+26    2.124E+05    2.451E+08    8.603E-02    3.138E+00    7.189E-27     r       4.6
6.759E+08    2.753E-06    2.906E+26    2.158E+05    2.637E+08    9.110E-02    3.108E+00    1.018E-26     r       4.6
6.755E+08    2.850E-06    2.906E+26    2.175E+05    2.734E+08    9.373E-02    3.094E+00    1.208E-26     r       4.6
6.748E+08    3.051E-06    2.906E+26    2.209E+05    2.938E+08    9.915E-02    3.065E+00    1.694E-26     r       4.6
6.745E+08    3.156E-06    2.906E+26    2.226E+05    3.044E+08    1.019E-01    3.052E+00    2.001E-26     r       4.6
6.737E+08    3.374E-06    2.906E+26    2.261E+05    3.266E+08    1.077E-01    3.024E+00    2.781E-26     r       4.6
6.734E+08    3.488E-06    2.906E+26    2.278E+05    3.382E+08    1.107E-01    3.011E+00    3.272E-26     r       4.6
6.726E+08    3.724E-06    2.906E+26    2.313E+05    3.624E+08    1.168E-01    2.984E+00    4.509E-26     r       4.6
6.723E+08    3.847E-06    2.906E+26    2.330E+05    3.750E+08    1.200E-01    2.971E+00    5.282E-26     r       4.6
6.715E+08    4.102E-06    2.906E+26    2.365E+05    4.013E+08    1.265E-01    2.945E+00    7.221E-26     r       4.6
6.712E+08    4.234E-06    2.906E+26    2.382E+05    4.150E+08    1.299E-01    2.933E+00    8.427E-26     r       4.6
6.705E+08    4.509E-06    2.906E+26    2.417E+05    4.435E+08    1.368E-01    2.908E+00    1.143E-25     r       4.6
6.701E+08    4.652E-06    2.906E+26    2.434E+05    4.584E+08    1.404E-01    2.895E+00    1.329E-25     r       4.6
6.694E+08    4.948E-06    2.906E+26    2.469E+05    4.893E+08    1.478E-01    2.871E+00    1.790E-25     r       4.6
6.690E+08    5.101E-06    2.906E+26    2.486E+05    5.054E+08    1.516E-01    2.859E+00    2.073E-25     r       4.6
6.683E+08    5.420E-06    2.906E+26    2.521E+05    5.388E+08    1.594E-01    2.836E+00    2.773E-25     r       4.6
6.679E+08    5.585E-06    2.906E+26    2.539E+05    5.562E+08    1.634E-01    2.825E+00    3.201E-25     r       4.6
6.672E+08    5.927E-06    2.906E+26    2.574E+05    5.924E+08    1.716E-01    2.802E+00    4.252E-25     r       4.6
6.668E+08    6.104E-06    2.906E+26    2.591E+05    6.112E+08    1.759E-01    2.791E+00    4.893E-25     r       4.6
6.661E+08    6.471E-06    2.906E+26    2.627E+05    6.503E+08    1.846E-01    2.769E+00    6.457E-25     r       4.6
6.657E+08    6.660E-06    2.906E+26    2.644E+05    6.706E+08    1.891E-01    2.758E+00    7.407E-25     r       4.6
6.650E+08    7.053E-06    2.906E+26    2.680E+05    7.127E+08    1.983E-01    2.736E+00    9.716E-25     r       4.6
6.647E+08    7.257E-06    2.906E+26    2.697E+05    7.345E+08    2.031E-01    2.726E+00    1.111E-24     r       4.6
6.639E+08    7.677E-06    2.906E+26    2.733E+05    7.799E+08    2.128E-01    2.705E+00    1.449E-24     r       4.6
6.636E+08    7.894E-06    2.906E+26    2.751E+05    8.034E+08    2.178E-01    2.695E+00    1.652E-24     r       4.6
6.628E+08    8.344E-06    2.906E+26    2.786E+05    8.522E+08    2.281E-01    2.675E+00    2.142E-24     r       4.6
6.625E+08    8.576E-06    2.906E+26    2.804E+05    8.775E+08    2.334E-01    2.665E+00    2.436E-24     r       4.6
6.618E+08    9.055E-06    2.906E+26    2.840E+05    9.299E+08    2.442E-01    2.645E+00    3.141E-24     r       4.6
6.614E+08    9.303E-06    2.906E+26    2.857E+05    9.571E+08    2.498E-01    2.635E+00    3.562E-24     r       4.6
6.607E+08    9.815E-06    2.906E+26    2.893E+05    1.013E+09    2.612E-01    2.616E+00    4.569E-24     r       4.6
6.603E+08    1.008E-05    2.906E+26    2.911E+05    1.043E+09    2.671E-01    2.607E+00    5.168E-24     r       4.6
6.596E+08    1.062E-05    2.906E+26    2.947E+05    1.103E+09    2.791E-01    2.588E+00    6.597E-24     r       4.6
6.592E+08    1.090E-05    2.906E+26    2.965E+05    1.134E+09    2.853E-01    2.579E+00    7.443E-24     r       4.6
6.585E+08    1.148E-05    2.906E+26    3.001E+05    1.199E+09    2.979E-01    2.561E+00    9.454E-24     r       4.6
6.581E+08    1.178E-05    2.906E+26    3.019E+05    1.232E+09    3.044E-01    2.552E+00    1.064E-23     r       4.6
6.574E+08    1.240E-05    2.906E+26    3.055E+05    1.301E+09    3.177E-01    2.534E+00    1.345E-23     r       4.6
6.570E+08    1.272E-05    2.906E+26    3.073E+05    1.337E+09    3.245E-01    2.525E+00    1.511E-23     r       4.6
6.563E+08    1.337E-05    2.906E+26    3.110E+05    1.411E+09    3.384E-01    2.508E+00    1.902E-23     r       4.6
6.560E+08    1.371E-05    2.906E+26    3.128E+05    1.449E+09    3.456E-01    2.499E+00    2.131E-23     r       4.6
6.552E+08    1.440E-05    2.906E+26    3.164E+05    1.528E+09    3.603E-01    2.482E+00    2.671E-23     r       4.6
6.549E+08    1.476E-05    2.906E+26    3.183E+05    1.569E+09    3.678E-01    2.474E+00    2.986E-23     r       4.6
6.541E+08    1.550E-05    2.906E+26    3.219E+05    1.654E+09    3.831E-01    2.458E+00    3.727E-23     r       4.6
6.538E+08    1.588E-05    2.906E+26    3.237E+05    1.697E+09    3.910E-01    2.450E+00    4.159E-23     r       4.6
6.531E+08    1.666E-05    2.906E+26    3.274E+05    1.787E+09    4.071E-01    2.433E+00    5.169E-23     r       4.6
6.527E+08    1.706E-05    2.906E+26    3.292E+05    1.834E+09    4.154E-01    2.426E+00    5.756E-23     r       4.6
6.520E+08    1.789E-05    2.906E+26    3.329E+05    1.930E+09    4.323E-01    2.410E+00    7.126E-23     r       4.6
6.516E+08    1.831E-05    2.906E+26    3.348E+05    1.979E+09    4.409E-01    2.402E+00    7.921E-23     r       4.6
6.509E+08    1.919E-05    2.906E+26    3.385E+05    2.081E+09    4.586E-01    2.387E+00    9.770E-23     r       4.6
6.505E+08    1.964E-05    2.906E+26    3.403E+05    2.134E+09    4.677E-01    2.379E+00    1.084E-22     r       4.6
6.498E+08    2.056E-05    2.906E+26    3.440E+05    2.242E+09    4.862E-01    2.364E+00    1.332E-22     r       4.6
6.494E+08    2.103E-05    2.906E+26    3.459E+05    2.298E+09    4.957E-01    2.357E+00    1.475E-22     r       4.6
6.487E+08    2.201E-05    2.906E+26    3.496E+05    2.414E+09    5.150E-01    2.342E+00    1.806E-22     r       4.6
6.483E+08    2.251E-05    2.906E+26    3.514E+05    2.473E+09    5.249E-01    2.335E+00    1.997E-22     r       4.6
6.476E+08    2.354E-05    2.906E+26    3.552E+05    2.596E+09    5.452E-01    2.321E+00    2.437E-22     r       4.6
6.462E+08    2.571E-05    2.906E+26    3.627E+05    2.856E+09    5.875E-01    2.293E+00    3.606E-22     r       4.6
6.454E+08    2.685E-05    2.906E+26    3.664E+05    2.995E+09    6.096E-01    2.279E+00    4.372E-22     r       4.6
6.440E+08    2.926E-05    2.906E+26    3.740E+05    3.288E+09    6.558E-01    2.252E+00    6.386E-22     r       4.6
6.433E+08    3.053E-05    2.906E+26    3.777E+05    3.443E+09    6.799E-01    2.239E+00    7.696E-22     r       4.6
6.418E+08    3.320E-05    2.906E+26    3.853E+05    3.771E+09    7.302E-01    2.213E+00    1.111E-21     r       4.6
6.411E+08    3.460E-05    2.906E+26    3.891E+05    3.945E+09    7.563E-01    2.201E+00    1.331E-21     r       4.6
6.396E+08    3.754E-05    2.906E+26    3.968E+05    4.313E+09    8.110E-01    2.176E+00    1.900E-21     r       4.6
6.389E+08    3.909E-05    2.906E+26    4.006E+05    4.508E+09    8.394E-01    2.164E+00    2.264E-21     r       4.6
6.375E+08    4.233E-05    2.906E+26    4.083E+05    4.918E+09    8.986E-01    2.140E+00    3.199E-21     r       4.6
6.367E+08    4.403E-05    2.906E+26    4.122E+05    5.135E+09    9.295E-01    2.129E+00    3.792E-21     r       4.6
6.353E+08    4.759E-05    2.906E+26    4.199E+05    5.593E+09    9.936E-01    2.106E+00    5.304E-21     r       4.6
6.346E+08    4.946E-05    2.906E+26    4.238E+05    5.834E+09    1.027E+00    2.094E+00    6.258E-21     r       4.6
6.331E+08    5.337E-05    2.906E+26    4.316E+05    6.342E+09    1.096E+00    2.072E+00    8.672E-21     r       4.6
6.324E+08    5.541E-05    2.906E+26    4.355E+05    6.610E+09    1.132E+00    2.062E+00    1.018E-20     r       4.6
6.309E+08    5.969E-05    2.906E+26    4.434E+05    7.175E+09    1.207E+00    2.040E+00    1.399E-20     r       4.6
6.302E+08    6.192E-05    2.906E+26    4.473E+05    7.472E+09    1.246E+00    2.030E+00    1.636E-20     r       4.6
6.288E+08    6.659E-05    2.906E+26    4.552E+05    8.097E+09    1.327E+00    2.010E+00    2.227E-20     r       4.6
6.280E+08    6.903E-05    2.906E+26    4.592E+05    8.425E+09    1.369E+00    2.000E+00    2.594E-20     r       4.6
6.266E+08    7.412E-05    2.906E+26    4.672E+05    9.116E+09    1.456E+00    1.980E+00    3.504E-20     r       4.6
6.259E+08    7.678E-05    2.906E+26    4.712E+05    9.479E+09    1.501E+00    1.970E+00    4.065E-20     r       4.6
6.244E+08    8.232E-05    2.906E+26    4.792E+05    1.024E+10    1.595E+00    1.951E+00    5.450E-20     r       4.6
6.237E+08    8.521E-05    2.906E+26    4.832E+05    1.064E+10    1.643E+00    1.942E+00    6.299E-20     r       4.6
6.222E+08    9.123E-05    2.906E+26    4.913E+05    1.148E+10    1.744E+00    1.923E+00    8.385E-20     r       4.6
6.215E+08    9.437E-05    2.906E+26    4.953E+05    1.192E+10    1.796E+00    1.914E+00    9.657E-20     r       4.6
6.201E+08    1.009E-04    2.906E+26    5.035E+05    1.285E+10    1.904E+00    1.896E+00    1.277E-19     r       4.6
6.193E+08    1.043E-04    2.906E+26    5.076E+05    1.333E+10    1.960E+00    1.887E+00    1.465E-19     r       4.6
6.179E+08    1.114E-04    2.906E+26    5.158E+05    1.434E+10    2.075E+00    1.870E+00    1.924E-19     r       4.6
6.172E+08    1.150E-04    2.906E+26    5.199E+05    1.488E+10    2.135E+00    1.862E+00    2.202E-19     r       4.6
6.157E+08    1.227E-04    2.906E+26    5.281E+05    1.599E+10    2.259E+00    1.845E+00    2.873E-19     r       4.6
6.150E+08    1.267E-04    2.906E+26    5.323E+05    1.657E+10    2.323E+00    1.837E+00    3.277E-19     r       4.6
6.135E+08    1.349E-04    2.906E+26    5.406E+05    1.779E+10    2.456E+00    1.820E+00    4.251E-19     r       4.6
6.128E+08    1.392E-04    2.906E+26    5.448E+05    1.843E+10    2.524E+00    1.812E+00    4.835E-19     r       4.6
6.114E+08    1.481E-04    2.906E+26    5.531E+05    1.976E+10    2.666E+00    1.796E+00    6.237E-19     r       4.6
6.106E+08    1.527E-04    2.906E+26    5.573E+05    2.046E+10    2.739E+00    1.789E+00    7.073E-19     r       4.6
6.092E+08    1.623E-04    2.906E+26    5.658E+05    2.191E+10    2.890E+00    1.773E+00    9.074E-19     r       4.6
6.084E+08    1.673E-04    2.906E+26    5.700E+05    2.267E+10    2.968E+00    1.766E+00    1.026E-18     r       4.6
6.070E+08    1.776E-04    2.906E+26    5.785E+05    2.426E+10    3.130E+00    1.751E+00    1.310E-18     r       4.6
6.063E+08    1.830E-04    2.906E+26    5.828E+05    2.509E+10    3.213E+00    1.744E+00    1.478E-18     r       4.6
6.048E+08    1.941E-04    2.906E+26    5.913E+05    2.682E+10    3.385E+00    1.729E+00    1.876E-18     r       4.6
6.041E+08    1.998E-04    2.906E+26    5.956E+05    2.773E+10    3.474E+00    1.722E+00    2.112E-18     r       4.6
6.026E+08    2.117E-04    2.906E+26    6.043E+05    2.961E+10    3.657E+00    1.708E+00    2.668E-18     r       4.6
6.019E+08    2.179E-04    2.906E+26    6.086E+05    3.060E+10    3.752E+00    1.701E+00    2.996E-18     r       4.6
6.005E+08    2.306E-04    2.906E+26    6.173E+05    3.265E+10    3.947E+00    1.687E+00    3.768E-18     r       4.6
5.997E+08    2.372E-04    2.906E+26    6.216E+05    3.371E+10    4.047E+00    1.680E+00    4.221E-18     r       4.6
5.983E+08    2.508E-04    2.906E+26    6.304E+05    3.594E+10    4.255E+00    1.667E+00    5.286E-18     r       4.6
5.976E+08    2.579E-04    2.906E+26    6.348E+05    3.710E+10    4.362E+00    1.661E+00    5.908E-18     r       4.6
5.961E+08    2.725E-04    2.906E+26    6.436E+05    3.952E+10    4.582E+00    1.648E+00    7.367E-18     r       4.6
5.954E+08    2.800E-04    2.906E+26    6.480E+05    4.077E+10    4.696E+00    1.641E+00    8.218E-18     r       4.6
5.939E+08    2.956E-04    2.906E+26    6.569E+05    4.339E+10    4.930E+00    1.628E+00    1.020E-17     r       4.6
5.932E+08    3.037E-04    2.906E+26    6.614E+05    4.476E+10    5.050E+00    1.622E+00    1.136E-17     r       4.6
5.918E+08    3.203E-04    2.906E+26    6.703E+05    4.759E+10    5.299E+00    1.610E+00    1.405E-17     r       4.6
5.910E+08    3.289E-04    2.906E+26    6.748E+05    4.907E+10    5.427E+00    1.604E+00    1.561E-17     r       4.6
5.896E+08    3.467E-04    2.906E+26    6.838E+05    5.214E+10    5.690E+00    1.592E+00    1.924E-17     r       4.6
5.889E+08    3.558E-04    2.906E+26    6.883E+05    5.373E+10    5.826E+00    1.586E+00    2.133E-17     r       4.6
5.874E+08    3.747E-04    2.906E+26    6.974E+05    5.705E+10    6.105E+00    1.574E+00    2.619E-17     r       4.6
5.867E+08    3.845E-04    2.906E+26    7.020E+05    5.878E+10    6.249E+00    1.568E+00    2.899E-17     r       4.6
5.852E+08    4.046E-04    2.906E+26    7.111E+05    6.236E+10    6.545E+00    1.557E+00    3.547E-17     r       4.6
5.845E+08    4.150E-04    2.906E+26    7.157E+05    6.422E+10    6.697E+00    1.551E+00    3.920E-17     r       4.6
5.831E+08    4.364E-04    2.906E+26    7.249E+05    6.809E+10    7.010E+00    1.540E+00    4.779E-17     r       4.6
5.823E+08    4.474E-04    2.906E+26    7.296E+05    7.010E+10    7.171E+00    1.534E+00    5.272E-17     r       4.6
5.809E+08    4.702E-04    2.906E+26    7.389E+05    7.428E+10    7.503E+00    1.523E+00    6.407E-17     r       4.6
5.802E+08    4.819E-04    2.906E+26    7.435E+05    7.644E+10    7.673E+00    1.518E+00    7.057E-17     r       4.6
5.787E+08    5.060E-04    2.906E+26    7.529E+05    8.094E+10    8.024E+00    1.507E+00    8.548E-17     r       4.6
5.780E+08    5.185E-04    2.906E+26    7.576E+05    8.328E+10    8.204E+00    1.502E+00    9.401E-17     r       4.6
5.765E+08    5.441E-04    2.906E+26    7.670E+05    8.812E+10    8.575E+00    1.491E+00    1.135E-16     r       4.6
5.758E+08    5.573E-04    2.906E+26    7.717E+05    9.063E+10    8.765E+00    1.486E+00    1.247E-16     r       4.6
5.744E+08    5.844E-04    2.906E+26    7.812E+05    9.585E+10    9.156E+00    1.476E+00    1.501E-16     r       4.6
5.736E+08    5.984E-04    2.906E+26    7.860E+05    9.855E+10    9.358E+00    1.471E+00    1.646E-16     r       4.6
5.722E+08    6.272E-04    2.906E+26    7.956E+05    1.042E+11    9.771E+00    1.461E+00    1.976E-16     r       4.6
5.715E+08    6.420E-04    2.906E+26    8.004E+05    1.071E+11    9.983E+00    1.456E+00    2.164E-16     r       4.6
5.700E+08    6.724E-04    2.906E+26    8.101E+05    1.131E+11    1.042E+01    1.446E+00    2.591E-16     r       4.6
5.693E+08    6.881E-04    2.906E+26    8.149E+05    1.162E+11    1.064E+01    1.441E+00    2.833E-16     r       4.6
5.678E+08    7.203E-04    2.906E+26    8.246E+05    1.227E+11    1.110E+01    1.432E+00    3.383E-16     r       4.6
5.671E+08    7.368E-04    2.906E+26    8.295E+05    1.260E+11    1.134E+01    1.427E+00    3.694E-16     r       4.6
5.657E+08    7.709E-04    2.906E+26    8.393E+05    1.330E+11    1.183E+01    1.418E+00    4.400E-16     r       4.6
5.649E+08    7.884E-04    2.906E+26    8.442E+05    1.366E+11    1.207E+01    1.413E+00    4.798E-16     r       4.6
5.635E+08    8.243E-04    2.906E+26    8.541E+05    1.440E+11    1.259E+01    1.404E+00    5.701E-16     r       4.6
5.628E+08    8.428E-04    2.906E+26    8.591E+05    1.479E+11    1.285E+01    1.399E+00    6.210E-16     r       4.6
5.613E+08    8.808E-04    2.906E+26    8.690E+05    1.559E+11    1.339E+01    1.390E+00    7.359E-16     r       4.6
5.606E+08    9.003E-04    2.906E+26    8.740E+05    1.600E+11    1.366E+01    1.386E+00    8.007E-16     r       4.6
5.591E+08    9.404E-04    2.906E+26    8.841E+05    1.686E+11    1.423E+01    1.377E+00    9.466E-16     r       4.6
5.584E+08    9.609E-04    2.906E+26    8.891E+05    1.730E+11    1.452E+01    1.372E+00    1.029E-15     r       4.6
5.570E+08    1.003E-03    2.906E+26    8.992E+05    1.822E+11    1.512E+01    1.364E+00    1.213E-15     r       4.6
5.562E+08    1.025E-03    2.906E+26    9.043E+05    1.869E+11    1.543E+01    1.359E+00    1.317E-15     r       4.6
5.548E+08    1.069E-03    2.906E+26    9.145E+05    1.967E+11    1.606E+01    1.351E+00    1.550E-15     r       4.6
5.541E+08    1.092E-03    2.906E+26    9.196E+05    2.018E+11    1.638E+01    1.347E+00    1.681E-15     r       4.6
5.526E+08    1.139E-03    2.906E+26    9.299E+05    2.123E+11    1.704E+01    1.338E+00    1.974E-15     r       4.6
5.519E+08    1.163E-03    2.906E+26    9.350E+05    2.177E+11    1.738E+01    1.334E+00    2.139E-15     r       4.6
5.504E+08    1.212E-03    2.906E+26    9.454E+05    2.289E+11    1.808E+01    1.326E+00    2.506E-15     r       4.6
5.497E+08    1.238E-03    2.906E+26    9.506E+05    2.347E+11    1.843E+01    1.322E+00    2.712E-15     r       4.6
5.483E+08    1.290E-03    2.906E+26    9.610E+05    2.467E+11    1.916E+01    1.314E+00    3.172E-15     r       4.6
5.475E+08    1.316E-03    2.906E+26    9.663E+05    2.529E+11    1.954E+01    1.310E+00    3.429E-15     r       4.6
5.461E+08    1.371E-03    2.906E+26    9.768E+05    2.657E+11    2.031E+01    1.302E+00    4.003E-15     r       4.6
5.453E+08    1.399E-03    2.906E+26    9.821E+05    2.724E+11    2.070E+01    1.298E+00    4.322E-15     r       4.6
5.439E+08    1.456E-03    2.906E+26    9.927E+05    2.860E+11    2.151E+01    1.290E+00    5.036E-15     r       4.6
5.432E+08    1.486E-03    2.906E+26    9.980E+05    2.931E+11    2.192E+01    1.286E+00    5.433E-15     r       4.6
5.417E+08    1.546E-03    2.906E+26    1.009E+06    3.077E+11    2.277E+01    1.279E+00    6.318E-15     r       4.6
5.388E+08    1.672E-03    2.906E+26    1.030E+06    3.388E+11    2.455E+01    1.264E+00    8.514E-15     r       4.6
5.374E+08    1.739E-03    2.906E+26    1.041E+06    3.555E+11    2.549E+01    1.256E+00    9.865E-15     r       4.6
5.345E+08    1.878E-03    2.906E+26    1.063E+06    3.909E+11    2.745E+01    1.242E+00    1.320E-14     r       4.6
5.330E+08    1.951E-03    2.906E+26    1.074E+06    4.097E+11    2.847E+01    1.235E+00    1.524E-14     r       4.6
5.301E+08    2.104E-03    2.906E+26    1.096E+06    4.499E+11    3.063E+01    1.221E+00    2.027E-14     r       4.6
5.287E+08    2.184E-03    2.906E+26    1.108E+06    4.713E+11    3.176E+01    1.214E+00    2.333E-14     r       4.6
5.258E+08    2.352E-03    2.906E+26    1.130E+06    5.168E+11    3.413E+01    1.200E+00    3.082E-14     r       4.6
5.243E+08    2.440E-03    2.906E+26    1.142E+06    5.410E+11    3.538E+01    1.194E+00    3.537E-14     r       4.6
5.214E+08    2.623E-03    2.906E+26    1.165E+06    5.925E+11    3.798E+01    1.181E+00    4.645E-14     r       4.6
5.200E+08    2.719E-03    2.906E+26    1.176E+06    6.199E+11    3.934E+01    1.174E+00    5.315E-14     r       4.6
5.171E+08    2.920E-03    2.906E+26    1.200E+06    6.781E+11    4.220E+01    1.161E+00    6.940E-14     r       4.6
5.156E+08    3.025E-03    2.906E+26    1.212E+06    7.091E+11    4.369E+01    1.155E+00    7.920E-14     r       4.6
5.127E+08    3.244E-03    2.906E+26    1.235E+06    7.748E+11    4.682E+01    1.143E+00    1.029E-13     r       4.5
5.113E+08    3.359E-03    2.906E+26    1.247E+06    8.096E+11    4.846E+01    1.137E+00    1.171E-13     r       4.6
5.084E+08    3.598E-03    2.906E+26    1.272E+06    8.837E+11    5.188E+01    1.125E+00    1.513E-13     r       4.5
5.069E+08    3.722E-03    2.906E+26    1.284E+06    9.230E+11    5.367E+01    1.119E+00    1.718E-13     r       4.5
5.040E+08    3.982E-03    2.906E+26    1.308E+06    1.006E+12    5.742E+01    1.107E+00    2.209E-13     r       4.5
5.026E+08    4.118E-03    2.906E+26    1.321E+06    1.051E+12    5.938E+01    1.101E+00    2.502E-13     r       4.5
4.997E+08    4.400E-03    2.906E+26    1.346E+06    1.144E+12    6.347E+01    1.090E+00    3.203E-13     r       4.5
4.982E+08    4.548E-03    2.906E+26    1.359E+06    1.194E+12    6.561E+01    1.084E+00    3.620E-13     r       4.5
4.953E+08    4.854E-03    2.906E+26    1.384E+06    1.299E+12    7.009E+01    1.073E+00    4.613E-13     r       4.5
4.939E+08    5.014E-03    2.906E+26    1.397E+06    1.355E+12    7.242E+01    1.068E+00    5.202E-13     r       4.5
4.910E+08    5.347E-03    2.906E+26    1.423E+06    1.473E+12    7.731E+01    1.057E+00    6.601E-13     r       4.5
4.895E+08    5.520E-03    2.906E+26    1.436E+06    1.536E+12    7.986E+01    1.052E+00    7.429E-13     r       4.5
4.866E+08    5.880E-03    2.906E+26    1.462E+06    1.669E+12    8.519E+01    1.041E+00    9.389E-13     r       4.5
4.852E+08    6.067E-03    2.906E+26    1.476E+06    1.739E+12    8.797E+01    1.036E+00    1.055E-12     r       4.5
4.822E+08    6.457E-03    2.906E+26    1.503E+06    1.887E+12    9.378E+01    1.026E+00    1.328E-12     r       4.5
4.808E+08    6.659E-03    2.906E+26    1.516E+06    1.966E+12    9.681E+01    1.021E+00    1.488E-12     r       4.5
4.779E+08    7.080E-03    2.906E+26    1.544E+06    2.132E+12    1.031E+02    1.011E+00    1.867E-12     r       4.5
4.764E+08    7.299E-03    2.906E+26    1.557E+06    2.220E+12    1.064E+02    1.006E+00    2.089E-12     r       4.5
4.735E+08    7.753E-03    2.906E+26    1.585E+06    2.406E+12    1.133E+02    9.963E-01    2.611E-12     r       4.5
4.721E+08    7.989E-03    2.906E+26    1.599E+06    2.505E+12    1.169E+02    9.914E-01    2.917E-12     r       4.5
4.692E+08    8.479E-03    2.906E+26    1.628E+06    2.713E+12    1.244E+02    9.819E-01    3.634E-12     r       4.5
4.677E+08    8.733E-03    2.906E+26    1.642E+06    2.823E+12    1.284E+02    9.772E-01    4.053E-12     r       4.5
4.648E+08    9.260E-03    2.906E+26    1.671E+06    3.055E+12    1.365E+02    9.680E-01    5.032E-12     r       4.5
4.634E+08    9.534E-03    2.906E+26    1.685E+06    3.178E+12    1.408E+02    9.634E-01    5.603E-12     r       4.5
4.605E+08    1.010E-02    2.906E+26    1.715E+06    3.437E+12    1.497E+02    9.543E-01    6.935E-12     r       4.5
4.590E+08    1.040E-02    2.906E+26    1.730E+06    3.574E+12    1.543E+02    9.498E-01    7.710E-12     r       4.5
4.561E+08    1.101E-02    2.906E+26    1.760E+06    3.864E+12    1.639E+02    9.409E-01    9.515E-12     r       4.5
4.547E+08    1.132E-02    2.906E+26    1.775E+06    4.017E+12    1.690E+02    9.365E-01    1.056E-11     r       4.5
4.518E+08    1.198E-02    2.906E+26    1.805E+06    4.339E+12    1.794E+02    9.278E-01    1.300E-11     r       4.5
4.503E+08    1.232E-02    2.906E+26    1.821E+06    4.510E+12    1.849E+02    9.235E-01    1.441E-11     r       4.5
4.474E+08    1.302E-02    2.906E+26    1.852E+06    4.869E+12    1.963E+02    9.150E-01    1.768E-11     r       4.5
4.460E+08    1.339E-02    2.906E+26    1.868E+06    5.059E+12    2.022E+02    9.108E-01    1.958E-11     r       4.5
4.431E+08    1.414E-02    2.906E+26    1.899E+06    5.459E+12    2.146E+02    9.024E-01    2.396E-11     r       4.5
4.416E+08    1.453E-02    2.906E+26    1.915E+06    5.671E+12    2.210E+02    8.983E-01    2.649E-11     r       4.5
4.387E+08    1.534E-02    2.906E+26    1.948E+06    6.116E+12    2.345E+02    8.901E-01    3.234E-11     r       4.5
4.373E+08    1.576E-02    2.906E+26    1.964E+06    6.351E+12    2.414E+02    8.860E-01    3.571E-11     r       4.5
4.344E+08    1.662E-02    2.906E+26    1.997E+06    6.847E+12    2.560E+02    8.780E-01    4.349E-11     r       4.5
4.329E+08    1.707E-02    2.906E+26    2.014E+06    7.109E+12    2.636E+02    8.740E-01    4.797E-11     r       4.5
4.300E+08    1.800E-02    2.906E+26    2.047E+06    7.660E+12    2.794E+02    8.662E-01    5.828E-11     r       4.5
4.286E+08    1.848E-02    2.906E+26    2.064E+06    7.951E+12    2.876E+02    8.623E-01    6.420E-11     r       4.5
4.257E+08    1.947E-02    2.906E+26    2.099E+06    8.564E+12    3.047E+02    8.545E-01    7.782E-11     r       4.5
4.242E+08    1.998E-02    2.906E+26    2.116E+06    8.887E+12    3.136E+02    8.507E-01    8.564E-11     r       4.5
4.213E+08    2.104E-02    2.906E+26    2.151E+06    9.569E+12    3.322E+02    8.431E-01    1.036E-10     r       4.5
4.199E+08    2.158E-02    2.906E+26    2.168E+06    9.928E+12    3.418E+02    8.393E-01    1.139E-10     r       4.5
4.170E+08    2.271E-02    2.906E+26    2.204E+06    1.068E+13    3.620E+02    8.319E-01    1.374E-10     r       4.5
4.155E+08    2.329E-02    2.906E+26    2.222E+06    1.108E+13    3.724E+02    8.281E-01    1.509E-10     r       4.5
4.126E+08    2.450E-02    2.906E+26    2.258E+06    1.192E+13    3.942E+02    8.208E-01    1.818E-10     r       4.5
4.112E+08    2.512E-02    2.906E+26    2.277E+06    1.237E+13    4.055E+02    8.172E-01    1.994E-10     r       4.5
4.083E+08    2.640E-02    2.906E+26    2.314E+06    1.330E+13    4.291E+02    8.099E-01    2.397E-10     r       4.5
4.068E+08    2.707E-02    2.906E+26    2.333E+06    1.379E+13    4.414E+02    8.064E-01    2.627E-10     r       4.5
4.039E+08    2.843E-02    2.906E+26    2.370E+06    1.482E+13    4.669E+02    7.992E-01    3.151E-10     r       4.5
4.025E+08    2.914E-02    2.906E+26    2.390E+06    1.537E+13    4.802E+02    7.957E-01    3.450E-10     r       4.5
3.996E+08    3.059E-02    2.906E+26    2.428E+06    1.652E+13    5.079E+02    7.887E-01    4.132E-10     r       4.5
3.981E+08    3.135E-02    2.906E+26    2.448E+06    1.712E+13    5.223E+02    7.852E-01    4.520E-10     r       4.5
3.952E+08    3.289E-02    2.906E+26    2.487E+06    1.839E+13    5.522E+02    7.783E-01    5.404E-10     r       4.5
3.938E+08    3.369E-02    2.906E+26    2.507E+06    1.906E+13    5.678E+02    7.749E-01    5.906E-10     r       4.5
3.909E+08    3.534E-02    2.906E+26    2.547E+06    2.047E+13    6.001E+02    7.681E-01    7.049E-10     r       4.5
3.894E+08    3.619E-02    2.906E+26    2.568E+06    2.121E+13    6.170E+02    7.648E-01    7.697E-10     r       4.5
3.865E+08    3.794E-02    2.906E+26    2.609E+06    2.278E+13    6.520E+02    7.580E-01    9.171E-10     r       4.5
3.851E+08    3.884E-02    2.906E+26    2.629E+06    2.360E+13    6.702E+02    7.547E-01    1.001E-09     r       4.5
3.822E+08    4.070E-02    2.906E+26    2.671E+06    2.533E+13    7.081E+02    7.481E-01    1.190E-09     r       4.5
3.807E+08    4.165E-02    2.906E+26    2.692E+06    2.624E+13    7.278E+02    7.448E-01    1.298E-09     r       4.5
3.778E+08    4.363E-02    2.906E+26    2.735E+06    2.816E+13    7.688E+02    7.383E-01    1.541E-09     r       4.5
3.764E+08    4.464E-02    2.906E+26    2.757E+06    2.917E+13    7.901E+02    7.351E-01    1.679E-09     r       4.5
3.735E+08    4.673E-02    2.906E+26    2.801E+06    3.129E+13    8.343E+02    7.286E-01    1.991E-09     r       4.5
3.720E+08    4.781E-02    2.906E+26    2.823E+06    3.241E+13    8.574E+02    7.254E-01    2.167E-09     r       4.5
3.691E+08    5.003E-02    2.906E+26    2.867E+06    3.476E+13    9.052E+02    7.191E-01    2.566E-09     r       4.5
3.677E+08    5.117E-02    2.906E+26    2.890E+06    3.600E+13    9.301E+02    7.159E-01    2.791E-09     r       4.5
3.648E+08    5.352E-02    2.906E+26    2.935E+06    3.860E+13    9.818E+02    7.096E-01    3.300E-09     r       4.5
3.633E+08    5.473E-02    2.906E+26    2.958E+06    3.996E+13    1.009E+03    7.065E-01    3.588E-09     r       4.5
3.604E+08    5.721E-02    2.906E+26    3.005E+06    4.284E+13    1.065E+03    7.003E-01    4.236E-09     r       4.4
3.590E+08    5.849E-02    2.906E+26    3.029E+06    4.435E+13    1.094E+03    6.972E-01    4.601E-09     r       4.4
3.560E+08    6.112E-02    2.906E+26    3.076E+06    4.754E+13    1.154E+03    6.910E-01    5.426E-09     r       4.4
3.546E+08    6.248E-02    2.906E+26    3.100E+06    4.921E+13    1.185E+03    6.880E-01    5.890E-09     r       4.4
3.517E+08    6.526E-02    2.906E+26    3.149E+06    5.273E+13    1.250E+03    6.819E-01    6.935E-09     r       4.4
3.502E+08    6.669E-02    2.906E+26    3.173E+06    5.458E+13    1.284E+03    6.789E-01    7.523E-09     r       4.4
3.473E+08    6.963E-02    2.906E+26    3.223E+06    5.847E+13    1.355E+03    6.728E-01    8.848E-09     r       4.4
3.459E+08    7.114E-02    2.906E+26    3.248E+06    6.052E+13    1.391E+03    6.698E-01    9.592E-09     r       4.4
3.430E+08    7.425E-02    2.906E+26    3.299E+06    6.482E+13    1.467E+03    6.639E-01    1.127E-08     r       4.4
3.415E+08    7.585E-02    2.906E+26    3.325E+06    6.708E+13    1.507E+03    6.609E-01    1.221E-08     r       4.4
3.386E+08    7.913E-02    2.906E+26    3.377E+06    7.183E+13    1.589E+03    6.550E-01    1.432E-08     r       4.4
3.372E+08    8.081E-02    2.906E+26    3.403E+06    7.433E+13    1.631E+03    6.520E-01    1.550E-08     r       4.4
3.343E+08    8.427E-02    2.906E+26    3.456E+06    7.958E+13    1.720E+03    6.462E-01    1.817E-08     r       4.4
3.328E+08    8.605E-02    2.906E+26    3.483E+06    8.234E+13    1.765E+03    6.433E-01    1.966E-08     r       4.4
3.299E+08    8.970E-02    2.906E+26    3.537E+06    8.814E+13    1.861E+03    6.374E-01    2.300E-08     r       4.4
3.285E+08    9.157E-02    2.906E+26    3.564E+06    9.118E+13    1.910E+03    6.345E-01    2.488E-08     r       4.4
3.256E+08    9.541E-02    2.906E+26    3.620E+06    9.758E+13    2.013E+03    6.288E-01    2.908E-08     r       4.4
3.241E+08    9.739E-02    2.906E+26    3.648E+06    1.009E+14    2.066E+03    6.259E-01    3.143E-08     r       4.4
3.212E+08    1.014E-01    2.906E+26    3.704E+06    1.080E+14    2.177E+03    6.202E-01    3.670E-08     r       4.4
3.198E+08    1.035E-01    2.906E+26    3.733E+06    1.117E+14    2.235E+03    6.173E-01    3.964E-08     r       4.4
3.169E+08    1.078E-01    2.906E+26    3.791E+06    1.195E+14    2.354E+03    6.116E-01    4.623E-08     r       4.4
3.154E+08    1.100E-01    2.906E+26    3.820E+06    1.236E+14    2.416E+03    6.088E-01    4.991E-08     r       4.4
3.125E+08    1.144E-01    2.906E+26    3.880E+06    1.322E+14    2.545E+03    6.032E-01    5.815E-08     r       4.4
3.111E+08    1.167E-01    2.906E+26    3.910E+06    1.367E+14    2.612E+03    6.003E-01    6.274E-08     r       4.4
3.082E+08    1.214E-01    2.906E+26    3.970E+06    1.462E+14    2.750E+03    5.947E-01    7.301E-08     r       4.4
3.067E+08    1.239E-01    2.906E+26    4.001E+06    1.512E+14    2.822E+03    5.919E-01    7.873E-08     r       4.4
3.038E+08    1.288E-01    2.906E+26    4.063E+06    1.616E+14    2.971E+03    5.863E-01    9.152E-08     r       4.3
3.024E+08    1.313E-01    2.906E+26    4.094E+06    1.671E+14    3.049E+03    5.836E-01    9.864E-08     r       4.3
2.995E+08    1.365E-01    2.906E+26    4.157E+06    1.787E+14    3.209E+03    5.780E-01    1.145E-07     r       4.3
2.980E+08    1.392E-01    2.906E+26    4.189E+06    1.847E+14    3.292E+03    5.752E-01    1.234E-07     r       4.3
2.951E+08    1.446E-01    2.905E+26    4.254E+06    1.974E+14    3.465E+03    5.697E-01    1.431E-07     r       4.3
2.937E+08    1.474E-01    2.905E+26    4.287E+06    2.041E+14    3.554E+03    5.669E-01    1.541E-07     r       4.3
2.908E+08    1.531E-01    2.905E+26    4.353E+06    2.180E+14    3.740E+03    5.614E-01    1.785E-07     r       4.3
2.893E+08    1.560E-01    2.905E+26    4.387E+06    2.254E+14    3.836E+03    5.587E-01    1.921E-07     r       4.3
2.864E+08    1.620E-01    2.905E+26    4.455E+06    2.407E+14    4.036E+03    5.532E-01    2.223E-07     r       4.3
2.850E+08    1.651E-01    2.905E+26    4.489E+06    2.488E+14    4.139E+03    5.505E-01    2.391E-07     r       4.3
2.821E+08    1.713E-01    2.905E+26    4.558E+06    2.657E+14    4.353E+03    5.450E-01    2.765E-07     r       4.3
2.806E+08    1.745E-01    2.905E+26    4.593E+06    2.746E+14    4.464E+03    5.423E-01    2.972E-07     r       4.3
2.777E+08    1.811E-01    2.905E+26    4.664E+06    2.932E+14    4.694E+03    5.368E-01    3.432E-07     r       4.3
2.763E+08    1.844E-01    2.905E+26    4.700E+06    3.029E+14    4.813E+03    5.341E-01    3.688E-07     r       4.3
2.734E+08    1.912E-01    2.905E+26    4.772E+06    3.234E+14    5.060E+03    5.287E-01    4.254E-07     r       4.3
2.719E+08    1.947E-01    2.905E+26    4.809E+06    3.341E+14    5.188E+03    5.260E-01    4.568E-07     r       4.3
2.690E+08    2.019E-01    2.905E+26    4.883E+06    3.565E+14    5.452E+03    5.205E-01    5.265E-07     r       4.2
2.676E+08    2.055E-01    2.905E+26    4.921E+06    3.683E+14    5.589E+03    5.178E-01    5.650E-07     r       4.2
2.647E+08    2.129E-01    2.905E+26    4.997E+06    3.929E+14    5.873E+03    5.124E-01    6.504E-07     r       4.2
2.632E+08    2.167E-01    2.905E+26    5.035E+06    4.058E+14    6.019E+03    5.097E-01    6.977E-07     r       4.2
2.603E+08    2.245E-01    2.905E+26    5.112E+06    4.329E+14    6.323E+03    5.043E-01    8.023E-07     r       4.2
2.589E+08    2.284E-01    2.905E+26    5.152E+06    4.470E+14    6.480E+03    5.016E-01    8.600E-07     r       4.2
2.560E+08    2.365E-01    2.905E+26    5.231E+06    4.766E+14    6.805E+03    4.962E-01    9.879E-07     r       4.2
2.545E+08    2.406E-01    2.905E+26    5.271E+06    4.921E+14    6.973E+03    4.935E-01    1.058E-06     r       4.2
2.516E+08    2.490E-01    2.904E+26    5.352E+06    5.246E+14    7.320E+03    4.881E-01    1.214E-06     r       4.2
2.502E+08    2.533E-01    2.904E+26    5.393E+06    5.416E+14    7.499E+03    4.854E-01    1.300E-06     r       4.2
2.473E+08    2.620E-01    2.904E+26    5.476E+06    5.771E+14    7.870E+03    4.801E-01    1.490E-06     r       4.2
2.458E+08    2.664E-01    2.904E+26    5.518E+06    5.957E+14    8.062E+03    4.774E-01    1.595E-06     r       4.2
2.429E+08    2.755E-01    2.904E+26    5.602E+06    6.345E+14    8.458E+03    4.720E-01    1.826E-06     r       4.1
2.415E+08    2.801E-01    2.903E+26    5.645E+06    6.548E+14    8.662E+03    4.693E-01    1.953E-06     r       4.1
2.386E+08    2.894E-01    2.903E+26    5.732E+06    6.972E+14    9.084E+03    4.639E-01    2.233E-06     r       4.1
2.371E+08    2.942E-01    2.903E+26    5.775E+06    7.194E+14    9.302E+03    4.612E-01    2.387E-06     r       4.1
2.342E+08    3.039E-01    2.902E+26    5.864E+06    7.657E+14    9.751E+03    4.558E-01    2.725E-06     r       4.1
2.327E+08    3.088E-01    2.902E+26    5.908E+06    7.898E+14    9.983E+03    4.532E-01    2.912E-06     r       4.1
2.298E+08    3.188E-01    2.901E+26    5.999E+06    8.403E+14    1.046E+04    4.478E-01    3.321E-06     r       4.1
2.284E+08    3.239E-01    2.901E+26    6.044E+06    8.667E+14    1.071E+04    4.451E-01    3.546E-06     r       4.1
2.255E+08    3.343E-01    2.900E+26    6.137E+06    9.216E+14    1.122E+04    4.397E-01    4.039E-06     r       4.1
2.240E+08    3.395E-01    2.900E+26    6.183E+06    9.503E+14    1.148E+04    4.370E-01    4.309E-06     r       4.0
2.211E+08    3.502E-01    2.899E+26    6.278E+06    1.010E+15    1.202E+04    4.316E-01    4.902E-06     r       4.0
2.197E+08    3.556E-01    2.898E+26    6.325E+06    1.041E+15    1.229E+04    4.289E-01    5.227E-06     r       4.0
2.168E+08    3.666E-01    2.897E+26    6.421E+06    1.106E+15    1.287E+04    4.236E-01    5.939E-06     r       4.0
2.153E+08    3.722E-01    2.896E+26    6.470E+06    1.140E+15    1.316E+04    4.209E-01    6.328E-06     r       4.0
2.124E+08    3.834E-01    2.895E+26    6.568E+06    1.211E+15    1.376E+04    4.155E-01    7.180E-06     r       4.0
2.110E+08    3.892E-01    2.894E+26    6.618E+06    1.247E+15    1.408E+04    4.128E-01    7.646E-06     r       4.0
2.081E+08    4.007E-01    2.892E+26    6.718E+06    1.324E+15    1.471E+04    4.074E-01    8.663E-06     r       4.0
2.066E+08    4.066E-01    2.891E+26    6.768E+06    1.363E+15    1.504E+04    4.047E-01    9.218E-06     r       3.9
2.037E+08    4.185E-01    2.889E+26    6.871E+06    1.446E+15    1.572E+04    3.994E-01    1.043E-05     r       3.9
2.023E+08    4.245E-01    2.888E+26    6.922E+06    1.489E+15    1.606E+04    3.967E-01    1.109E-05     r       3.9
1.994E+08    4.366E-01    2.885E+26    7.026E+06    1.578E+15    1.677E+04    3.913E-01    1.253E-05     r       3.9
1.979E+08    4.427E-01    2.883E+26    7.079E+06    1.625E+15    1.714E+04    3.886E-01    1.331E-05     r       3.9
1.950E+08    4.551E-01    2.880E+26    7.185E+06    1.721E+15    1.789E+04    3.833E-01    1.502E-05     r       3.9
1.936E+08    4.614E-01    2.878E+26    7.239E+06    1.771E+15    1.827E+04    3.806E-01    1.594E-05     r       3.9
1.907E+08    4.740E-01    2.873E+26    7.347E+06    1.874E+15    1.905E+04    3.752E-01    1.795E-05     r       3.8
1.892E+08    4.804E-01    2.871E+26    7.401E+06    1.928E+15    1.945E+04    3.726E-01    1.905E-05     r       3.8
1.863E+08    4.932E-01    2.866E+26    7.511E+06    2.039E+15    2.028E+04    3.672E-01    2.142E-05     r       3.8
1.849E+08    4.997E-01    2.863E+26    7.567E+06    2.097E+15    2.070E+04    3.646E-01    2.270E-05     r       3.8
1.820E+08    5.127E-01    2.857E+26    7.679E+06    2.216E+15    2.156E+04    3.592E-01    2.549E-05     r       3.8
1.805E+08    5.193E-01    2.853E+26    7.735E+06    2.278E+15    2.199E+04    3.566E-01    2.699E-05     r       3.8
1.776E+08    5.324E-01    2.846E+26    7.849E+06    2.406E+15    2.289E+04    3.513E-01    3.025E-05     r       3.7
1.762E+08    5.391E-01    2.842E+26    7.907E+06    2.472E+15    2.335E+04    3.486E-01    3.201E-05     r       3.7
1.733E+08    5.524E-01    2.833E+26    8.022E+06    2.609E+15    2.428E+04    3.434E-01    3.581E-05     r       3.7
1.718E+08    5.591E-01    2.828E+26    8.081E+06    2.679E+15    2.476E+04    3.407E-01    3.786E-05     r       3.7
1.689E+08    5.725E-01    2.817E+26    8.198E+06    2.824E+15    2.573E+04    3.355E-01    4.228E-05     r       3.7
1.675E+08    5.792E-01    2.811E+26    8.257E+06    2.899E+15    2.622E+04    3.329E-01    4.465E-05     r       3.6
1.646E+08    5.927E-01    2.799E+26    8.377E+06    3.054E+15    2.723E+04    3.277E-01    4.977E-05     r       3.6
1.631E+08    5.995E-01    2.792E+26    8.437E+06    3.133E+15    2.774E+04    3.251E-01    5.252E-05     r       3.6
1.602E+08    6.130E-01    2.777E+26    8.557E+06    3.297E+15    2.877E+04    3.200E-01    5.842E-05     r       3.6
1.588E+08    6.198E-01    2.769E+26    8.618E+06    3.382E+15    2.930E+04    3.174E-01    6.159E-05     r       3.6
1.559E+08    6.333E-01    2.751E+26    8.740E+06    3.555E+15    3.037E+04    3.123E-01    6.838E-05     r       3.5
1.544E+08    6.401E-01    2.742E+26    8.802E+06    3.644E+15    3.092E+04    3.098E-01    7.202E-05     r       3.5
1.515E+08    6.536E-01    2.722E+26    8.926E+06    3.827E+15    3.202E+04    3.047E-01    7.979E-05     r       3.5
1.501E+08    6.603E-01    2.711E+26    8.988E+06    3.921E+15    3.258E+04    3.022E-01    8.394E-05     r       3.5
1.472E+08    6.737E-01    2.687E+26    9.113E+06    4.113E+15    3.370E+04    2.972E-01    9.281E-05     r       3.5
1.443E+08    6.871E-01    2.661E+26    9.239E+06    4.312E+15    3.485E+04    2.923E-01    1.025E-04     r       3.4
1.414E+08    7.003E-01    2.633E+26    9.365E+06    4.517E+15    3.601E+04    2.874E-01    1.130E-04     r       3.4
1.385E+08    7.135E-01    2.602E+26    9.492E+06    4.728E+15    3.719E+04    2.826E-01    1.244E-04     r       3.4
1.356E+08    7.265E-01    2.568E+26    9.620E+06    4.945E+15    3.838E+04    2.779E-01    1.367E-04     r       3.4
1.327E+08    7.393E-01    2.532E+26    9.748E+06    5.168E+15    3.959E+04    2.732E-01    1.500E-04     r       3.3
1.298E+08    7.520E-01    2.492E+26    9.876E+06    5.396E+15    4.080E+04    2.686E-01    1.644E-04     r       3.3
1.269E+08    7.645E-01    2.449E+26    1.000E+07    5.630E+15    4.202E+04    2.640E-01    1.798E-04     r       3.3
1.254E+08    7.707E-01    2.427E+26    1.007E+07    5.750E+15    4.264E+04    2.618E-01    1.879E-04     r       3.3
1.240E+08    7.768E-01    2.403E+26    1.013E+07    5.870E+15    4.325E+04    2.596E-01    1.964E-04     r       3.2
1.225E+08    7.828E-01    2.379E+26    1.020E+07    5.991E+15    4.387E+04    2.574E-01    2.051E-04     r       3.2
1.211E+08    7.888E-01    2.354E+26    1.026E+07    6.114E+15    4.449E+04    2.552E-01    2.141E-04     r       3.2
1.196E+08    7.948E-01    2.328E+26    1.033E+07    6.238E+15    4.511E+04    2.530E-01    2.235E-04     r       3.2
1.182E+08    8.007E-01    2.301E+26    1.039E+07    6.364E+15    4.573E+04    2.509E-01    2.331E-04     r       3.2
1.167E+08    8.065E-01    2.274E+26    1.046E+07    6.490E+15    4.635E+04    2.487E-01    2.431E-04     r       3.2
1.153E+08    8.122E-01    2.245E+26    1.052E+07    6.617E+15    4.697E+04    2.466E-01    2.533E-04     r       3.2
1.138E+08    8.179E-01    2.216E+26    1.058E+07    6.745E+15    4.759E+04    2.446E-01    2.639E-04     r       3.2
1.124E+08    8.235E-01    2.186E+26    1.065E+07    6.875E+15    4.821E+04    2.425E-01    2.749E-04     r       3.1
1.109E+08    8.291E-01    2.155E+26    1.071E+07    7.005E+15    4.883E+04    2.405E-01    2.861E-04     r       3.1
1.095E+08    8.345E-01    2.124E+26    1.078E+07    7.136E+15    4.945E+04    2.385E-01    2.977E-04     r       3.1
1.080E+08    8.399E-01    2.091E+26    1.084E+07    7.268E+15    5.007E+04    2.365E-01    3.096E-04     r       3.1
1.065E+08    8.452E-01    2.058E+26    1.090E+07    7.401E+15    5.068E+04    2.345E-01    3.219E-04     r       3.1
1.051E+08    8.505E-01    2.023E+26    1.097E+07    7.534E+15    5.130E+04    2.326E-01    3.344E-04     r       3.1
1.036E+08    8.556E-01    1.989E+26    1.103E+07    7.668E+15    5.191E+04    2.306E-01    3.474E-04     r       3.1
1.022E+08    8.607E-01    1.953E+26    1.109E+07    7.803E+15    5.253E+04    2.287E-01    3.606E-04     r       3.1
1.007E+08    8.657E-01    1.916E+26    1.116E+07    7.938E+15    5.313E+04    2.269E-01    3.742E-04     r       3.0
9.930E+07    8.706E-01    1.879E+26    1.122E+07    8.073E+15    5.374E+04    2.250E-01    3.881E-04     r       3.0
9.785E+07    8.754E-01    1.841E+26    1.128E+07    8.209E+15    5.434E+04    2.232E-01    4.024E-04     r       3.0
9.640E+07    8.801E-01    1.803E+26    1.134E+07    8.346E+15    5.495E+04    2.214E-01    4.170E-04     r       3.0
9.494E+07    8.847E-01    1.764E+26    1.140E+07    8.482E+15    5.554E+04    2.196E-01    4.319E-04     r       3.0
9.349E+07    8.893E-01    1.724E+26    1.146E+07    8.619E+15    5.614E+04    2.179E-01    4.472E-04     r       3.0
9.204E+07    8.937E-01    1.684E+26    1.153E+07    8.756E+15    5.673E+04    2.162E-01    4.628E-04     r       3.0
9.059E+07    8.981E-01    1.643E+26    1.159E+07    8.893E+15    5.731E+04    2.145E-01    4.787E-04     r       3.0
8.914E+07    9.024E-01    1.602E+26    1.165E+07    9.030E+15    5.790E+04    2.128E-01    4.949E-04     r       2.9
8.769E+07    9.065E-01    1.560E+26    1.171E+07    9.167E+15    5.847E+04    2.111E-01    5.115E-04     r       2.9
8.624E+07    9.106E-01    1.518E+26    1.177E+07    9.304E+15    5.905E+04    2.095E-01    5.283E-04     r       2.9
8.479E+07    9.146E-01    1.475E+26    1.182E+07    9.440E+15    5.961E+04    2.079E-01    5.454E-04     r       2.9
8.334E+07    9.185E-01    1.433E+26    1.188E+07    9.576E+15    6.018E+04    2.064E-01    5.629E-04     r       2.9
8.044E+07    9.259E-01    1.347E+26    1.200E+07    9.848E+15    6.128E+04    2.033E-01    5.985E-04     r       2.9
7.899E+07    9.295E-01    1.303E+26    1.206E+07    9.982E+15    6.183E+04    2.018E-01    6.168E-04     r       2.9
7.609E+07    9.364E-01    1.216E+26    1.217E+07    1.025E+16    6.290E+04    1.989E-01    6.540E-04     r       2.8
7.464E+07    9.397E-01    1.173E+26    1.222E+07    1.038E+16    6.342E+04    1.975E-01    6.729E-04     r       2.8
7.391E+07    9.413E-01    1.151E+26    1.225E+07    1.045E+16    6.368E+04    1.968E-01    6.825E-04     r       2.8
7.246E+07    9.444E-01    1.108E+26    1.231E+07    1.058E+16    6.420E+04    1.954E-01    7.018E-04     r       2.8
7.174E+07    9.459E-01    1.087E+26    1.233E+07    1.065E+16    6.445E+04    1.947E-01    7.115E-04     r       2.8
7.029E+07    9.489E-01    1.044E+26    1.239E+07    1.078E+16    6.496E+04    1.934E-01    7.310E-04     r       2.8
6.956E+07    9.504E-01    1.022E+26    1.241E+07    1.084E+16    6.520E+04    1.927E-01    7.409E-04     r       2.8
6.811E+07    9.532E-01    9.800E+25    1.247E+07    1.097E+16    6.570E+04    1.914E-01    7.607E-04     r       2.8
6.738E+07    9.546E-01    9.589E+25    1.249E+07    1.103E+16    6.594E+04    1.908E-01    7.706E-04     r       2.8
6.593E+07    9.573E-01    9.171E+25    1.254E+07    1.116E+16    6.642E+04    1.895E-01    7.906E-04     r       2.8
6.521E+07    9.586E-01    8.963E+25    1.257E+07    1.122E+16    6.666E+04    1.889E-01    8.007E-04     r       2.7
6.376E+07    9.612E-01    8.552E+25    1.262E+07    1.134E+16    6.712E+04    1.877E-01    8.209E-04     r       2.7
6.303E+07    9.624E-01    8.349E+25    1.264E+07    1.141E+16    6.735E+04    1.871E-01    8.310E-04     r       2.7
6.158E+07    9.648E-01    7.946E+25    1.269E+07    1.153E+16    6.781E+04    1.859E-01    8.514E-04     r       2.7
6.086E+07    9.660E-01    7.748E+25    1.272E+07    1.159E+16    6.803E+04    1.853E-01    8.616E-04     r       2.7
5.941E+07    9.682E-01    7.356E+25    1.277E+07    1.171E+16    6.847E+04    1.841E-01    8.820E-04     r       2.7
5.868E+07    9.693E-01    7.162E+25    1.279E+07    1.177E+16    6.869E+04    1.835E-01    8.922E-04     r       2.7
5.723E+07    9.715E-01    6.782E+25    1.284E+07    1.188E+16    6.911E+04    1.824E-01    9.127E-04     r       2.7
5.650E+07    9.725E-01    6.594E+25    1.286E+07    1.194E+16    6.932E+04    1.819E-01    9.230E-04     r       2.7
5.505E+07    9.745E-01    6.226E+25    1.291E+07    1.206E+16    6.973E+04    1.808E-01    9.434E-04     r       2.6
5.433E+07    9.754E-01    6.046E+25    1.293E+07    1.211E+16    6.993E+04    1.802E-01    9.537E-04     r       2.6
5.288E+07    9.773E-01    5.692E+25    1.298E+07    1.222E+16    7.033E+04    1.792E-01    9.742E-04     r       2.6
5.215E+07    9.782E-01    5.518E+25    1.300E+07    1.228E+16    7.052E+04    1.787E-01    9.844E-04     r       2.6
5.070E+07    9.799E-01    5.179E+25    1.304E+07    1.239E+16    7.090E+04    1.776E-01    1.005E-03     r       2.6
4.998E+07    9.807E-01    5.014E+25    1.306E+07    1.244E+16    7.109E+04    1.771E-01    1.015E-03     r       2.6
4.853E+07    9.823E-01    4.691E+25    1.311E+07    1.254E+16    7.145E+04    1.761E-01    1.035E-03     r       2.6
4.780E+07    9.830E-01    4.533E+25    1.313E+07    1.259E+16    7.163E+04    1.756E-01    1.045E-03     r       2.5
4.635E+07    9.845E-01    4.227E+25    1.317E+07    1.270E+16    7.197E+04    1.747E-01    1.065E-03     r       2.5
4.563E+07    9.852E-01    4.079E+25    1.319E+07    1.275E+16    7.214E+04    1.742E-01    1.075E-03     r       2.5
4.417E+07    9.865E-01    3.790E+25    1.323E+07    1.284E+16    7.247E+04    1.732E-01    1.095E-03     r       2.5
4.345E+07    9.872E-01    3.651E+25    1.325E+07    1.289E+16    7.263E+04    1.728E-01    1.105E-03     r       2.5
4.200E+07    9.884E-01    3.381E+25    1.329E+07    1.298E+16    7.295E+04    1.719E-01    1.124E-03     r       2.5
4.127E+07    9.890E-01    3.250E+25    1.331E+07    1.303E+16    7.310E+04    1.715E-01    1.134E-03     r       2.5
3.982E+07    9.901E-01    2.999E+25    1.335E+07    1.312E+16    7.340E+04    1.706E-01    1.153E-03     r       2.5
3.910E+07    9.906E-01    2.879E+25    1.336E+07    1.316E+16    7.355E+04    1.702E-01    1.162E-03     r       2.5
3.873E+07    9.909E-01    2.820E+25    1.337E+07    1.319E+16    7.362E+04    1.700E-01    1.167E-03     r       2.5
3.801E+07    9.914E-01    2.704E+25    1.339E+07    1.323E+16    7.376E+04    1.696E-01    1.176E-03     r       2.5
3.765E+07    9.916E-01    2.647E+25    1.340E+07    1.325E+16    7.383E+04    1.695E-01    1.181E-03     r       2.5
3.692E+07    9.921E-01    2.536E+25    1.342E+07    1.329E+16    7.397E+04    1.691E-01    1.189E-03     r       2.5
3.656E+07    9.923E-01    2.482E+25    1.342E+07    1.331E+16    7.404E+04    1.689E-01    1.194E-03     r       2.5
3.583E+07    9.927E-01    2.376E+25    1.344E+07    1.335E+16    7.418E+04    1.685E-01    1.203E-03     r       2.5
3.547E+07    9.930E-01    2.324E+25    1.345E+07    1.337E+16    7.425E+04    1.684E-01    1.207E-03     r       2.5
3.475E+07    9.934E-01    2.223E+25    1.346E+07    1.341E+16    7.438E+04    1.680E-01    1.216E-03     r       2.5
3.438E+07    9.936E-01    2.173E+25    1.347E+07    1.343E+16    7.444E+04    1.678E-01    1.220E-03     r       2.5
3.366E+07    9.940E-01    2.077E+25    1.349E+07    1.347E+16    7.457E+04    1.675E-01    1.228E-03     r       2.5
3.330E+07    9.942E-01    2.030E+25    1.349E+07    1.349E+16    7.463E+04    1.673E-01    1.233E-03     r       2.5
3.257E+07    9.945E-01    1.939E+25    1.351E+07    1.353E+16    7.476E+04    1.670E-01    1.241E-03     r       2.5
3.221E+07    9.947E-01    1.895E+25    1.352E+07    1.355E+16    7.482E+04    1.669E-01    1.245E-03     r       2.5
3.148E+07    9.951E-01    1.808E+25    1.353E+07    1.358E+16    7.494E+04    1.665E-01    1.253E-03     r       2.5
3.112E+07    9.952E-01    1.766E+25    1.354E+07    1.360E+16    7.500E+04    1.664E-01    1.257E-03     r       2.5
3.039E+07    9.956E-01    1.685E+25    1.355E+07    1.363E+16    7.511E+04    1.661E-01    1.265E-03     r       2.5
3.003E+07    9.957E-01    1.645E+25    1.356E+07    1.365E+16    7.517E+04    1.660E-01    1.269E-03     r       2.5
2.931E+07    9.960E-01    1.568E+25    1.357E+07    1.369E+16    7.528E+04    1.657E-01    1.276E-03     r       2.5
2.894E+07    9.962E-01    1.531E+25    1.358E+07    1.370E+16    7.534E+04    1.655E-01    1.280E-03     r       2.5
2.822E+07    9.964E-01    1.459E+25    1.359E+07    1.374E+16    7.545E+04    1.652E-01    1.287E-03     r       2.5
2.786E+07    9.966E-01    1.424E+25    1.360E+07    1.375E+16    7.550E+04    1.651E-01    1.291E-03     r       2.5
2.713E+07    9.968E-01    1.357E+25    1.361E+07    1.378E+16    7.560E+04    1.649E-01    1.298E-03     r       2.5
2.677E+07    9.970E-01    1.324E+25    1.362E+07    1.380E+16    7.565E+04    1.647E-01    1.302E-03     r       2.5
2.604E+07    9.972E-01    1.261E+25    1.363E+07    1.383E+16    7.575E+04    1.645E-01    1.309E-03     r       2.5
2.568E+07    9.973E-01    1.231E+25    1.364E+07    1.384E+16    7.580E+04    1.643E-01    1.312E-03     r       2.5
2.495E+07    9.976E-01    1.173E+25    1.365E+07    1.387E+16    7.590E+04    1.641E-01    1.319E-03     r       2.5
2.459E+07    9.977E-01    1.145E+25    1.365E+07    1.389E+16    7.594E+04    1.640E-01    1.322E-03     r       2.5
2.387E+07    9.979E-01    1.091E+25    1.366E+07    1.392E+16    7.604E+04    1.638E-01    1.328E-03     r       2.5
2.350E+07    9.980E-01    1.065E+25    1.367E+07    1.393E+16    7.608E+04    1.637E-01    1.332E-03     r       2.5
2.278E+07    9.981E-01    1.015E+25    1.368E+07    1.396E+16    7.617E+04    1.634E-01    1.338E-03     r       2.5
2.242E+07    9.982E-01    9.917E+24    1.368E+07    1.397E+16    7.621E+04    1.633E-01    1.341E-03     r       2.5
2.169E+07    9.984E-01    9.462E+24    1.369E+07    1.399E+16    7.629E+04    1.631E-01    1.347E-03     r       2.5
2.133E+07    9.985E-01    9.246E+24    1.370E+07    1.401E+16    7.633E+04    1.630E-01    1.349E-03     r       2.5
2.115E+07    9.985E-01    9.140E+24    1.370E+07    1.401E+16    7.635E+04    1.630E-01    1.351E-03     r       2.5
2.078E+07    9.986E-01    8.933E+24    1.371E+07    1.402E+16    7.639E+04    1.629E-01    1.354E-03     r       2.5
2.060E+07    9.986E-01    8.832E+24    1.371E+07    1.403E+16    7.641E+04    1.628E-01    1.355E-03     r       2.5
2.024E+07    9.987E-01    8.635E+24    1.371E+07    1.404E+16    7.645E+04    1.627E-01    1.358E-03     r       2.5
2.006E+07    9.988E-01    8.539E+24    1.372E+07    1.405E+16    7.647E+04    1.627E-01    1.359E-03     r       2.5
1.970E+07    9.988E-01    8.351E+24    1.372E+07    1.406E+16    7.650E+04    1.626E-01    1.362E-03     r       2.5
1.951E+07    9.989E-01    8.260E+24    1.372E+07    1.406E+16    7.652E+04    1.626E-01    1.363E-03     r       2.5
1.915E+07    9.989E-01    8.082E+24    1.373E+07    1.408E+16    7.656E+04    1.625E-01    1.366E-03     r       2.5
1.897E+07    9.990E-01    7.995E+24    1.373E+07    1.408E+16    7.658E+04    1.624E-01    1.367E-03     r       2.5
1.861E+07    9.990E-01    7.827E+24    1.373E+07    1.409E+16    7.661E+04    1.623E-01    1.369E-03     r       2.5
1.843E+07    9.990E-01    7.745E+24    1.373E+07    1.410E+16    7.663E+04    1.623E-01    1.371E-03     r       2.5
1.806E+07    9.991E-01    7.585E+24    1.374E+07    1.411E+16    7.666E+04    1.622E-01    1.373E-03     r       2.5
1.788E+07    9.991E-01    7.508E+24    1.374E+07    1.411E+16    7.668E+04    1.622E-01    1.374E-03     r       2.5
1.752E+07    9.992E-01    7.357E+24    1.374E+07    1.412E+16    7.671E+04    1.621E-01    1.377E-03     r       2.5
1.734E+07    9.992E-01    7.284E+24    1.375E+07    1.413E+16    7.673E+04    1.621E-01    1.378E-03     r       2.5
1.698E+07    9.993E-01    7.142E+24    1.375E+07    1.414E+16    7.676E+04    1.620E-01    1.380E-03     r       2.5
1.679E+07    9.993E-01    7.073E+24    1.375E+07    1.414E+16    7.677E+04    1.620E-01    1.381E-03     r       2.5
1.643E+07    9.993E-01    6.940E+24    1.376E+07    1.415E+16    7.680E+04    1.619E-01    1.383E-03     r       2.5
1.625E+07    9.994E-01    6.875E+24    1.376E+07    1.415E+16    7.682E+04    1.618E-01    1.384E-03     r       2.5
1.589E+07    9.994E-01    6.750E+24    1.376E+07    1.416E+16    7.684E+04    1.618E-01    1.386E-03     r       2.5
1.571E+07    9.994E-01    6.689E+24    1.376E+07    1.417E+16    7.686E+04    1.617E-01    1.387E-03     r       2.5
1.534E+07    9.995E-01    6.572E+24    1.377E+07    1.418E+16    7.689E+04    1.617E-01    1.389E-03     r       2.5
1.516E+07    9.995E-01    6.515E+24    1.377E+07    1.418E+16    7.690E+04    1.616E-01    1.390E-03     r       2.5
1.480E+07    9.995E-01    6.406E+24    1.377E+07    1.419E+16    7.693E+04    1.616E-01    1.392E-03     r       2.5
1.462E+07    9.996E-01    6.353E+24    1.377E+07    1.419E+16    7.694E+04    1.615E-01    1.393E-03     r       2.5
1.426E+07    9.996E-01    6.251E+24    1.377E+07    1.420E+16    7.696E+04    1.615E-01    1.395E-03     r       2.5
1.408E+07    9.996E-01    6.202E+24    1.378E+07    1.420E+16    7.698E+04    1.615E-01    1.396E-03     r       2.5
1.371E+07    9.996E-01    6.107E+24    1.378E+07    1.421E+16    7.700E+04    1.614E-01    1.398E-03     r       2.5
1.353E+07    9.997E-01    6.062E+24    1.378E+07    1.421E+16    7.701E+04    1.614E-01    1.399E-03     r       2.5
1.317E+07    9.997E-01    5.974E+24    1.378E+07    1.422E+16    7.703E+04    1.613E-01    1.400E-03     r       2.5
1.299E+07    9.997E-01    5.932E+24    1.378E+07    1.422E+16    7.704E+04    1.613E-01    1.401E-03     r       2.5
1.262E+07    9.997E-01    5.851E+24    1.379E+07    1.423E+16    7.706E+04    1.612E-01    1.403E-03     r       2.5
1.244E+07    9.997E-01    5.813E+24    1.379E+07    1.423E+16    7.707E+04    1.612E-01    1.403E-03     r       2.5
1.235E+07    9.998E-01    5.794E+24    1.379E+07    1.424E+16    7.708E+04    1.612E-01    1.404E-03     r       2.5
1.217E+07    9.998E-01    5.757E+24    1.379E+07    1.424E+16    7.709E+04    1.612E-01    1.404E-03     r       2.5
1.208E+07    9.998E-01    5.739E+24    1.379E+07    1.424E+16    7.709E+04    1.612E-01    1.405E-03     r       2.5
1.190E+07    9.998E-01    5.703E+24    1.379E+07    1.424E+16    7.710E+04    1.611E-01    1.405E-03     r       2.5
1.181E+07    9.998E-01    5.686E+24    1.379E+07    1.424E+16    7.711E+04    1.611E-01    1.406E-03     r       2.5
1.163E+07    9.998E-01    5.652E+24    1.379E+07    1.425E+16    7.712E+04    1.611E-01    1.406E-03     r       2.5
1.154E+07    9.998E-01    5.635E+24    1.379E+07    1.425E+16    7.712E+04    1.611E-01    1.407E-03     r       2.5
1.136E+07    9.998E-01    5.603E+24    1.379E+07    1.425E+16    7.713E+04    1.611E-01    1.407E-03     r       2.5
1.126E+07    9.998E-01    5.587E+24    1.380E+07    1.425E+16    7.713E+04    1.611E-01    1.408E-03     r       2.5
1.108E+07    9.998E-01    5.556E+24    1.380E+07    1.425E+16    7.714E+04    1.611E-01    1.408E-03     r       2.5
1.099E+07    9.998E-01    5.541E+24    1.380E+07    1.426E+16    7.715E+04    1.610E-01    1.409E-03     r       2.5
1.081E+07    9.999E-01    5.512E+24    1.380E+07    1.426E+16    7.715E+04    1.610E-01    1.409E-03     r       2.5
1.072E+07    9.999E-01    5.497E+24    1.380E+07    1.426E+16    7.716E+04    1.610E-01    1.409E-03     r       2.5
1.054E+07    9.999E-01    5.469E+24    1.380E+07    1.426E+16    7.716E+04    1.610E-01    1.410E-03     r       2.5
1.045E+07    9.999E-01    5.456E+24    1.380E+07    1.426E+16    7.717E+04    1.610E-01    1.410E-03     r       2.5
1.027E+07    9.999E-01    5.429E+24    1.380E+07    1.427E+16    7.717E+04    1.610E-01    1.411E-03     r       2.5
1.018E+07    9.999E-01    5.416E+24    1.380E+07    1.427E+16    7.718E+04    1.610E-01    1.411E-03     r       2.5
9.995E+06    9.999E-01    5.391E+24    1.380E+07    1.427E+16    7.718E+04    1.610E-01    1.411E-03     r       2.5
9.905E+06    9.999E-01    5.379E+24    1.380E+07    1.427E+16    7.719E+04    1.609E-01    1.412E-03     r       2.5
9.723E+06    9.999E-01    5.355E+24    1.380E+07    1.427E+16    7.719E+04    1.609E-01    1.412E-03     r       2.5
9.633E+06    9.999E-01    5.343E+24    1.380E+07    1.427E+16    7.720E+04    1.609E-01    1.412E-03     r       2.5
9.451E+06    9.999E-01    5.320E+24    1.380E+07    1.427E+16    7.720E+04    1.609E-01    1.413E-03     r       2.5
9.361E+06    9.999E-01    5.309E+24    1.380E+07    1.427E+16    7.720E+04    1.609E-01    1.413E-03     r       2.5
9.179E+06    9.999E-01    5.288E+24    1.380E+07    1.428E+16    7.721E+04    1.609E-01    1.413E-03     r       2.5
9.089E+06    9.999E-01    5.278E+24    1.380E+07    1.428E+16    7.721E+04    1.609E-01    1.413E-03     r       2.5
9.043E+06    9.999E-01    5.273E+24    1.380E+07    1.428E+16    7.721E+04    1.609E-01    1.414E-03     r       2.5
8.953E+06    9.999E-01    5.262E+24    1.381E+07    1.428E+16    7.722E+04    1.609E-01    1.414E-03     r       2.5
8.907E+06    9.999E-01    5.257E+24    1.381E+07    1.428E+16    7.722E+04    1.609E-01    1.414E-03     r       2.5
8.817E+06    9.999E-01    5.248E+24    1.381E+07    1.428E+16    7.722E+04    1.609E-01    1.414E-03     r       2.5
8.771E+06    9.999E-01    5.243E+24    1.381E+07    1.428E+16    7.722E+04    1.609E-01    1.414E-03     r       2.5
8.681E+06    1.000E+00    5.233E+24    1.381E+07    1.428E+16    7.722E+04    1.609E-01    1.414E-03     r       2.5
8.635E+06    1.000E+00    5.229E+24    1.381E+07    1.428E+16    7.722E+04    1.609E-01    1.414E-03     r       2.5
8.545E+06    1.000E+00    5.220E+24    1.381E+07    1.428E+16    7.722E+04    1.609E-01    1.414E-03     r       2.5
8.499E+06    1.000E+00    5.215E+24    1.381E+07    1.428E+16    7.723E+04    1.609E-01    1.414E-03     r       2.5
8.409E+06    1.000E+00    5.206E+24    1.381E+07    1.428E+16    7.723E+04    1.609E-01    1.415E-03     r       2.5
8.363E+06    1.000E+00    5.202E+24    1.381E+07    1.428E+16    7.723E+04    1.608E-01    1.415E-03     r       2.5
8.273E+06    1.000E+00    5.193E+24    1.381E+07    1.428E+16    7.723E+04    1.608E-01    1.415E-03     r       2.5
8.228E+06    1.000E+00    5.189E+24    1.381E+07    1.428E+16    7.723E+04    1.608E-01    1.415E-03     r       2.5
8.137E+06    1.000E+00    5.181E+24    1.381E+07    1.428E+16    7.723E+04    1.608E-01    1.415E-03     r       2.5
8.092E+06    1.000E+00    5.177E+24    1.381E+07    1.428E+16    7.723E+04    1.608E-01    1.415E-03     r       2.5
8.001E+06    1.000E+00    5.168E+24    1.381E+07    1.428E+16    7.723E+04    1.608E-01    1.415E-03     r       2.5
7.956E+06    1.000E+00    5.164E+24    1.381E+07    1.428E+16    7.723E+04    1.608E-01    1.415E-03     r       2.5
7.933E+06    1.000E+00    5.163E+24    1.381E+07    1.428E+16    7.723E+04    1.608E-01    1.415E-03     r       2.5
7.888E+06    1.000E+00    5.159E+24    1.381E+07    1.428E+16    7.724E+04    1.608E-01    1.415E-03     r       2.5
7.865E+06    1.000E+00    5.157E+24    1.381E+07    1.428E+16    7.724E+04    1.608E-01    1.415E-03     r       2.5
7.820E+06    1.000E+00    5.153E+24    1.381E+07    1.428E+16    7.724E+04    1.608E-01    1.415E-03     r       2.5
7.797E+06    1.000E+00    5.151E+24    1.381E+07    1.428E+16    7.724E+04    1.608E-01    1.415E-03     r       2.5
7.752E+06    1.000E+00    5.147E+24    1.381E+07    1.428E+16    7.724E+04    1.608E-01    1.415E-03     r       2.5
7.729E+06    1.000E+00    5.145E+24    1.381E+07    1.428E+16    7.724E+04    1.608E-01    1.415E-03     r       2.5
7.684E+06    1.000E+00    5.142E+24    1.381E+07    1.428E+16    7.724E+04    1.608E-01    1.415E-03     r       2.5
7.661E+06    1.000E+00    5.140E+24    1.381E+07    1.428E+16    7.724E+04    1.608E-01    1.415E-03     r       2.5
7.616E+06    1.000E+00    5.136E+24    1.381E+07    1.428E+16    7.724E+04    1.608E-01    1.415E-03     r       2.5
7.593E+06    1.000E+00    5.134E+24    1.381E+07    1.428E+16    7.724E+04    1.608E-01    1.415E-03     r       2.5
7.548E+06    1.000E+00    5.131E+24    1.381E+07    1.428E+16    7.724E+04    1.608E-01    1.415E-03     r       2.5
7.525E+06    1.000E+00    5.129E+24    1.381E+07    1.428E+16    7.724E+04    1.608E-01    1.415E-03     r       2.5
7.514E+06    1.000E+00    5.128E+24    1.381E+07    1.428E+16    7.724E+04    1.608E-01    1.415E-03     r       2.5
7.491E+06    1.000E+00    5.126E+24    1.381E+07    1.428E+16    7.724E+04    1.608E-01    1.415E-03     r       2.5
7.480E+06    1.000E+00    5.126E+24    1.381E+07    1.428E+16    7.724E+04    1.608E-01    1.415E-03     r       2.5
7.457E+06    1.000E+00    5.124E+24    1.381E+07    1.428E+16    7.724E+04    1.608E-01    1.415E-03     r       2.5
7.446E+06    1.000E+00    5.123E+24    1.381E+07    1.428E+16    7.724E+04    1.608E-01    1.415E-03     r       2.5
7.423E+06    1.000E+00    5.121E+24    1.381E+07    1.428E+16    7.724E+04    1.608E-01    1.415E-03     r       2.5
7.412E+06    1.000E+00    5.120E+24    1.381E+07    1.428E+16    7.724E+04    1.608E-01    1.415E-03     r       2.5
7.389E+06    1.000E+00    5.119E+24    1.381E+07    1.428E+16    7.724E+04    1.608E-01    1.415E-03     r       2.5
7.378E+06    1.000E+00    5.118E+24    1.381E+07    1.428E+16    7.724E+04    1.608E-01    1.415E-03     r       2.5
7.355E+06    1.000E+00    5.116E+24    1.381E+07    1.428E+16    7.724E+04    1.608E-01    1.415E-03     r       2.5
7.344E+06    1.000E+00    5.115E+24    1.381E+07    1.428E+16    7.724E+04    1.608E-01    1.416E-03     r       2.5
7.321E+06    1.000E+00    5.114E+24    1.381E+07    1.429E+16    7.724E+04    1.608E-01    1.416E-03     r       2.5
7.310E+06    1.000E+00    5.113E+24    1.381E+07    1.429E+16    7.724E+04    1.608E-01    1.416E-03     r       2.5
7.287E+06    1.000E+00    5.111E+24    1.381E+07    1.429E+16    7.724E+04    1.608E-01    1.416E-03     r       2.5
7.276E+06    1.000E+00    5.110E+24    1.381E+07    1.429E+16    7.724E+04    1.608E-01    1.416E-03     r       2.5
7.270E+06    1.000E+00    5.110E+24    1.381E+07    1.429E+16    7.724E+04    1.608E-01    1.416E-03     r       2.5
7.259E+06    1.000E+00    5.109E+24    1.381E+07    1.429E+16    7.724E+04    1.608E-01    1.416E-03     r       2.5
7.253E+06    1.000E+00    5.109E+24    1.381E+07    1.429E+16    7.724E+04    1.608E-01    1.416E-03     r       2.5
7.242E+06    1.000E+00    5.108E+24    1.381E+07    1.429E+16    7.724E+04    1.608E-01    1.416E-03     r       2.5
