   r        Qm       L_r       T        P        rho      kap      eps     fl   dlnPdlnT
8.975E+08    0.000E+00    7.795E+27    1.079E+04    8.358E+02    0.000E+00    2.628E-01    0.000E+00     *      99.9
8.966E+08    4.186E-14    7.795E+27    5.204E+03    1.464E+00    1.836E-08    6.010E+00    1.426E-92     r       2.9
8.957E+08    2.213E-13    7.795E+27    8.500E+03    2.485E+01    2.069E-07    7.494E+00    6.957E-79     r       3.7
8.953E+08    5.814E-13    7.795E+27    1.103E+04    7.192E+01    4.620E-07    5.744E+00    1.233E-72     r       3.8
8.951E+08    8.981E-13    7.795E+27    1.217E+04    1.134E+02    6.621E-07    5.431E+00    2.228E-70     r       4.5
8.950E+08    1.103E-12    7.795E+27    1.274E+04    1.402E+02    7.830E-07    5.286E+00    2.405E-69     r       4.6
8.949E+08    1.219E-12    7.795E+27    1.303E+04    1.553E+02    8.491E-07    5.217E+00    7.513E-69     r       4.6
8.949E+08    1.280E-12    7.795E+27    1.317E+04    1.634E+02    8.836E-07    5.184E+00    1.312E-68     r       4.6
8.949E+08    1.312E-12    7.795E+27    1.324E+04    1.675E+02    9.013E-07    5.167E+00    1.729E-68     r       4.6
8.948E+08    1.377E-12    7.795E+27    1.339E+04    1.761E+02    9.374E-07    5.134E+00    2.986E-68     r       4.6
8.948E+08    1.410E-12    7.795E+27    1.346E+04    1.805E+02    9.558E-07    5.118E+00    3.913E-68     r       4.6
8.948E+08    1.480E-12    7.795E+27    1.360E+04    1.896E+02    9.935E-07    5.086E+00    6.683E-68     r       4.6
8.948E+08    1.515E-12    7.795E+27    1.368E+04    1.942E+02    1.013E-06    5.070E+00    8.710E-68     r       4.6
8.947E+08    1.588E-12    7.795E+27    1.382E+04    2.038E+02    1.052E-06    5.039E+00    1.472E-67     r       4.6
8.947E+08    1.743E-12    7.795E+27    1.411E+04    2.241E+02    1.134E-06    4.977E+00    4.115E-67     r       4.6
8.947E+08    1.825E-12    7.795E+27    1.425E+04    2.349E+02    1.177E-06    4.947E+00    6.814E-67     r       4.6
8.946E+08    1.998E-12    7.795E+27    1.454E+04    2.576E+02    1.265E-06    4.889E+00    1.832E-66     r       4.6
8.946E+08    2.090E-12    7.795E+27    1.469E+04    2.696E+02    1.312E-06    4.860E+00    2.976E-66     r       4.6
8.945E+08    2.282E-12    7.795E+27    1.498E+04    2.949E+02    1.408E-06    4.804E+00    7.713E-66     r       4.6
8.945E+08    2.384E-12    7.795E+27    1.512E+04    3.082E+02    1.458E-06    4.777E+00    1.231E-65     r       4.6
8.944E+08    2.598E-12    7.795E+27    1.541E+04    3.363E+02    1.561E-06    4.723E+00    3.082E-65     r       4.6
8.944E+08    2.710E-12    7.795E+27    1.556E+04    3.511E+02    1.615E-06    4.697E+00    4.837E-65     r       4.6
8.944E+08    2.947E-12    7.795E+27    1.585E+04    3.822E+02    1.727E-06    4.646E+00    1.172E-64     r       4.6
8.943E+08    3.072E-12    7.795E+27    1.599E+04    3.985E+02    1.785E-06    4.621E+00    1.811E-64     r       4.6
8.943E+08    3.333E-12    7.795E+27    1.628E+04    4.329E+02    1.905E-06    4.572E+00    4.260E-64     r       4.6
8.942E+08    3.470E-12    7.795E+27    1.643E+04    4.509E+02    1.967E-06    4.548E+00    6.485E-64     r       4.6
8.942E+08    3.758E-12    7.795E+27    1.672E+04    4.887E+02    2.096E-06    4.500E+00    1.482E-63     r       4.6
8.942E+08    3.909E-12    7.795E+27    1.686E+04    5.085E+02    2.163E-06    4.477E+00    2.225E-63     r       4.6
8.941E+08    4.225E-12    7.795E+27    1.715E+04    5.501E+02    2.301E-06    4.432E+00    4.948E-63     r       4.6
8.941E+08    4.390E-12    7.795E+27    1.730E+04    5.719E+02    2.372E-06    4.410E+00    7.332E-63     r       4.6
8.940E+08    4.737E-12    7.795E+27    1.759E+04    6.174E+02    2.520E-06    4.366E+00    1.590E-62     r       4.6
8.940E+08    4.918E-12    7.795E+27    1.774E+04    6.412E+02    2.596E-06    4.345E+00    2.326E-62     r       4.6
8.939E+08    5.297E-12    7.795E+27    1.803E+04    6.911E+02    2.754E-06    4.303E+00    4.924E-62     r       4.6
8.939E+08    5.494E-12    7.795E+27    1.817E+04    7.171E+02    2.835E-06    4.282E+00    7.122E-62     r       4.6
8.938E+08    5.908E-12    7.795E+27    1.846E+04    7.715E+02    3.003E-06    4.242E+00    1.473E-61     r       4.6
8.938E+08    6.123E-12    7.795E+27    1.861E+04    7.999E+02    3.090E-06    4.222E+00    2.108E-61     r       4.6
8.938E+08    6.573E-12    7.795E+27    1.890E+04    8.592E+02    3.269E-06    4.183E+00    4.267E-61     r       4.6
8.937E+08    6.808E-12    7.795E+27    1.905E+04    8.901E+02    3.361E-06    4.164E+00    6.040E-61     r       4.6
8.937E+08    7.297E-12    7.795E+27    1.934E+04    9.545E+02    3.551E-06    4.126E+00    1.198E-60     r       4.6
8.937E+08    7.552E-12    7.795E+27    1.948E+04    9.880E+02    3.649E-06    4.108E+00    1.679E-60     r       4.6
8.936E+08    8.082E-12    7.795E+27    1.978E+04    1.058E+03    3.851E-06    4.072E+00    3.265E-60     r       4.6
8.936E+08    8.358E-12    7.795E+27    1.992E+04    1.094E+03    3.955E-06    4.054E+00    4.532E-60     r       4.6
8.935E+08    8.933E-12    7.795E+27    2.021E+04    1.170E+03    4.169E-06    4.019E+00    8.653E-60     r       4.6
8.935E+08    9.232E-12    7.795E+27    2.036E+04    1.209E+03    4.279E-06    4.001E+00    1.190E-59     r       4.6
8.934E+08    9.853E-12    7.795E+27    2.065E+04    1.291E+03    4.505E-06    3.968E+00    2.233E-59     r       4.6
8.934E+08    1.018E-11    7.795E+27    2.080E+04    1.334E+03    4.622E-06    3.951E+00    3.045E-59     r       4.6
8.933E+08    1.085E-11    7.795E+27    2.109E+04    1.422E+03    4.861E-06    3.918E+00    5.617E-59     r       4.6
8.933E+08    1.119E-11    7.795E+27    2.124E+04    1.468E+03    4.985E-06    3.902E+00    7.598E-59     r       4.6
8.933E+08    1.192E-11    7.795E+27    2.153E+04    1.564E+03    5.238E-06    3.870E+00    1.379E-58     r       4.6
8.932E+08    1.229E-11    7.795E+27    2.168E+04    1.613E+03    5.368E-06    3.855E+00    1.851E-58     r       4.6
8.932E+08    1.307E-11    7.795E+27    2.197E+04    1.716E+03    5.635E-06    3.824E+00    3.309E-58     r       4.6
8.931E+08    1.347E-11    7.795E+27    2.212E+04    1.769E+03    5.772E-06    3.809E+00    4.407E-58     r       4.6
8.931E+08    1.431E-11    7.795E+27    2.241E+04    1.879E+03    6.053E-06    3.779E+00    7.764E-58     r       4.6
8.931E+08    1.474E-11    7.795E+27    2.256E+04    1.937E+03    6.198E-06    3.764E+00    1.027E-57     r       4.6
8.930E+08    1.564E-11    7.795E+27    2.285E+04    2.055E+03    6.494E-06    3.735E+00    1.784E-57     r       4.6
8.930E+08    1.610E-11    7.795E+27    2.300E+04    2.117E+03    6.647E-06    3.721E+00    2.343E-57     r       4.6
8.929E+08    1.706E-11    7.795E+27    2.329E+04    2.244E+03    6.958E-06    3.693E+00    4.015E-57     r       4.6
8.929E+08    1.756E-11    7.795E+27    2.344E+04    2.309E+03    7.118E-06    3.679E+00    5.240E-57     r       4.6
8.928E+08    1.859E-11    7.795E+27    2.373E+04    2.445E+03    7.446E-06    3.652E+00    8.866E-57     r       4.6
8.928E+08    1.912E-11    7.795E+27    2.388E+04    2.516E+03    7.614E-06    3.639E+00    1.150E-56     r       4.6
8.928E+08    2.022E-11    7.795E+27    2.417E+04    2.661E+03    7.959E-06    3.612E+00    1.921E-56     r       4.6
8.927E+08    2.079E-11    7.795E+27    2.432E+04    2.736E+03    8.135E-06    3.599E+00    2.477E-56     r       4.6
8.927E+08    2.196E-11    7.795E+27    2.461E+04    2.892E+03    8.496E-06    3.573E+00    4.091E-56     r       4.6
8.926E+08    2.257E-11    7.795E+27    2.476E+04    2.972E+03    8.681E-06    3.561E+00    5.242E-56     r       4.6
8.926E+08    2.382E-11    7.795E+27    2.505E+04    3.138E+03    9.060E-06    3.536E+00    8.561E-56     r       4.6
8.926E+08    2.447E-11    7.795E+27    2.520E+04    3.223E+03    9.254E-06    3.523E+00    1.091E-55     r       4.6
8.925E+08    2.580E-11    7.795E+27    2.549E+04    3.400E+03    9.650E-06    3.499E+00    1.762E-55     r       4.6
8.925E+08    2.649E-11    7.795E+27    2.564E+04    3.491E+03    9.853E-06    3.487E+00    2.234E-55     r       4.6
8.924E+08    2.791E-11    7.795E+27    2.594E+04    3.679E+03    1.027E-05    3.463E+00    3.571E-55     r       4.6
8.924E+08    2.864E-11    7.795E+27    2.608E+04    3.776E+03    1.048E-05    3.452E+00    4.503E-55     r       4.6
8.923E+08    3.015E-11    7.795E+27    2.638E+04    3.976E+03    1.092E-05    3.429E+00    7.127E-55     r       4.6
8.923E+08    3.093E-11    7.795E+27    2.653E+04    4.079E+03    1.114E-05    3.417E+00    8.943E-55     r       4.6
8.922E+08    3.253E-11    7.795E+27    2.682E+04    4.292E+03    1.159E-05    3.395E+00    1.402E-54     r       4.6
8.922E+08    3.336E-11    7.795E+27    2.697E+04    4.401E+03    1.182E-05    3.384E+00    1.750E-54     r       4.6
8.922E+08    3.506E-11    7.795E+27    2.726E+04    4.627E+03    1.230E-05    3.362E+00    2.718E-54     r       4.6
8.921E+08    3.593E-11    7.795E+27    2.741E+04    4.743E+03    1.254E-05    3.351E+00    3.379E-54     r       4.6
8.921E+08    3.774E-11    7.795E+27    2.771E+04    4.982E+03    1.303E-05    3.330E+00    5.198E-54     r       4.6
8.921E+08    3.866E-11    7.795E+27    2.785E+04    5.105E+03    1.329E-05    3.319E+00    6.434E-54     r       4.6
8.920E+08    4.057E-11    7.795E+27    2.815E+04    5.359E+03    1.380E-05    3.298E+00    9.814E-54     r       4.6
8.919E+08    4.462E-11    7.795E+27    2.874E+04    5.896E+03    1.488E-05    3.258E+00    2.245E-53     r       4.6
8.918E+08    4.675E-11    7.795E+27    2.903E+04    6.179E+03    1.544E-05    3.238E+00    3.369E-53     r       4.6
8.917E+08    5.127E-11    7.795E+27    2.963E+04    6.779E+03    1.661E-05    3.199E+00    7.467E-53     r       4.6
8.917E+08    5.365E-11    7.795E+27    2.992E+04    7.096E+03    1.721E-05    3.180E+00    1.103E-52     r       4.6
8.915E+08    5.867E-11    7.795E+27    3.051E+04    7.764E+03    1.848E-05    3.143E+00    2.373E-52     r       4.6
8.915E+08    6.132E-11    7.795E+27    3.081E+04    8.117E+03    1.913E-05    3.125E+00    3.456E-52     r       4.6
8.914E+08    6.690E-11    7.795E+27    3.140E+04    8.859E+03    2.049E-05    3.090E+00    7.231E-52     r       4.6
8.913E+08    6.984E-11    7.795E+27    3.170E+04    9.250E+03    2.120E-05    3.073E+00    1.039E-51     r       4.6
8.912E+08    7.601E-11    7.795E+27    3.229E+04    1.007E+04    2.267E-05    3.039E+00    2.118E-51     r       4.6
8.912E+08    7.925E-11    7.795E+27    3.259E+04    1.050E+04    2.343E-05    3.022E+00    3.005E-51     r       4.6
8.910E+08    8.607E-11    7.795E+27    3.318E+04    1.141E+04    2.501E-05    2.990E+00    5.977E-51     r       4.6
8.910E+08    8.964E-11    7.795E+27    3.348E+04    1.189E+04    2.583E-05    2.974E+00    8.380E-51     r       4.6
8.909E+08    9.714E-11    7.795E+27    3.407E+04    1.289E+04    2.752E-05    2.943E+00    1.629E-50     r       4.6
8.908E+08    1.011E-10    7.795E+27    3.437E+04    1.341E+04    2.840E-05    2.928E+00    2.258E-50     r       4.6
8.907E+08    1.093E-10    7.795E+27    3.496E+04    1.451E+04    3.021E-05    2.898E+00    4.294E-50     r       4.6
8.907E+08    1.136E-10    7.795E+27    3.526E+04    1.509E+04    3.115E-05    2.883E+00    5.892E-50     r       4.6
8.905E+08    1.226E-10    7.795E+27    3.585E+04    1.630E+04    3.309E-05    2.855E+00    1.098E-49     r       4.6
8.905E+08    1.274E-10    7.795E+27    3.615E+04    1.693E+04    3.409E-05    2.841E+00    1.491E-49     r       4.6
8.904E+08    1.372E-10    7.795E+27    3.674E+04    1.824E+04    3.616E-05    2.813E+00    2.725E-49     r       4.6
8.903E+08    1.424E-10    7.795E+27    3.704E+04    1.893E+04    3.723E-05    2.800E+00    3.666E-49     r       4.6
8.902E+08    1.532E-10    7.795E+27    3.764E+04    2.037E+04    3.944E-05    2.773E+00    6.579E-49     r       4.6
8.901E+08    1.588E-10    7.795E+27    3.794E+04    2.113E+04    4.058E-05    2.760E+00    8.773E-49     r       4.6
8.900E+08    1.705E-10    7.795E+27    3.853E+04    2.270E+04    4.293E-05    2.735E+00    1.547E-48     r       4.6
8.900E+08    1.766E-10    7.795E+27    3.883E+04    2.351E+04    4.414E-05    2.722E+00    2.046E-48     r       4.6
8.899E+08    1.893E-10    7.795E+27    3.943E+04    2.522E+04    4.664E-05    2.697E+00    3.549E-48     r       4.6
8.898E+08    1.960E-10    7.795E+27    3.972E+04    2.611E+04    4.792E-05    2.685E+00    4.655E-48     r       4.6
8.897E+08    2.098E-10    7.795E+27    4.032E+04    2.796E+04    5.057E-05    2.661E+00    7.949E-48     r       4.6
8.896E+08    2.170E-10    7.795E+27    4.062E+04    2.893E+04    5.194E-05    2.650E+00    1.035E-47     r       4.6
8.895E+08    2.319E-10    7.795E+27    4.122E+04    3.093E+04    5.475E-05    2.627E+00    1.741E-47     r       4.6
8.895E+08    2.397E-10    7.795E+27    4.152E+04    3.198E+04    5.620E-05    2.616E+00    2.250E-47     r       4.6
8.894E+08    2.559E-10    7.795E+27    4.211E+04    3.415E+04    5.917E-05    2.593E+00    3.732E-47     r       4.6
8.893E+08    2.643E-10    7.795E+27    4.241E+04    3.528E+04    6.070E-05    2.582E+00    4.791E-47     r       4.6
8.892E+08    2.817E-10    7.795E+27    4.301E+04    3.762E+04    6.385E-05    2.561E+00    7.840E-47     r       4.6
8.891E+08    2.908E-10    7.795E+27    4.331E+04    3.884E+04    6.547E-05    2.550E+00    9.996E-47     r       4.6
8.890E+08    3.096E-10    7.795E+27    4.391E+04    4.137E+04    6.879E-05    2.530E+00    1.615E-46     r       4.6
8.890E+08    3.193E-10    7.795E+27    4.421E+04    4.268E+04    7.050E-05    2.519E+00    2.046E-46     r       4.6
8.889E+08    3.396E-10    7.795E+27    4.481E+04    4.540E+04    7.401E-05    2.499E+00    3.266E-46     r       4.6
8.888E+08    3.501E-10    7.795E+27    4.511E+04    4.682E+04    7.581E-05    2.489E+00    4.113E-46     r       4.6
8.887E+08    3.718E-10    7.795E+27    4.570E+04    4.975E+04    7.951E-05    2.470E+00    6.488E-46     r       4.6
8.886E+08    3.831E-10    7.795E+27    4.600E+04    5.126E+04    8.141E-05    2.460E+00    8.125E-46     r       4.6
8.885E+08    4.064E-10    7.795E+27    4.660E+04    5.441E+04    8.531E-05    2.441E+00    1.267E-45     r       4.6
8.885E+08    4.184E-10    7.795E+27    4.690E+04    5.603E+04    8.731E-05    2.432E+00    1.578E-45     r       4.6
8.884E+08    4.434E-10    7.795E+27    4.750E+04    5.941E+04    9.141E-05    2.414E+00    2.435E-45     r       4.6
8.883E+08    4.564E-10    7.795E+27    4.780E+04    6.115E+04    9.351E-05    2.405E+00    3.017E-45     r       4.6
8.882E+08    4.831E-10    7.795E+27    4.840E+04    6.476E+04    9.782E-05    2.387E+00    4.607E-45     r       4.6
8.881E+08    4.969E-10    7.795E+27    4.870E+04    6.663E+04    1.000E-04    2.378E+00    5.679E-45     r       4.6
8.880E+08    5.255E-10    7.795E+27    4.931E+04    7.049E+04    1.046E-04    2.361E+00    8.588E-45     r       4.6
8.880E+08    5.403E-10    7.795E+27    4.961E+04    7.249E+04    1.069E-04    2.352E+00    1.054E-44     r       4.6
8.878E+08    5.708E-10    7.795E+27    5.021E+04    7.661E+04    1.116E-04    2.335E+00    1.578E-44     r       4.6
8.878E+08    5.866E-10    7.795E+27    5.051E+04    7.875E+04    1.140E-04    2.327E+00    1.927E-44     r       4.6
8.877E+08    6.191E-10    7.795E+27    5.111E+04    8.315E+04    1.190E-04    2.311E+00    2.860E-44     r       4.6
8.876E+08    6.359E-10    7.795E+27    5.141E+04    8.542E+04    1.216E-04    2.302E+00    3.477E-44     r       4.6
8.875E+08    6.706E-10    7.795E+27    5.201E+04    9.012E+04    1.268E-04    2.287E+00    5.117E-44     r       4.6
8.875E+08    6.885E-10    7.795E+27    5.231E+04    9.254E+04    1.295E-04    2.279E+00    6.194E-44     r       4.6
8.873E+08    7.253E-10    7.795E+27    5.291E+04    9.754E+04    1.349E-04    2.263E+00    9.038E-44     r       4.6
8.873E+08    7.444E-10    7.795E+27    5.322E+04    1.001E+05    1.377E-04    2.256E+00    1.089E-43     r       4.6
8.872E+08    7.836E-10    7.795E+27    5.382E+04    1.054E+05    1.434E-04    2.241E+00    1.577E-43     r       4.6
8.871E+08    8.038E-10    7.795E+27    5.412E+04    1.082E+05    1.463E-04    2.233E+00    1.893E-43     r       4.6
8.870E+08    8.454E-10    7.795E+27    5.472E+04    1.138E+05    1.523E-04    2.218E+00    2.719E-43     r       4.6
8.869E+08    8.669E-10    7.795E+27    5.502E+04    1.167E+05    1.554E-04    2.211E+00    3.253E-43     r       4.6
8.868E+08    9.110E-10    7.795E+27    5.563E+04    1.227E+05    1.616E-04    2.197E+00    4.637E-43     r       4.6
8.868E+08    9.338E-10    7.795E+27    5.593E+04    1.258E+05    1.648E-04    2.190E+00    5.526E-43     r       4.6
8.867E+08    9.806E-10    7.795E+27    5.653E+04    1.322E+05    1.713E-04    2.176E+00    7.821E-43     r       4.6
8.866E+08    1.005E-09    7.795E+27    5.684E+04    1.355E+05    1.746E-04    2.169E+00    9.288E-43     r       4.6
8.865E+08    1.054E-09    7.795E+27    5.744E+04    1.422E+05    1.814E-04    2.155E+00    1.305E-42     r       4.6
8.863E+08    1.159E-09    7.795E+27    5.865E+04    1.565E+05    1.956E-04    2.129E+00    2.544E-42     r       4.6
8.862E+08    1.215E-09    7.795E+27    5.925E+04    1.641E+05    2.029E-04    2.116E+00    3.529E-42     r       4.6
8.859E+08    1.332E-09    7.795E+27    6.046E+04    1.800E+05    2.183E-04    2.090E+00    6.704E-42     r       4.6
8.858E+08    1.394E-09    7.795E+27    6.107E+04    1.885E+05    2.263E-04    2.078E+00    9.185E-42     r       4.6
8.856E+08    1.524E-09    7.795E+27    6.228E+04    2.063E+05    2.429E-04    2.054E+00    1.704E-41     r       4.6
8.855E+08    1.593E-09    7.795E+27    6.289E+04    2.157E+05    2.515E-04    2.042E+00    2.308E-41     r       4.6
8.853E+08    1.737E-09    7.795E+27    6.410E+04    2.354E+05    2.695E-04    2.019E+00    4.187E-41     r       4.6
8.852E+08    1.813E-09    7.795E+27    6.470E+04    2.459E+05    2.788E-04    2.008E+00    5.609E-41     r       4.6
8.849E+08    1.974E-09    7.795E+27    6.592E+04    2.678E+05    2.981E-04    1.986E+00    9.966E-41     r       4.6
8.848E+08    2.058E-09    7.795E+27    6.653E+04    2.793E+05    3.081E-04    1.975E+00    1.322E-40     r       4.6
8.846E+08    2.234E-09    7.795E+27    6.774E+04    3.036E+05    3.289E-04    1.954E+00    2.303E-40     r       4.6
8.845E+08    2.327E-09    7.795E+27    6.835E+04    3.163E+05    3.397E-04    1.943E+00    3.025E-40     r       4.6
8.843E+08    2.521E-09    7.795E+27    6.957E+04    3.430E+05    3.620E-04    1.923E+00    5.174E-40     r       4.6
8.841E+08    2.623E-09    7.795E+27    7.017E+04    3.570E+05    3.735E-04    1.913E+00    6.737E-40     r       4.6
8.839E+08    2.837E-09    7.795E+27    7.139E+04    3.864E+05    3.975E-04    1.894E+00    1.132E-39     r       4.6
8.838E+08    2.949E-09    7.795E+27    7.200E+04    4.018E+05    4.098E-04    1.884E+00    1.462E-39     r       4.6
8.836E+08    3.182E-09    7.795E+27    7.322E+04    4.340E+05    4.354E-04    1.865E+00    2.417E-39     r       4.6
8.835E+08    3.305E-09    7.795E+27    7.383E+04    4.509E+05    4.486E-04    1.856E+00    3.096E-39     r       4.6
8.832E+08    3.560E-09    7.795E+27    7.505E+04    4.861E+05    4.759E-04    1.838E+00    5.041E-39     r       4.6
8.831E+08    3.694E-09    7.795E+27    7.566E+04    5.046E+05    4.901E-04    1.829E+00    6.408E-39     r       4.6
8.829E+08    3.973E-09    7.795E+27    7.688E+04    5.431E+05    5.192E-04    1.812E+00    1.028E-38     r       4.6
8.828E+08    4.118E-09    7.795E+27    7.750E+04    5.632E+05    5.342E-04    1.803E+00    1.297E-38     r       4.6
8.826E+08    4.422E-09    7.795E+27    7.872E+04    6.053E+05    5.652E-04    1.787E+00    2.053E-38     r       4.6
8.825E+08    4.580E-09    7.795E+27    7.933E+04    6.272E+05    5.812E-04    1.779E+00    2.573E-38     r       4.6
8.822E+08    4.910E-09    7.795E+27    8.055E+04    6.729E+05    6.142E-04    1.762E+00    4.018E-38     r       4.6
8.821E+08    5.081E-09    7.795E+27    8.117E+04    6.967E+05    6.312E-04    1.755E+00    5.005E-38     r       4.6
8.819E+08    5.439E-09    7.795E+27    8.239E+04    7.464E+05    6.663E-04    1.739E+00    7.717E-38     r       4.6
8.818E+08    5.625E-09    7.795E+27    8.300E+04    7.723E+05    6.843E-04    1.731E+00    9.554E-38     r       4.6
8.816E+08    6.012E-09    7.795E+27    8.423E+04    8.261E+05    7.214E-04    1.716E+00    1.456E-37     r       4.6
8.815E+08    6.214E-09    7.795E+27    8.485E+04    8.541E+05    7.406E-04    1.709E+00    1.792E-37     r       4.6
8.812E+08    6.632E-09    7.795E+27    8.607E+04    9.124E+05    7.799E-04    1.694E+00    2.699E-37     r       4.6
8.811E+08    6.850E-09    7.795E+27    8.669E+04    9.427E+05    8.002E-04    1.687E+00    3.304E-37     r       4.6
8.809E+08    7.301E-09    7.795E+27    8.792E+04    1.006E+06    8.418E-04    1.673E+00    4.923E-37     r       4.6
8.808E+08    7.536E-09    7.795E+27    8.853E+04    1.038E+06    8.632E-04    1.666E+00    5.995E-37     r       4.6
8.806E+08    8.022E-09    7.795E+27    8.976E+04    1.106E+06    9.072E-04    1.653E+00    8.842E-37     r       4.6
8.804E+08    8.274E-09    7.795E+27    9.038E+04    1.142E+06    9.299E-04    1.646E+00    1.071E-36     r       4.6
8.802E+08    8.798E-09    7.795E+27    9.161E+04    1.215E+06    9.763E-04    1.633E+00    1.565E-36     r       4.6
8.801E+08    9.069E-09    7.795E+27    9.222E+04    1.253E+06    1.000E-03    1.626E+00    1.886E-36     r       4.6
8.799E+08    9.632E-09    7.795E+27    9.346E+04    1.332E+06    1.049E-03    1.614E+00    2.729E-36     r       4.6
8.798E+08    9.923E-09    7.795E+27    9.407E+04    1.373E+06    1.074E-03    1.607E+00    3.275E-36     r       4.6
8.795E+08    1.053E-08    7.795E+27    9.531E+04    1.457E+06    1.126E-03    1.595E+00    4.697E-36     r       4.6
8.794E+08    1.084E-08    7.795E+27    9.592E+04    1.501E+06    1.152E-03    1.589E+00    5.612E-36     r       4.6
8.792E+08    1.148E-08    7.795E+27    9.716E+04    1.592E+06    1.207E-03    1.577E+00    7.978E-36     r       4.6
8.791E+08    1.182E-08    7.795E+27    9.778E+04    1.639E+06    1.235E-03    1.571E+00    9.492E-36     r       4.6
8.789E+08    1.251E-08    7.795E+27    9.901E+04    1.736E+06    1.292E-03    1.559E+00    1.338E-35     r       4.6
8.788E+08    1.287E-08    7.795E+27    9.963E+04    1.787E+06    1.321E-03    1.554E+00    1.586E-35     r       4.6
8.785E+08    1.361E-08    7.795E+27    1.009E+05    1.891E+06    1.381E-03    1.542E+00    2.219E-35     r       4.6
8.784E+08    1.399E-08    7.795E+27    1.015E+05    1.945E+06    1.412E-03    1.537E+00    2.619E-35     r       4.6
8.782E+08    1.478E-08    7.795E+27    1.027E+05    2.056E+06    1.475E-03    1.526E+00    3.636E-35     r       4.6
8.781E+08    1.519E-08    7.795E+27    1.033E+05    2.114E+06    1.507E-03    1.520E+00    4.276E-35     r       4.6
8.779E+08    1.603E-08    7.795E+27    1.046E+05    2.233E+06    1.574E-03    1.510E+00    5.893E-35     r       4.6
8.777E+08    1.646E-08    7.795E+27    1.052E+05    2.295E+06    1.607E-03    1.504E+00    6.906E-35     r       4.6
8.775E+08    1.736E-08    7.795E+27    1.064E+05    2.421E+06    1.677E-03    1.494E+00    9.451E-35     r       4.6
8.774E+08    1.782E-08    7.795E+27    1.071E+05    2.487E+06    1.712E-03    1.489E+00    1.104E-34     r       4.6
8.772E+08    1.877E-08    7.795E+27    1.083E+05    2.622E+06    1.785E-03    1.479E+00    1.500E-34     r       4.6
8.771E+08    1.927E-08    7.795E+27    1.089E+05    2.692E+06    1.822E-03    1.474E+00    1.746E-34     r       4.6
8.769E+08    2.028E-08    7.795E+27    1.102E+05    2.836E+06    1.898E-03    1.464E+00    2.359E-34     r       4.6
8.767E+08    2.080E-08    7.795E+27    1.108E+05    2.910E+06    1.937E-03    1.459E+00    2.737E-34     r       4.6
8.765E+08    2.188E-08    7.795E+27    1.120E+05    3.064E+06    2.016E-03    1.449E+00    3.673E-34     r       4.6
8.764E+08    2.243E-08    7.795E+27    1.127E+05    3.143E+06    2.057E-03    1.445E+00    4.249E-34     r       4.6
8.762E+08    2.358E-08    7.795E+27    1.139E+05    3.305E+06    2.140E-03    1.435E+00    5.669E-34     r       4.6
8.761E+08    2.416E-08    7.795E+27    1.145E+05    3.389E+06    2.182E-03    1.431E+00    6.539E-34     r       4.6
8.758E+08    2.537E-08    7.795E+27    1.158E+05    3.562E+06    2.269E-03    1.421E+00    8.673E-34     r       4.6
8.757E+08    2.600E-08    7.795E+27    1.164E+05    3.651E+06    2.314E-03    1.417E+00    9.975E-34     r       4.6
8.755E+08    2.728E-08    7.795E+27    1.176E+05    3.834E+06    2.404E-03    1.408E+00    1.316E-33     r       4.6
8.754E+08    2.794E-08    7.795E+27    1.183E+05    3.929E+06    2.450E-03    1.404E+00    1.509E-33     r       4.6
8.752E+08    2.929E-08    7.795E+27    1.195E+05    4.123E+06    2.545E-03    1.395E+00    1.980E-33     r       4.6
8.747E+08    3.216E-08    7.795E+27    1.220E+05    4.534E+06    2.742E-03    1.378E+00    3.373E-33     r       4.6
8.745E+08    3.368E-08    7.795E+27    1.233E+05    4.751E+06    2.844E-03    1.370E+00    4.380E-33     r       4.6
8.740E+08    3.687E-08    7.795E+27    1.258E+05    5.211E+06    3.058E-03    1.354E+00    7.315E-33     r       4.6
8.738E+08    3.856E-08    7.795E+27    1.270E+05    5.454E+06    3.169E-03    1.346E+00    9.409E-33     r       4.6
8.734E+08    4.211E-08    7.795E+27    1.295E+05    5.967E+06    3.400E-03    1.330E+00    1.543E-32     r       4.6
8.731E+08    4.398E-08    7.795E+27    1.308E+05    6.237E+06    3.520E-03    1.323E+00    1.966E-32     r       4.6
8.727E+08    4.792E-08    7.795E+27    1.333E+05    6.807E+06    3.770E-03    1.308E+00    3.169E-32     r       4.6
8.725E+08    4.998E-08    7.795E+27    1.346E+05    7.106E+06    3.899E-03    1.301E+00    4.006E-32     r       4.6
8.720E+08    5.433E-08    7.795E+27    1.371E+05    7.738E+06    4.168E-03    1.287E+00    6.350E-32     r       4.6
8.718E+08    5.662E-08    7.795E+27    1.383E+05    8.070E+06    4.308E-03    1.280E+00    7.965E-32     r       4.6
8.714E+08    6.141E-08    7.795E+27    1.409E+05    8.768E+06    4.597E-03    1.266E+00    1.244E-31     r       4.6
8.711E+08    6.392E-08    7.795E+27    1.421E+05    9.135E+06    4.747E-03    1.259E+00    1.548E-31     r       4.6
8.707E+08    6.919E-08    7.795E+27    1.447E+05    9.905E+06    5.058E-03    1.246E+00    2.382E-31     r       4.6
8.705E+08    7.195E-08    7.795E+27    1.459E+05    1.031E+07    5.219E-03    1.240E+00    2.945E-31     r       4.6
8.700E+08    7.774E-08    7.795E+27    1.485E+05    1.116E+07    5.552E-03    1.228E+00    4.472E-31     r       4.6
8.698E+08    8.076E-08    7.795E+27    1.497E+05    1.160E+07    5.724E-03    1.221E+00    5.492E-31     r       4.6
8.693E+08    8.708E-08    7.795E+27    1.523E+05    1.253E+07    6.081E-03    1.209E+00    8.232E-31     r       4.6
8.691E+08    9.039E-08    7.795E+27    1.535E+05    1.302E+07    6.265E-03    1.203E+00    1.005E-30     r       4.6
8.687E+08    9.730E-08    7.795E+27    1.561E+05    1.403E+07    6.646E-03    1.192E+00    1.488E-30     r       4.6
8.684E+08    1.009E-07    7.795E+27    1.573E+05    1.457E+07    6.843E-03    1.186E+00    1.805E-30     r       4.6
8.680E+08    1.084E-07    7.795E+27    1.599E+05    1.568E+07    7.250E-03    1.175E+00    2.642E-30     r       4.6
8.678E+08    1.124E-07    7.795E+27    1.612E+05    1.626E+07    7.460E-03    1.170E+00    3.188E-30     r       4.6
8.673E+08    1.205E-07    7.795E+27    1.637E+05    1.748E+07    7.893E-03    1.159E+00    4.616E-30     r       4.6
8.671E+08    1.248E-07    7.795E+27    1.650E+05    1.811E+07    8.116E-03    1.154E+00    5.540E-30     r       4.6
8.666E+08    1.337E-07    7.795E+27    1.675E+05    1.943E+07    8.577E-03    1.143E+00    7.940E-30     r       4.6
8.664E+08    1.383E-07    7.795E+27    1.688E+05    2.012E+07    8.815E-03    1.138E+00    9.481E-30     r       4.6
8.660E+08    1.480E-07    7.795E+27    1.714E+05    2.156E+07    9.305E-03    1.128E+00    1.345E-29     r       4.6
8.657E+08    1.530E-07    7.795E+27    1.727E+05    2.231E+07    9.557E-03    1.123E+00    1.599E-29     r       4.6
8.653E+08    1.634E-07    7.795E+27    1.752E+05    2.387E+07    1.008E-02    1.114E+00    2.248E-29     r       4.6
8.651E+08    1.688E-07    7.795E+27    1.765E+05    2.468E+07    1.034E-02    1.109E+00    2.659E-29     r       4.6
8.646E+08    1.801E-07    7.795E+27    1.791E+05    2.638E+07    1.090E-02    1.099E+00    3.705E-29     r       4.6
8.644E+08    1.859E-07    7.795E+27    1.804E+05    2.726E+07    1.118E-02    1.095E+00    4.364E-29     r       4.6
8.639E+08    1.981E-07    7.795E+27    1.829E+05    2.908E+07    1.176E-02    1.086E+00    6.029E-29     r       4.6
8.637E+08    2.044E-07    7.795E+27    1.842E+05    3.004E+07    1.206E-02    1.081E+00    7.072E-29     r       4.6
8.633E+08    2.174E-07    7.795E+27    1.868E+05    3.201E+07    1.268E-02    1.073E+00    9.692E-29     r       4.6
8.631E+08    2.242E-07    7.795E+27    1.881E+05    3.304E+07    1.300E-02    1.068E+00    1.132E-28     r       4.6
8.626E+08    2.383E-07    7.795E+27    1.907E+05    3.517E+07    1.365E-02    1.060E+00    1.540E-28     r       4.6
8.624E+08    2.456E-07    7.795E+27    1.919E+05    3.628E+07    1.399E-02    1.056E+00    1.792E-28     r       4.6
8.619E+08    2.607E-07    7.795E+27    1.945E+05    3.857E+07    1.467E-02    1.047E+00    2.419E-28     r       4.6
8.617E+08    2.685E-07    7.795E+27    1.958E+05    3.976E+07    1.503E-02    1.043E+00    2.805E-28     r       4.6
8.613E+08    2.847E-07    7.795E+27    1.984E+05    4.224E+07    1.576E-02    1.035E+00    3.760E-28     r       4.6
8.610E+08    2.930E-07    7.795E+27    1.997E+05    4.352E+07    1.613E-02    1.031E+00    4.345E-28     r       4.6
8.606E+08    3.104E-07    7.795E+27    2.023E+05    4.617E+07    1.689E-02    1.024E+00    5.784E-28     r       4.6
8.604E+08    3.194E-07    7.795E+27    2.036E+05    4.754E+07    1.729E-02    1.020E+00    6.662E-28     r       4.6
8.599E+08    3.379E-07    7.795E+27    2.062E+05    5.039E+07    1.809E-02    1.012E+00    8.811E-28     r       4.6
8.597E+08    3.475E-07    7.795E+27    2.075E+05    5.187E+07    1.851E-02    1.009E+00    1.012E-27     r       4.6
8.592E+08    3.673E-07    7.795E+27    2.101E+05    5.492E+07    1.935E-02    1.001E+00    1.330E-27     r       4.6
8.590E+08    3.776E-07    7.795E+27    2.114E+05    5.650E+07    1.979E-02    9.976E-01    1.522E-27     r       4.6
8.586E+08    3.987E-07    7.795E+27    2.140E+05    5.977E+07    2.068E-02    9.905E-01    1.988E-27     r       4.6
8.583E+08    4.096E-07    7.795E+27    2.153E+05    6.146E+07    2.113E-02    9.869E-01    2.269E-27     r       4.6
8.579E+08    4.322E-07    7.795E+27    2.179E+05    6.495E+07    2.207E-02    9.800E-01    2.948E-27     r       4.6
8.577E+08    4.438E-07    7.795E+27    2.192E+05    6.676E+07    2.255E-02    9.766E-01    3.355E-27     r       4.6
8.572E+08    4.678E-07    7.795E+27    2.219E+05    7.049E+07    2.353E-02    9.699E-01    4.333E-27     r       4.6
8.570E+08    4.802E-07    7.795E+27    2.232E+05    7.242E+07    2.403E-02    9.665E-01    4.919E-27     r       4.6
8.565E+08    5.057E-07    7.795E+27    2.258E+05    7.640E+07    2.506E-02    9.600E-01    6.320E-27     r       4.6
8.563E+08    5.189E-07    7.795E+27    2.271E+05    7.846E+07    2.559E-02    9.567E-01    7.154E-27     r       4.6
8.559E+08    5.460E-07    7.795E+27    2.297E+05    8.271E+07    2.667E-02    9.503E-01    9.145E-27     r       4.6
8.556E+08    5.600E-07    7.795E+27    2.310E+05    8.490E+07    2.722E-02    9.472E-01    1.033E-26     r       4.6
8.552E+08    5.888E-07    7.795E+27    2.337E+05    8.942E+07    2.835E-02    9.410E-01    1.314E-26     r       4.6
8.550E+08    6.037E-07    7.795E+27    2.350E+05    9.175E+07    2.893E-02    9.379E-01    1.480E-26     r       4.6
8.545E+08    6.343E-07    7.795E+27    2.376E+05    9.657E+07    3.011E-02    9.318E-01    1.873E-26     r       4.6
8.543E+08    6.500E-07    7.795E+27    2.389E+05    9.905E+07    3.071E-02    9.288E-01    2.105E-26     r       4.6
8.539E+08    6.824E-07    7.795E+27    2.416E+05    1.042E+08    3.195E-02    9.229E-01    2.653E-26     r       4.6
8.536E+08    6.990E-07    7.795E+27    2.429E+05    1.068E+08    3.258E-02    9.200E-01    2.975E-26     r       4.6
8.532E+08    7.333E-07    7.795E+27    2.455E+05    1.122E+08    3.387E-02    9.142E-01    3.732E-26     r       4.6
8.530E+08    7.510E-07    7.795E+27    2.469E+05    1.150E+08    3.453E-02    9.113E-01    4.176E-26     r       4.6
8.525E+08    7.873E-07    7.795E+27    2.495E+05    1.208E+08    3.588E-02    9.057E-01    5.216E-26     r       4.6
8.523E+08    8.059E-07    7.795E+27    2.508E+05    1.238E+08    3.657E-02    9.029E-01    5.824E-26     r       4.6
8.518E+08    8.443E-07    7.795E+27    2.535E+05    1.299E+08    3.797E-02    8.974E-01    7.246E-26     r       4.6
8.509E+08    9.253E-07    7.795E+27    2.588E+05    1.428E+08    4.091E-02    8.866E-01    1.112E-25     r       4.6
8.505E+08    9.680E-07    7.795E+27    2.615E+05    1.497E+08    4.244E-02    8.814E-01    1.373E-25     r       4.6
8.496E+08    1.058E-06    7.795E+27    2.668E+05    1.642E+08    4.563E-02    8.711E-01    2.077E-25     r       4.6
8.491E+08    1.106E-06    7.795E+27    2.695E+05    1.719E+08    4.729E-02    8.661E-01    2.544E-25     r       4.6
8.482E+08    1.206E-06    7.795E+27    2.748E+05    1.881E+08    5.074E-02    8.562E-01    3.793E-25     r       4.6
8.478E+08    1.258E-06    7.795E+27    2.775E+05    1.967E+08    5.254E-02    8.514E-01    4.616E-25     r       4.6
8.469E+08    1.369E-06    7.795E+27    2.829E+05    2.147E+08    5.628E-02    8.420E-01    6.791E-25     r       4.6
8.464E+08    1.427E-06    7.795E+27    2.856E+05    2.242E+08    5.822E-02    8.374E-01    8.210E-25     r       4.6
8.455E+08    1.550E-06    7.795E+27    2.909E+05    2.443E+08    6.226E-02    8.284E-01    1.193E-24     r       4.6
8.451E+08    1.614E-06    7.795E+27    2.936E+05    2.548E+08    6.435E-02    8.240E-01    1.433E-24     r       4.6
8.442E+08    1.748E-06    7.795E+27    2.990E+05    2.770E+08    6.871E-02    8.153E-01    2.058E-24     r       4.6
8.438E+08    1.819E-06    7.795E+27    3.017E+05    2.887E+08    7.096E-02    8.111E-01    2.458E-24     r       4.6
8.429E+08    1.966E-06    7.795E+27    3.072E+05    3.133E+08    7.564E-02    8.028E-01    3.490E-24     r       4.6
8.424E+08    2.044E-06    7.795E+27    3.099E+05    3.262E+08    7.807E-02    7.987E-01    4.147E-24     r       4.6
8.415E+08    2.206E-06    7.795E+27    3.153E+05    3.532E+08    8.310E-02    7.907E-01    5.826E-24     r       4.6
8.411E+08    2.290E-06    7.795E+27    3.181E+05    3.674E+08    8.570E-02    7.868E-01    6.888E-24     r       4.6
8.402E+08    2.467E-06    7.795E+27    3.235E+05    3.972E+08    9.110E-02    7.791E-01    9.581E-24     r       4.6
8.397E+08    2.560E-06    7.795E+27    3.263E+05    4.129E+08    9.389E-02    7.753E-01    1.127E-23     r       4.6
8.388E+08    2.753E-06    7.795E+27    3.317E+05    4.456E+08    9.966E-02    7.679E-01    1.553E-23     r       4.6
8.384E+08    2.854E-06    7.795E+27    3.345E+05    4.627E+08    1.026E-01    7.642E-01    1.819E-23     r       4.6
8.375E+08    3.064E-06    7.795E+27    3.400E+05    4.986E+08    1.088E-01    7.571E-01    2.484E-23     r       4.6
8.370E+08    3.174E-06    7.795E+27    3.427E+05    5.174E+08    1.120E-01    7.536E-01    2.896E-23     r       4.6
8.361E+08    3.403E-06    7.795E+27    3.482E+05    5.566E+08    1.186E-01    7.467E-01    3.922E-23     r       4.6
8.357E+08    3.522E-06    7.795E+27    3.510E+05    5.771E+08    1.220E-01    7.433E-01    4.554E-23     r       4.6
8.348E+08    3.770E-06    7.795E+27    3.565E+05    6.200E+08    1.291E-01    7.366E-01    6.116E-23     r       4.6
8.343E+08    3.900E-06    7.795E+27    3.593E+05    6.424E+08    1.327E-01    7.333E-01    7.075E-23     r       4.6
8.334E+08    4.168E-06    7.795E+27    3.649E+05    6.891E+08    1.402E-01    7.269E-01    9.429E-23     r       4.6
8.330E+08    4.308E-06    7.795E+27    3.676E+05    7.135E+08    1.441E-01    7.237E-01    1.087E-22     r       4.6
8.321E+08    4.599E-06    7.795E+27    3.732E+05    7.644E+08    1.520E-01    7.175E-01    1.438E-22     r       4.6
8.316E+08    4.750E-06    7.795E+27    3.760E+05    7.909E+08    1.561E-01    7.144E-01    1.651E-22     r       4.6
8.307E+08    5.064E-06    7.795E+27    3.816E+05    8.462E+08    1.646E-01    7.084E-01    2.169E-22     r       4.6
8.303E+08    5.227E-06    7.795E+27    3.844E+05    8.750E+08    1.690E-01    7.054E-01    2.482E-22     r       4.6
8.294E+08    5.566E-06    7.795E+27    3.900E+05    9.350E+08    1.780E-01    6.996E-01    3.240E-22     r       4.6
8.289E+08    5.742E-06    7.795E+27    3.928E+05    9.663E+08    1.826E-01    6.967E-01    3.695E-22     r       4.6
8.280E+08    6.106E-06    7.795E+27    3.985E+05    1.031E+09    1.922E-01    6.911E-01    4.792E-22     r       4.6
8.276E+08    6.296E-06    7.795E+27    4.013E+05    1.065E+09    1.971E-01    6.883E-01    5.449E-22     r       4.6
8.267E+08    6.688E-06    7.795E+27    4.069E+05    1.136E+09    2.072E-01    6.828E-01    7.024E-22     r       4.6
8.263E+08    6.891E-06    7.795E+27    4.098E+05    1.172E+09    2.124E-01    6.801E-01    7.963E-22     r       4.6
8.254E+08    7.312E-06    7.795E+27    4.154E+05    1.248E+09    2.231E-01    6.748E-01    1.021E-21     r       4.6
8.249E+08    7.530E-06    7.795E+27    4.183E+05    1.288E+09    2.286E-01    6.721E-01    1.154E-21     r       4.6
8.240E+08    7.981E-06    7.795E+27    4.239E+05    1.370E+09    2.400E-01    6.670E-01    1.470E-21     r       4.6
8.236E+08    8.215E-06    7.795E+27    4.268E+05    1.412E+09    2.458E-01    6.644E-01    1.658E-21     r       4.6
8.227E+08    8.698E-06    7.795E+27    4.325E+05    1.501E+09    2.577E-01    6.594E-01    2.101E-21     r       4.6
8.222E+08    8.948E-06    7.795E+27    4.354E+05    1.547E+09    2.639E-01    6.569E-01    2.363E-21     r       4.6
8.213E+08    9.466E-06    7.795E+27    4.411E+05    1.642E+09    2.765E-01    6.520E-01    2.980E-21     r       4.6
8.209E+08    9.733E-06    7.795E+27    4.440E+05    1.692E+09    2.830E-01    6.496E-01    3.342E-21     r       4.6
8.200E+08    1.029E-05    7.795E+27    4.497E+05    1.794E+09    2.964E-01    6.449E-01    4.194E-21     r       4.6
8.195E+08    1.057E-05    7.795E+27    4.526E+05    1.847E+09    3.032E-01    6.425E-01    4.693E-21     r       4.6
8.186E+08    1.116E-05    7.795E+27    4.584E+05    1.958E+09    3.173E-01    6.379E-01    5.861E-21     r       4.6
8.182E+08    1.147E-05    7.795E+27    4.612E+05    2.015E+09    3.245E-01    6.356E-01    6.543E-21     r       4.6
8.173E+08    1.210E-05    7.795E+27    4.670E+05    2.133E+09    3.393E-01    6.311E-01    8.135E-21     r       4.6
8.168E+08    1.242E-05    7.795E+27    4.699E+05    2.194E+09    3.469E-01    6.289E-01    9.061E-21     r       4.6
8.159E+08    1.309E-05    7.795E+27    4.757E+05    2.321E+09    3.624E-01    6.245E-01    1.122E-20     r       4.6
8.155E+08    1.344E-05    7.795E+27    4.786E+05    2.386E+09    3.704E-01    6.224E-01    1.247E-20     r       4.6
8.146E+08    1.415E-05    7.795E+27    4.845E+05    2.522E+09    3.868E-01    6.181E-01    1.537E-20     r       4.6
8.141E+08    1.452E-05    7.795E+27    4.874E+05    2.592E+09    3.952E-01    6.160E-01    1.705E-20     r       4.6
8.132E+08    1.527E-05    7.795E+27    4.932E+05    2.738E+09    4.124E-01    6.118E-01    2.093E-20     r       4.6
8.128E+08    1.566E-05    7.795E+27    4.962E+05    2.813E+09    4.212E-01    6.098E-01    2.317E-20     r       4.6
8.119E+08    1.647E-05    7.795E+27    5.020E+05    2.968E+09    4.393E-01    6.057E-01    2.833E-20     r       4.6
8.114E+08    1.688E-05    7.795E+27    5.050E+05    3.049E+09    4.486E-01    6.037E-01    3.130E-20     r       4.6
8.105E+08    1.774E-05    7.795E+27    5.109E+05    3.214E+09    4.676E-01    5.998E-01    3.814E-20     r       4.6
8.101E+08    1.818E-05    7.795E+27    5.138E+05    3.300E+09    4.773E-01    5.978E-01    4.205E-20     r       4.6
8.092E+08    1.908E-05    7.795E+27    5.197E+05    3.477E+09    4.972E-01    5.939E-01    5.105E-20     r       4.6
8.088E+08    1.955E-05    7.795E+27    5.227E+05    3.569E+09    5.074E-01    5.920E-01    5.620E-20     r       4.6
8.079E+08    2.051E-05    7.795E+27    5.286E+05    3.757E+09    5.283E-01    5.883E-01    6.798E-20     r       4.6
8.074E+08    2.100E-05    7.795E+27    5.316E+05    3.855E+09    5.390E-01    5.864E-01    7.470E-20     r       4.6
8.065E+08    2.202E-05    7.795E+27    5.375E+05    4.056E+09    5.608E-01    5.827E-01    9.006E-20     r       4.6
8.061E+08    2.254E-05    7.795E+27    5.405E+05    4.160E+09    5.720E-01    5.809E-01    9.880E-20     r       4.6
8.052E+08    2.361E-05    7.795E+27    5.465E+05    4.374E+09    5.949E-01    5.773E-01    1.187E-19     r       4.6
8.047E+08    2.416E-05    7.795E+27    5.495E+05    4.485E+09    6.066E-01    5.755E-01    1.300E-19     r       4.6
8.038E+08    2.530E-05    7.795E+27    5.554E+05    4.712E+09    6.306E-01    5.720E-01    1.558E-19     r       4.6
8.034E+08    2.588E-05    7.795E+27    5.584E+05    4.830E+09    6.428E-01    5.703E-01    1.703E-19     r       4.6
8.025E+08    2.708E-05    7.795E+27    5.645E+05    5.072E+09    6.679E-01    5.668E-01    2.034E-19     r       4.6
8.020E+08    2.769E-05    7.795E+27    5.675E+05    5.197E+09    6.807E-01    5.651E-01    2.221E-19     r       4.6
8.011E+08    2.896E-05    7.795E+27    5.735E+05    5.454E+09    7.069E-01    5.618E-01    2.644E-19     r       4.6
7.993E+08    3.162E-05    7.795E+27    5.856E+05    6.000E+09    7.617E-01    5.552E-01    3.727E-19     r       4.6
7.984E+08    3.303E-05    7.795E+27    5.917E+05    6.290E+09    7.903E-01    5.520E-01    4.412E-19     r       4.6
7.966E+08    3.598E-05    7.795E+27    6.039E+05    6.904E+09    8.500E-01    5.457E-01    6.151E-19     r       4.6
7.957E+08    3.754E-05    7.795E+27    6.100E+05    7.230E+09    8.812E-01    5.426E-01    7.244E-19     r       4.6
7.939E+08    4.081E-05    7.795E+27    6.223E+05    7.918E+09    9.461E-01    5.365E-01    9.994E-19     r       4.6
7.930E+08    4.253E-05    7.795E+27    6.284E+05    8.283E+09    9.800E-01    5.336E-01    1.171E-18     r       4.6
7.912E+08    4.614E-05    7.795E+27    6.408E+05    9.054E+09    1.051E+00    5.278E-01    1.600E-18     r       4.6
7.904E+08    4.804E-05    7.795E+27    6.470E+05    9.461E+09    1.087E+00    5.249E-01    1.866E-18     r       4.6
7.886E+08    5.201E-05    7.795E+27    6.594E+05    1.032E+10    1.164E+00    5.193E-01    2.527E-18     r       4.6
7.877E+08    5.410E-05    7.795E+27    6.657E+05    1.078E+10    1.204E+00    5.166E-01    2.933E-18     r       4.6
7.859E+08    5.847E-05    7.795E+27    6.782E+05    1.173E+10    1.287E+00    5.112E-01    3.938E-18     r       4.6
7.850E+08    6.075E-05    7.795E+27    6.845E+05    1.224E+10    1.330E+00    5.086E-01    4.552E-18     r       4.6
7.832E+08    6.554E-05    7.795E+27    6.972E+05    1.330E+10    1.419E+00    5.034E-01    6.061E-18     r       4.6
7.823E+08    6.805E-05    7.795E+27    7.035E+05    1.386E+10    1.466E+00    5.009E-01    6.980E-18     r       4.6
7.805E+08    7.329E-05    7.795E+27    7.162E+05    1.505E+10    1.563E+00    4.959E-01    9.220E-18     r       4.6
7.796E+08    7.603E-05    7.795E+27    7.226E+05    1.567E+10    1.613E+00    4.935E-01    1.058E-17     r       4.6
7.778E+08    8.175E-05    7.795E+27    7.354E+05    1.698E+10    1.717E+00    4.886E-01    1.387E-17     r       4.6
7.769E+08    8.474E-05    7.795E+27    7.418E+05    1.766E+10    1.771E+00    4.863E-01    1.586E-17     r       4.6
7.751E+08    9.098E-05    7.795E+27    7.547E+05    1.911E+10    1.883E+00    4.816E-01    2.065E-17     r       4.6
7.742E+08    9.423E-05    7.795E+27    7.612E+05    1.987E+10    1.942E+00    4.794E-01    2.353E-17     r       4.6
7.724E+08    1.010E-04    7.795E+27    7.742E+05    2.146E+10    2.062E+00    4.749E-01    3.044E-17     r       4.6
7.715E+08    1.046E-04    7.795E+27    7.807E+05    2.230E+10    2.125E+00    4.727E-01    3.456E-17     r       4.6
7.697E+08    1.119E-04    7.795E+27    7.938E+05    2.406E+10    2.255E+00    4.683E-01    4.443E-17     r       4.6
7.688E+08    1.158E-04    7.795E+27    8.004E+05    2.498E+10    2.322E+00    4.662E-01    5.030E-17     r       4.6
7.670E+08    1.238E-04    7.795E+27    8.136E+05    2.691E+10    2.461E+00    4.620E-01    6.428E-17     r       4.6
7.661E+08    1.279E-04    7.795E+27    8.202E+05    2.792E+10    2.533E+00    4.599E-01    7.256E-17     r       4.6
7.643E+08    1.366E-04    7.795E+27    8.334E+05    3.004E+10    2.682E+00    4.558E-01    9.219E-17     r       4.6
7.634E+08    1.411E-04    7.795E+27    8.401E+05    3.115E+10    2.759E+00    4.538E-01    1.038E-16     r       4.6
7.616E+08    1.504E-04    7.795E+27    8.535E+05    3.348E+10    2.919E+00    4.499E-01    1.311E-16     r       4.6
7.607E+08    1.553E-04    7.795E+27    8.602E+05    3.470E+10    3.001E+00    4.480E-01    1.472E-16     r       4.6
7.589E+08    1.654E-04    7.795E+27    8.737E+05    3.724E+10    3.172E+00    4.441E-01    1.850E-16     r       4.6
7.580E+08    1.706E-04    7.795E+27    8.804E+05    3.858E+10    3.260E+00    4.422E-01    2.072E-16     r       4.6
7.562E+08    1.815E-04    7.795E+27    8.940E+05    4.136E+10    3.443E+00    4.385E-01    2.592E-16     r       4.6
7.553E+08    1.872E-04    7.795E+27    9.008E+05    4.282E+10    3.537E+00    4.367E-01    2.895E-16     r       4.6
7.536E+08    1.989E-04    7.795E+27    9.145E+05    4.586E+10    3.732E+00    4.331E-01    3.604E-16     r       4.6
7.527E+08    2.050E-04    7.795E+27    9.213E+05    4.745E+10    3.833E+00    4.313E-01    4.016E-16     r       4.6
7.509E+08    2.176E-04    7.795E+27    9.351E+05    5.077E+10    4.040E+00    4.278E-01    4.977E-16     r       4.6
7.500E+08    2.241E-04    7.795E+27    9.420E+05    5.250E+10    4.148E+00    4.261E-01    5.534E-16     r       4.6
7.482E+08    2.377E-04    7.795E+27    9.559E+05    5.611E+10    4.369E+00    4.227E-01    6.827E-16     r       4.6
7.473E+08    2.447E-04    7.795E+27    9.629E+05    5.800E+10    4.483E+00    4.210E-01    7.575E-16     r       4.6
7.455E+08    2.592E-04    7.795E+27    9.768E+05    6.193E+10    4.719E+00    4.177E-01    9.307E-16     r       4.6
7.446E+08    2.668E-04    7.795E+27    9.839E+05    6.398E+10    4.841E+00    4.161E-01    1.031E-15     r       4.6
7.428E+08    2.823E-04    7.795E+27    9.979E+05    6.826E+10    5.091E+00    4.128E-01    1.261E-15     r       4.6
7.419E+08    2.904E-04    7.795E+27    1.005E+06    7.049E+10    5.221E+00    4.113E-01    1.393E-15     r       4.6
7.401E+08    3.070E-04    7.795E+27    1.019E+06    7.513E+10    5.487E+00    4.081E-01    1.698E-15     r       4.6
7.392E+08    3.157E-04    7.795E+27    1.026E+06    7.755E+10    5.625E+00    4.066E-01    1.873E-15     r       4.6
7.374E+08    3.335E-04    7.795E+27    1.041E+06    8.259E+10    5.908E+00    4.035E-01    2.275E-15     r       4.6
7.365E+08    3.427E-04    7.795E+27    1.048E+06    8.521E+10    6.054E+00    4.020E-01    2.505E-15     r       4.6
7.347E+08    3.617E-04    7.795E+27    1.062E+06    9.068E+10    6.355E+00    3.990E-01    3.031E-15     r       4.6
7.338E+08    3.716E-04    7.795E+27    1.069E+06    9.352E+10    6.510E+00    3.976E-01    3.331E-15     r       4.6
7.320E+08    3.919E-04    7.795E+27    1.084E+06    9.943E+10    6.829E+00    3.947E-01    4.017E-15     r       4.5
7.311E+08    4.024E-04    7.795E+27    1.091E+06    1.025E+11    6.994E+00    3.932E-01    4.407E-15     r       4.6
7.293E+08    4.240E-04    7.795E+27    1.106E+06    1.089E+11    7.332E+00    3.904E-01    5.296E-15     r       4.5
7.284E+08    4.352E-04    7.795E+27    1.113E+06    1.122E+11    7.506E+00    3.890E-01    5.802E-15     r       4.5
7.266E+08    4.583E-04    7.795E+27    1.128E+06    1.191E+11    7.865E+00    3.862E-01    6.951E-15     r       4.5
7.257E+08    4.701E-04    7.795E+27    1.135E+06    1.227E+11    8.050E+00    3.849E-01    7.602E-15     r       4.5
7.239E+08    4.947E-04    7.795E+27    1.150E+06    1.302E+11    8.430E+00    3.822E-01    9.079E-15     r       4.5
7.230E+08    5.073E-04    7.795E+27    1.158E+06    1.341E+11    8.625E+00    3.808E-01    9.915E-15     r       4.5
7.212E+08    5.334E-04    7.795E+27    1.172E+06    1.421E+11    9.027E+00    3.782E-01    1.181E-14     r       4.5
7.203E+08    5.469E-04    7.795E+27    1.180E+06    1.463E+11    9.234E+00    3.769E-01    1.287E-14     r       4.5
7.185E+08    5.746E-04    7.795E+27    1.195E+06    1.550E+11    9.659E+00    3.743E-01    1.529E-14     r       4.5
7.177E+08    5.889E-04    7.795E+27    1.203E+06    1.595E+11    9.878E+00    3.730E-01    1.664E-14     r       4.5
7.159E+08    6.183E-04    7.795E+27    1.218E+06    1.689E+11    1.033E+01    3.705E-01    1.971E-14     r       4.5
7.150E+08    6.335E-04    7.795E+27    1.225E+06    1.738E+11    1.056E+01    3.693E-01    2.143E-14     r       4.5
7.132E+08    6.647E-04    7.795E+27    1.241E+06    1.838E+11    1.103E+01    3.668E-01    2.531E-14     r       4.5
7.123E+08    6.807E-04    7.795E+27    1.248E+06    1.891E+11    1.128E+01    3.656E-01    2.748E-14     r       4.5
7.105E+08    7.138E-04    7.795E+27    1.264E+06    1.999E+11    1.178E+01    3.632E-01    3.237E-14     r       4.5
7.096E+08    7.308E-04    7.795E+27    1.272E+06    2.055E+11    1.204E+01    3.620E-01    3.511E-14     r       4.5
7.078E+08    7.659E-04    7.795E+27    1.287E+06    2.172E+11    1.257E+01    3.596E-01    4.125E-14     r       4.5
7.069E+08    7.839E-04    7.795E+27    1.295E+06    2.232E+11    1.284E+01    3.585E-01    4.469E-14     r       4.5
7.051E+08    8.209E-04    7.795E+27    1.311E+06    2.358E+11    1.340E+01    3.562E-01    5.238E-14     r       4.5
7.042E+08    8.400E-04    7.795E+27    1.318E+06    2.423E+11    1.369E+01    3.550E-01    5.667E-14     r       4.5
7.024E+08    8.792E-04    7.795E+27    1.334E+06    2.557E+11    1.427E+01    3.528E-01    6.627E-14     r       4.5
7.015E+08    8.994E-04    7.795E+27    1.342E+06    2.627E+11    1.458E+01    3.516E-01    7.162E-14     r       4.5
6.997E+08    9.408E-04    7.795E+27    1.358E+06    2.771E+11    1.520E+01    3.494E-01    8.356E-14     r       4.5
6.988E+08    9.621E-04    7.795E+27    1.366E+06    2.846E+11    1.552E+01    3.483E-01    9.020E-14     r       4.5
6.970E+08    1.006E-03    7.795E+27    1.382E+06    3.001E+11    1.617E+01    3.462E-01    1.050E-13     r       4.5
6.961E+08    1.028E-03    7.795E+27    1.390E+06    3.081E+11    1.651E+01    3.451E-01    1.132E-13     r       4.5
6.943E+08    1.074E-03    7.795E+27    1.406E+06    3.247E+11    1.720E+01    3.430E-01    1.315E-13     r       4.5
6.934E+08    1.098E-03    7.795E+27    1.414E+06    3.333E+11    1.755E+01    3.419E-01    1.417E-13     r       4.5
6.916E+08    1.147E-03    7.795E+27    1.431E+06    3.511E+11    1.828E+01    3.398E-01    1.643E-13     r       4.5
6.907E+08    1.172E-03    7.795E+27    1.439E+06    3.603E+11    1.865E+01    3.388E-01    1.768E-13     r       4.5
6.889E+08    1.223E-03    7.795E+27    1.455E+06    3.793E+11    1.941E+01    3.368E-01    2.045E-13     r       4.5
6.880E+08    1.250E-03    7.795E+27    1.463E+06    3.892E+11    1.981E+01    3.358E-01    2.199E-13     r       4.5
6.862E+08    1.304E-03    7.795E+27    1.480E+06    4.095E+11    2.061E+01    3.338E-01    2.539E-13     r       4.5
6.853E+08    1.331E-03    7.795E+27    1.488E+06    4.201E+11    2.102E+01    3.328E-01    2.727E-13     r       4.5
6.835E+08    1.388E-03    7.795E+27    1.505E+06    4.418E+11    2.187E+01    3.308E-01    3.142E-13     r       4.5
6.826E+08    1.418E-03    7.795E+27    1.513E+06    4.531E+11    2.230E+01    3.298E-01    3.372E-13     r       4.5
6.809E+08    1.478E-03    7.795E+27    1.530E+06    4.764E+11    2.319E+01    3.279E-01    3.879E-13     r       4.5
6.800E+08    1.508E-03    7.795E+27    1.539E+06    4.884E+11    2.365E+01    3.269E-01    4.159E-13     r       4.5
6.782E+08    1.571E-03    7.795E+27    1.556E+06    5.133E+11    2.458E+01    3.250E-01    4.776E-13     r       4.5
6.773E+08    1.604E-03    7.795E+27    1.564E+06    5.262E+11    2.506E+01    3.241E-01    5.115E-13     r       4.5
6.755E+08    1.670E-03    7.795E+27    1.581E+06    5.527E+11    2.604E+01    3.223E-01    5.864E-13     r       4.5
6.746E+08    1.704E-03    7.795E+27    1.590E+06    5.665E+11    2.654E+01    3.213E-01    6.276E-13     r       4.5
6.728E+08    1.774E-03    7.795E+27    1.607E+06    5.948E+11    2.757E+01    3.195E-01    7.182E-13     r       4.5
6.719E+08    1.809E-03    7.795E+27    1.616E+06    6.095E+11    2.810E+01    3.186E-01    7.680E-13     r       4.5
6.701E+08    1.882E-03    7.795E+27    1.633E+06    6.397E+11    2.918E+01    3.168E-01    8.776E-13     r       4.5
6.665E+08    2.036E-03    7.795E+27    1.668E+06    7.043E+11    3.146E+01    3.133E-01    1.142E-12     r       4.5
6.647E+08    2.116E-03    7.795E+27    1.686E+06    7.387E+11    3.265E+01    3.115E-01    1.301E-12     r       4.5
6.611E+08    2.285E-03    7.795E+27    1.721E+06    8.120E+11    3.515E+01    3.081E-01    1.682E-12     r       4.5
6.593E+08    2.374E-03    7.795E+27    1.739E+06    8.511E+11    3.646E+01    3.065E-01    1.911E-12     r       4.5
6.557E+08    2.559E-03    7.795E+27    1.775E+06    9.342E+11    3.921E+01    3.032E-01    2.457E-12     r       4.5
6.539E+08    2.656E-03    7.795E+27    1.794E+06    9.785E+11    4.065E+01    3.015E-01    2.782E-12     r       4.5
6.503E+08    2.859E-03    7.795E+27    1.830E+06    1.073E+12    4.367E+01    2.984E-01    3.559E-12     r       4.5
6.485E+08    2.966E-03    7.795E+27    1.849E+06    1.123E+12    4.525E+01    2.968E-01    4.019E-12     r       4.5
6.449E+08    3.188E-03    7.795E+27    1.886E+06    1.229E+12    4.856E+01    2.937E-01    5.114E-12     r       4.5
6.432E+08    3.304E-03    7.795E+27    1.905E+06    1.286E+12    5.029E+01    2.922E-01    5.761E-12     r       4.5
6.396E+08    3.547E-03    7.795E+27    1.943E+06    1.406E+12    5.392E+01    2.892E-01    7.294E-12     r       4.5
6.378E+08    3.674E-03    7.795E+27    1.962E+06    1.470E+12    5.582E+01    2.877E-01    8.198E-12     r       4.5
6.342E+08    3.939E-03    7.795E+27    2.001E+06    1.606E+12    5.979E+01    2.848E-01    1.033E-11     r       4.5
6.324E+08    4.078E-03    7.795E+27    2.021E+06    1.678E+12    6.187E+01    2.834E-01    1.158E-11     r       4.5
6.288E+08    4.366E-03    7.795E+27    2.060E+06    1.830E+12    6.622E+01    2.805E-01    1.453E-11     r       4.5
6.270E+08    4.517E-03    7.795E+27    2.080E+06    1.911E+12    6.849E+01    2.791E-01    1.626E-11     r       4.5
6.234E+08    4.831E-03    7.795E+27    2.120E+06    2.083E+12    7.325E+01    2.764E-01    2.031E-11     r       4.5
6.216E+08    4.994E-03    7.795E+27    2.140E+06    2.175E+12    7.573E+01    2.750E-01    2.268E-11     r       4.5
6.180E+08    5.336E-03    7.795E+27    2.181E+06    2.368E+12    8.092E+01    2.724E-01    2.821E-11     r       4.5
6.162E+08    5.513E-03    7.795E+27    2.201E+06    2.470E+12    8.363E+01    2.711E-01    3.144E-11     r       4.5
6.126E+08    5.883E-03    7.795E+27    2.243E+06    2.687E+12    8.930E+01    2.685E-01    3.896E-11     r       4.5
6.108E+08    6.076E-03    7.795E+27    2.264E+06    2.802E+12    9.226E+01    2.672E-01    4.333E-11     r       4.5
6.073E+08    6.477E-03    7.795E+27    2.306E+06    3.045E+12    9.844E+01    2.646E-01    5.350E-11     r       4.5
6.055E+08    6.685E-03    7.795E+27    2.327E+06    3.174E+12    1.017E+02    2.634E-01    5.940E-11     r       4.5
6.019E+08    7.119E-03    7.795E+27    2.370E+06    3.447E+12    1.084E+02    2.609E-01    7.308E-11     r       4.5
6.001E+08    7.345E-03    7.795E+27    2.392E+06    3.591E+12    1.119E+02    2.597E-01    8.099E-11     r       4.5
5.965E+08    7.814E-03    7.795E+27    2.435E+06    3.897E+12    1.193E+02    2.573E-01    9.931E-11     r       4.5
5.947E+08    8.058E-03    7.795E+27    2.457E+06    4.058E+12    1.231E+02    2.561E-01    1.099E-10     r       4.5
5.911E+08    8.564E-03    7.795E+27    2.502E+06    4.400E+12    1.311E+02    2.538E-01    1.343E-10     r       4.5
5.893E+08    8.827E-03    7.795E+27    2.524E+06    4.580E+12    1.352E+02    2.526E-01    1.484E-10     r       4.5
5.857E+08    9.373E-03    7.795E+27    2.570E+06    4.962E+12    1.439E+02    2.503E-01    1.808E-10     r       4.5
5.839E+08    9.657E-03    7.795E+27    2.593E+06    5.164E+12    1.485E+02    2.492E-01    1.994E-10     r       4.5
5.803E+08    1.025E-02    7.795E+27    2.639E+06    5.591E+12    1.579E+02    2.470E-01    2.422E-10     r       4.5
5.785E+08    1.055E-02    7.795E+27    2.662E+06    5.816E+12    1.629E+02    2.458E-01    2.668E-10     r       4.5
5.749E+08    1.118E-02    7.795E+27    2.709E+06    6.292E+12    1.731E+02    2.437E-01    3.231E-10     r       4.5
5.731E+08    1.151E-02    7.795E+27    2.733E+06    6.543E+12    1.785E+02    2.426E-01    3.554E-10     r       4.5
5.696E+08    1.219E-02    7.795E+27    2.781E+06    7.074E+12    1.897E+02    2.404E-01    4.293E-10     r       4.5
5.678E+08    1.255E-02    7.795E+27    2.805E+06    7.354E+12    1.955E+02    2.394E-01    4.716E-10     r       4.5
5.642E+08    1.328E-02    7.795E+27    2.853E+06    7.946E+12    2.076E+02    2.373E-01    5.682E-10     r       4.5
5.624E+08    1.366E-02    7.795E+27    2.878E+06    8.258E+12    2.139E+02    2.363E-01    6.233E-10     r       4.5
5.588E+08    1.444E-02    7.795E+27    2.928E+06    8.918E+12    2.271E+02    2.342E-01    7.490E-10     r       4.5
5.570E+08    1.485E-02    7.795E+27    2.953E+06    9.265E+12    2.339E+02    2.332E-01    8.206E-10     r       4.5
5.534E+08    1.569E-02    7.795E+27    3.003E+06    9.999E+12    2.482E+02    2.312E-01    9.838E-10     r       4.5
5.516E+08    1.613E-02    7.795E+27    3.029E+06    1.039E+13    2.556E+02    2.302E-01    1.077E-09     r       4.5
5.480E+08    1.703E-02    7.795E+27    3.081E+06    1.120E+13    2.711E+02    2.282E-01    1.288E-09     r       4.5
5.462E+08    1.750E-02    7.795E+27    3.107E+06    1.163E+13    2.792E+02    2.273E-01    1.407E-09     r       4.5
5.426E+08    1.846E-02    7.795E+27    3.159E+06    1.254E+13    2.960E+02    2.253E-01    1.680E-09     r       4.5
5.408E+08    1.896E-02    7.795E+27    3.186E+06    1.302E+13    3.047E+02    2.244E-01    1.834E-09     r       4.5
5.372E+08    2.000E-02    7.795E+27    3.239E+06    1.403E+13    3.229E+02    2.225E-01    2.184E-09     r       4.5
5.355E+08    2.053E-02    7.795E+27    3.266E+06    1.456E+13    3.324E+02    2.215E-01    2.382E-09     r       4.5
5.319E+08    2.164E-02    7.795E+27    3.321E+06    1.568E+13    3.521E+02    2.197E-01    2.830E-09     r       4.5
5.301E+08    2.221E-02    7.795E+27    3.348E+06    1.627E+13    3.623E+02    2.188E-01    3.084E-09     r       4.5
5.265E+08    2.339E-02    7.795E+27    3.404E+06    1.752E+13    3.837E+02    2.169E-01    3.657E-09     r       4.5
5.247E+08    2.400E-02    7.795E+27    3.432E+06    1.817E+13    3.948E+02    2.160E-01    3.981E-09     r       4.5
5.211E+08    2.526E-02    7.795E+27    3.489E+06    1.955E+13    4.179E+02    2.142E-01    4.711E-09     r       4.5
5.193E+08    2.591E-02    7.795E+27    3.518E+06    2.028E+13    4.299E+02    2.134E-01    5.123E-09     r       4.5
5.157E+08    2.725E-02    7.795E+27    3.576E+06    2.181E+13    4.549E+02    2.116E-01    6.052E-09     r       4.5
5.139E+08    2.794E-02    7.795E+27    3.605E+06    2.262E+13    4.679E+02    2.107E-01    6.575E-09     r       4.5
5.103E+08    2.938E-02    7.795E+27    3.664E+06    2.432E+13    4.949E+02    2.090E-01    7.754E-09     r       4.5
5.085E+08    3.011E-02    7.795E+27    3.694E+06    2.521E+13    5.090E+02    2.081E-01    8.417E-09     r       4.5
5.049E+08    3.164E-02    7.795E+27    3.754E+06    2.710E+13    5.382E+02    2.064E-01    9.908E-09     r       4.5
5.031E+08    3.242E-02    7.795E+27    3.784E+06    2.809E+13    5.534E+02    2.056E-01    1.074E-08     r       4.4
4.995E+08    3.405E-02    7.795E+27    3.846E+06    3.017E+13    5.850E+02    2.039E-01    1.263E-08     r       4.4
4.978E+08    3.488E-02    7.795E+27    3.877E+06    3.127E+13    6.015E+02    2.031E-01    1.368E-08     r       4.4
4.942E+08    3.661E-02    7.795E+27    3.940E+06    3.358E+13    6.356E+02    2.014E-01    1.605E-08     r       4.4
4.924E+08    3.750E-02    7.795E+27    3.971E+06    3.480E+13    6.534E+02    2.006E-01    1.738E-08     r       4.4
4.888E+08    3.933E-02    7.795E+27    4.035E+06    3.735E+13    6.903E+02    1.990E-01    2.036E-08     r       4.4
4.870E+08    4.028E-02    7.795E+27    4.068E+06    3.870E+13    7.095E+02    1.982E-01    2.203E-08     r       4.4
4.834E+08    4.222E-02    7.795E+27    4.133E+06    4.153E+13    7.494E+02    1.965E-01    2.576E-08     r       4.4
4.816E+08    4.322E-02    7.795E+27    4.166E+06    4.302E+13    7.701E+02    1.958E-01    2.785E-08     r       4.4
4.780E+08    4.529E-02    7.795E+27    4.233E+06    4.615E+13    8.132E+02    1.942E-01    3.252E-08     r       4.4
4.762E+08    4.635E-02    7.795E+27    4.266E+06    4.780E+13    8.355E+02    1.934E-01    3.513E-08     r       4.4
4.726E+08    4.855E-02    7.795E+27    4.334E+06    5.126E+13    8.820E+02    1.918E-01    4.097E-08     r       4.4
4.708E+08    4.967E-02    7.795E+27    4.369E+06    5.308E+13    9.062E+02    1.910E-01    4.422E-08     r       4.4
4.672E+08    5.200E-02    7.795E+27    4.438E+06    5.691E+13    9.563E+02    1.895E-01    5.149E-08     r       4.4
4.654E+08    5.319E-02    7.795E+27    4.473E+06    5.892E+13    9.824E+02    1.887E-01    5.555E-08     r       4.4
4.619E+08    5.565E-02    7.795E+27    4.544E+06    6.315E+13    1.037E+03    1.872E-01    6.459E-08     r       4.4
4.601E+08    5.692E-02    7.795E+27    4.580E+06    6.538E+13    1.065E+03    1.865E-01    6.963E-08     r       4.4
4.565E+08    5.952E-02    7.795E+27    4.652E+06    7.005E+13    1.123E+03    1.849E-01    8.086E-08     r       4.4
4.547E+08    6.086E-02    7.795E+27    4.689E+06    7.251E+13    1.153E+03    1.842E-01    8.710E-08     r       4.4
4.511E+08    6.362E-02    7.795E+27    4.763E+06    7.767E+13    1.216E+03    1.827E-01    1.010E-07     r       4.4
4.493E+08    6.503E-02    7.795E+27    4.800E+06    8.038E+13    1.249E+03    1.820E-01    1.088E-07     r       4.4
4.457E+08    6.795E-02    7.795E+27    4.876E+06    8.608E+13    1.317E+03    1.805E-01    1.260E-07     r       4.4
4.439E+08    6.944E-02    7.795E+27    4.914E+06    8.907E+13    1.352E+03    1.798E-01    1.355E-07     r       4.4
4.403E+08    7.252E-02    7.795E+27    4.991E+06    9.536E+13    1.425E+03    1.783E-01    1.568E-07     r       4.4
4.385E+08    7.410E-02    7.795E+27    5.030E+06    9.867E+13    1.463E+03    1.776E-01    1.686E-07     r       4.4
4.349E+08    7.735E-02    7.795E+27    5.109E+06    1.056E+14    1.542E+03    1.761E-01    1.948E-07     r       4.4
4.331E+08    7.902E-02    7.795E+27    5.148E+06    1.092E+14    1.583E+03    1.754E-01    2.093E-07     r       4.4
4.295E+08    8.245E-02    7.795E+27    5.229E+06    1.169E+14    1.668E+03    1.740E-01    2.415E-07     r       4.4
4.277E+08    8.421E-02    7.795E+27    5.269E+06    1.209E+14    1.712E+03    1.733E-01    2.594E-07     r       4.4
4.242E+08    8.782E-02    7.795E+27    5.352E+06    1.294E+14    1.803E+03    1.719E-01    2.990E-07     r       4.4
4.224E+08    8.968E-02    7.795E+27    5.393E+06    1.338E+14    1.850E+03    1.712E-01    3.209E-07     r       4.4
4.188E+08    9.348E-02    7.795E+27    5.477E+06    1.431E+14    1.948E+03    1.698E-01    3.695E-07     r       4.3
4.170E+08    9.544E-02    7.795E+27    5.520E+06    1.480E+14    1.999E+03    1.691E-01    3.963E-07     r       4.3
4.134E+08    9.945E-02    7.795E+27    5.605E+06    1.582E+14    2.105E+03    1.677E-01    4.558E-07     r       4.3
4.116E+08    1.015E-01    7.795E+27    5.649E+06    1.636E+14    2.160E+03    1.670E-01    4.886E-07     r       4.3
4.080E+08    1.057E-01    7.795E+27    5.736E+06    1.748E+14    2.274E+03    1.656E-01    5.613E-07     r       4.3
4.062E+08    1.079E-01    7.795E+27    5.780E+06    1.808E+14    2.332E+03    1.649E-01    6.015E-07     r       4.3
4.026E+08    1.123E-01    7.795E+27    5.870E+06    1.932E+14    2.455E+03    1.636E-01    6.902E-07     r       4.3
4.008E+08    1.146E-01    7.795E+27    5.915E+06    1.997E+14    2.518E+03    1.629E-01    7.391E-07     r       4.3
3.972E+08    1.193E-01    7.795E+27    6.007E+06    2.133E+14    2.649E+03    1.615E-01    8.472E-07     r       4.3
3.954E+08    1.217E-01    7.795E+27    6.053E+06    2.205E+14    2.717E+03    1.608E-01    9.067E-07     r       4.3
3.918E+08    1.266E-01    7.795E+27    6.146E+06    2.355E+14    2.858E+03    1.595E-01    1.038E-06     r       4.3
3.900E+08    1.291E-01    7.795E+27    6.194E+06    2.434E+14    2.931E+03    1.588E-01    1.111E-06     r       4.3
3.865E+08    1.342E-01    7.795E+27    6.289E+06    2.599E+14    3.082E+03    1.575E-01    1.270E-06     r       4.3
3.847E+08    1.368E-01    7.795E+27    6.337E+06    2.685E+14    3.161E+03    1.568E-01    1.358E-06     r       4.3
3.811E+08    1.422E-01    7.795E+27    6.435E+06    2.867E+14    3.323E+03    1.555E-01    1.552E-06     r       4.3
3.793E+08    1.450E-01    7.795E+27    6.484E+06    2.962E+14    3.407E+03    1.548E-01    1.658E-06     r       4.3
3.757E+08    1.506E-01    7.795E+27    6.584E+06    3.161E+14    3.581E+03    1.535E-01    1.893E-06     r       4.3
3.739E+08    1.535E-01    7.795E+27    6.635E+06    3.265E+14    3.671E+03    1.528E-01    2.021E-06     r       4.3
3.703E+08    1.594E-01    7.795E+27    6.736E+06    3.484E+14    3.858E+03    1.515E-01    2.305E-06     r       4.2
3.685E+08    1.624E-01    7.795E+27    6.788E+06    3.598E+14    3.954E+03    1.508E-01    2.460E-06     r       4.2
3.649E+08    1.686E-01    7.795E+27    6.892E+06    3.838E+14    4.154E+03    1.495E-01    2.802E-06     r       4.2
3.631E+08    1.718E-01    7.795E+27    6.945E+06    3.963E+14    4.257E+03    1.489E-01    2.990E-06     r       4.2
3.595E+08    1.782E-01    7.794E+27    7.051E+06    4.226E+14    4.471E+03    1.475E-01    3.402E-06     r       4.2
3.577E+08    1.815E-01    7.794E+27    7.105E+06    4.364E+14    4.582E+03    1.469E-01    3.627E-06     r       4.2
3.541E+08    1.883E-01    7.794E+27    7.214E+06    4.651E+14    4.810E+03    1.456E-01    4.123E-06     r       4.2
3.524E+08    1.917E-01    7.794E+27    7.269E+06    4.802E+14    4.928E+03    1.449E-01    4.394E-06     r       4.2
3.488E+08    1.988E-01    7.794E+27    7.380E+06    5.117E+14    5.173E+03    1.436E-01    4.989E-06     r       4.2
3.470E+08    2.024E-01    7.794E+27    7.436E+06    5.282E+14    5.299E+03    1.430E-01    5.314E-06     r       4.2
3.434E+08    2.097E-01    7.794E+27    7.549E+06    5.627E+14    5.560E+03    1.417E-01    6.027E-06     r       4.2
3.416E+08    2.134E-01    7.794E+27    7.607E+06    5.807E+14    5.695E+03    1.410E-01    6.417E-06     r       4.2
3.380E+08    2.211E-01    7.794E+27    7.723E+06    6.184E+14    5.974E+03    1.397E-01    7.271E-06     r       4.2
3.362E+08    2.250E-01    7.793E+27    7.781E+06    6.381E+14    6.118E+03    1.391E-01    7.737E-06     r       4.1
3.326E+08    2.329E-01    7.793E+27    7.900E+06    6.793E+14    6.415E+03    1.378E-01    8.756E-06     r       4.1
3.308E+08    2.370E-01    7.793E+27    7.960E+06    7.008E+14    6.568E+03    1.372E-01    9.312E-06     r       4.1
3.272E+08    2.452E-01    7.793E+27    8.081E+06    7.457E+14    6.884E+03    1.359E-01    1.053E-05     r       4.1
3.254E+08    2.494E-01    7.793E+27    8.142E+06    7.692E+14    7.048E+03    1.352E-01    1.119E-05     r       4.1
3.218E+08    2.580E-01    7.792E+27    8.266E+06    8.182E+14    7.385E+03    1.340E-01    1.264E-05     r       4.1
3.200E+08    2.624E-01    7.792E+27    8.328E+06    8.438E+14    7.558E+03    1.333E-01    1.343E-05     r       4.1
3.165E+08    2.712E-01    7.791E+27    8.454E+06    8.971E+14    7.916E+03    1.320E-01    1.515E-05     r       4.1
3.147E+08    2.758E-01    7.791E+27    8.518E+06    9.250E+14    8.101E+03    1.314E-01    1.608E-05     r       4.1
3.111E+08    2.850E-01    7.790E+27    8.647E+06    9.831E+14    8.481E+03    1.301E-01    1.812E-05     r       4.1
3.093E+08    2.896E-01    7.790E+27    8.712E+06    1.013E+15    8.677E+03    1.295E-01    1.923E-05     r       4.0
3.057E+08    2.992E-01    7.789E+27    8.844E+06    1.077E+15    9.081E+03    1.282E-01    2.164E-05     r       4.0
3.039E+08    3.040E-01    7.789E+27    8.910E+06    1.109E+15    9.289E+03    1.276E-01    2.295E-05     r       4.0
3.003E+08    3.138E-01    7.788E+27    9.045E+06    1.178E+15    9.716E+03    1.263E-01    2.581E-05     r       4.0
2.985E+08    3.188E-01    7.787E+27    9.112E+06    1.214E+15    9.936E+03    1.256E-01    2.735E-05     r       4.0
2.949E+08    3.290E-01    7.786E+27    9.250E+06    1.288E+15    1.039E+04    1.244E-01    3.072E-05     r       4.0
2.931E+08    3.341E-01    7.786E+27    9.319E+06    1.327E+15    1.062E+04    1.237E-01    3.254E-05     r       4.0
2.895E+08    3.446E-01    7.784E+27    9.459E+06    1.407E+15    1.110E+04    1.224E-01    3.650E-05     r       4.0
2.877E+08    3.499E-01    7.783E+27    9.530E+06    1.449E+15    1.135E+04    1.218E-01    3.864E-05     r       3.9
2.841E+08    3.606E-01    7.782E+27    9.672E+06    1.536E+15    1.185E+04    1.205E-01    4.329E-05     r       3.9
2.823E+08    3.661E-01    7.781E+27    9.744E+06    1.582E+15    1.211E+04    1.199E-01    4.581E-05     r       3.9
2.788E+08    3.771E-01    7.779E+27    9.890E+06    1.676E+15    1.264E+04    1.186E-01    5.126E-05     r       3.9
2.770E+08    3.827E-01    7.777E+27    9.964E+06    1.725E+15    1.291E+04    1.180E-01    5.420E-05     r       3.9
2.734E+08    3.940E-01    7.775E+27    1.011E+07    1.826E+15    1.347E+04    1.167E-01    6.057E-05     r       3.9
2.716E+08    3.998E-01    7.773E+27    1.019E+07    1.879E+15    1.376E+04    1.161E-01    6.401E-05     r       3.9
2.680E+08    4.114E-01    7.770E+27    1.034E+07    1.988E+15    1.435E+04    1.148E-01    7.145E-05     r       3.8
2.662E+08    4.172E-01    7.769E+27    1.041E+07    2.045E+15    1.465E+04    1.142E-01    7.547E-05     r       3.8
2.626E+08    4.291E-01    7.765E+27    1.057E+07    2.163E+15    1.527E+04    1.129E-01    8.413E-05     r       3.8
2.608E+08    4.351E-01    7.763E+27    1.065E+07    2.224E+15    1.558E+04    1.123E-01    8.880E-05     r       3.8
2.572E+08    4.472E-01    7.758E+27    1.080E+07    2.350E+15    1.623E+04    1.110E-01    9.886E-05     r       3.8
2.554E+08    4.533E-01    7.756E+27    1.088E+07    2.415E+15    1.656E+04    1.104E-01    1.043E-04     r       3.7
2.518E+08    4.656E-01    7.750E+27    1.104E+07    2.551E+15    1.723E+04    1.091E-01    1.160E-04     r       3.7
2.500E+08    4.718E-01    7.747E+27    1.112E+07    2.621E+15    1.757E+04    1.085E-01    1.222E-04     r       3.7
2.464E+08    4.843E-01    7.741E+27    1.129E+07    2.765E+15    1.828E+04    1.072E-01    1.358E-04     r       3.7
2.446E+08    4.906E-01    7.737E+27    1.137E+07    2.840E+15    1.863E+04    1.066E-01    1.430E-04     r       3.7
2.411E+08    5.033E-01    7.730E+27    1.154E+07    2.994E+15    1.936E+04    1.053E-01    1.586E-04     r       3.7
2.393E+08    5.097E-01    7.726E+27    1.162E+07    3.074E+15    1.974E+04    1.047E-01    1.670E-04     r       3.6
2.357E+08    5.226E-01    7.717E+27    1.179E+07    3.239E+15    2.049E+04    1.034E-01    1.850E-04     r       3.6
2.339E+08    5.291E-01    7.712E+27    1.187E+07    3.323E+15    2.088E+04    1.028E-01    1.946E-04     r       3.6
2.303E+08    5.421E-01    7.701E+27    1.205E+07    3.498E+15    2.166E+04    1.016E-01    2.153E-04     r       3.6
2.285E+08    5.486E-01    7.696E+27    1.213E+07    3.588E+15    2.206E+04    1.009E-01    2.264E-04     r       3.5
2.249E+08    5.617E-01    7.683E+27    1.231E+07    3.774E+15    2.287E+04    9.970E-02    2.501E-04     r       3.5
2.231E+08    5.682E-01    7.676E+27    1.239E+07    3.869E+15    2.328E+04    9.908E-02    2.628E-04     r       3.5
2.195E+08    5.814E-01    7.662E+27    1.257E+07    4.065E+15    2.412E+04    9.783E-02    2.901E-04     r       3.5
2.177E+08    5.880E-01    7.654E+27    1.266E+07    4.166E+15    2.454E+04    9.722E-02    3.046E-04     r       3.5
2.141E+08    6.012E-01    7.637E+27    1.284E+07    4.373E+15    2.540E+04    9.598E-02    3.358E-04     r       3.4
2.070E+08    6.276E-01    7.598E+27    1.321E+07    4.808E+15    2.715E+04    9.353E-02    4.071E-04     r       3.4
2.034E+08    6.408E-01    7.576E+27    1.339E+07    5.037E+15    2.805E+04    9.231E-02    4.477E-04     r       3.3
1.962E+08    6.670E-01    7.525E+27    1.377E+07    5.515E+15    2.987E+04    8.990E-02    5.406E-04     r       3.3
1.926E+08    6.800E-01    7.495E+27    1.396E+07    5.765E+15    3.080E+04    8.870E-02    5.936E-04     r       3.2
1.854E+08    7.057E-01    7.429E+27    1.435E+07    6.285E+15    3.267E+04    8.632E-02    7.149E-04     r       3.2
1.818E+08    7.184E-01    7.391E+27    1.454E+07    6.555E+15    3.362E+04    8.515E-02    7.842E-04     r       3.1
1.782E+08    7.309E-01    7.350E+27    1.474E+07    6.831E+15    3.456E+04    8.398E-02    8.601E-04     r       3.1
1.746E+08    7.433E-01    7.306E+27    1.494E+07    7.113E+15    3.551E+04    8.283E-02    9.435E-04     r       3.0
1.711E+08    7.554E-01    7.258E+27    1.514E+07    7.401E+15    3.645E+04    8.168E-02    1.035E-03     r       3.0
1.675E+08    7.674E-01    7.206E+27    1.534E+07    7.694E+15    3.740E+04    8.055E-02    1.136E-03     r       2.9
1.639E+08    7.792E-01    7.150E+27    1.554E+07    7.992E+15    3.834E+04    7.942E-02    1.248E-03     r       2.9
1.621E+08    7.850E-01    7.121E+27    1.565E+07    8.142E+15    3.881E+04    7.886E-02    1.308E-03     r       2.9
1.585E+08    7.965E-01    7.058E+27    1.585E+07    8.447E+15    3.974E+04    7.776E-02    1.439E-03     r       2.8
1.567E+08    8.021E-01    7.025E+27    1.596E+07    8.601E+15    4.020E+04    7.721E-02    1.510E-03     r       2.8
1.531E+08    8.132E-01    6.955E+27    1.616E+07    8.912E+15    4.111E+04    7.612E-02    1.663E-03     r       2.7
1.513E+08    8.186E-01    6.919E+27    1.627E+07    9.068E+15    4.157E+04    7.558E-02    1.747E-03     r       2.7
1.495E+08    8.240E-01    6.880E+27    1.637E+07    9.226E+15    4.202E+04    7.504E-02    1.836E-03     r       2.7
1.477E+08    8.292E-01    6.841E+27    1.648E+07    9.384E+15    4.247E+04    7.451E-02    1.930E-03     r       2.7
1.459E+08    8.345E-01    6.800E+27    1.658E+07    9.542E+15    4.291E+04    7.398E-02    2.031E-03     r       2.6
1.441E+08    8.396E-01    6.757E+27    1.669E+07    9.702E+15    4.335E+04    7.346E-02    2.137E-03     r       2.6
1.423E+08    8.447E-01    6.713E+27    1.679E+07    9.861E+15    4.379E+04    7.293E-02    2.251E-03     r       2.6
1.405E+08    8.497E-01    6.667E+27    1.690E+07    1.002E+16    4.422E+04    7.242E-02    2.372E-03     r       2.6
1.387E+08    8.546E-01    6.619E+27    1.700E+07    1.018E+16    4.465E+04    7.190E-02    2.502E-03     r       2.5
1.369E+08    8.594E-01    6.570E+27    1.711E+07    1.034E+16    4.507E+04    7.139E-02    2.640E-03     r       2.5
1.351E+08    8.642E-01    6.519E+27    1.722E+07    1.050E+16    4.549E+04    7.088E-02    2.788E-03     r       2.5
1.334E+08    8.688E-01    6.465E+27    1.732E+07    1.067E+16    4.590E+04    7.039E-02    2.946E-03     r       2.5
1.316E+08    8.734E-01    6.410E+27    1.743E+07    1.083E+16    4.632E+04    6.990E-02    3.115E-03     r       2.5
1.298E+08    8.779E-01    6.353E+27    1.753E+07    1.099E+16    4.672E+04    6.943E-02    3.294E-03     r       2.5
1.280E+08    8.823E-01    6.293E+27    1.763E+07    1.115E+16    4.713E+04    6.898E-02    3.484E-03     r       2.5
1.262E+08    8.867E-01    6.231E+27    1.774E+07    1.131E+16    4.754E+04    6.854E-02    3.686E-03     r       2.5
1.244E+08    8.909E-01    6.167E+27    1.784E+07    1.147E+16    4.794E+04    6.811E-02    3.902E-03     r       2.5
1.226E+08    8.951E-01    6.101E+27    1.794E+07    1.163E+16    4.834E+04    6.769E-02    4.130E-03     r       2.5
1.208E+08    8.992E-01    6.032E+27    1.804E+07    1.179E+16    4.874E+04    6.729E-02    4.374E-03     r       2.5
1.190E+08    9.032E-01    5.960E+27    1.813E+07    1.195E+16    4.914E+04    6.689E-02    4.633E-03     r       2.5
1.172E+08    9.071E-01    5.886E+27    1.823E+07    1.211E+16    4.953E+04    6.651E-02    4.908E-03     r       2.5
1.154E+08    9.109E-01    5.810E+27    1.833E+07    1.227E+16    4.992E+04    6.614E-02    5.201E-03     r       2.5
1.136E+08    9.146E-01    5.730E+27    1.842E+07    1.243E+16    5.030E+04    6.577E-02    5.512E-03     r       2.5
1.118E+08    9.182E-01    5.648E+27    1.851E+07    1.259E+16    5.068E+04    6.542E-02    5.842E-03     r       2.5
1.100E+08    9.218E-01    5.563E+27    1.861E+07    1.275E+16    5.106E+04    6.508E-02    6.192E-03     r       2.5
1.082E+08    9.252E-01    5.476E+27    1.870E+07    1.291E+16    5.144E+04    6.475E-02    6.563E-03     r       2.5
1.046E+08    9.319E-01    5.291E+27    1.889E+07    1.322E+16    5.213E+04    6.400E-02    7.433E-03     r       2.3
1.028E+08    9.351E-01    5.194E+27    1.898E+07    1.337E+16    5.249E+04    6.369E-02    7.877E-03     r       2.5
9.925E+07    9.412E-01    4.989E+27    1.917E+07    1.367E+16    5.315E+04    6.299E-02    8.931E-03     r       2.3
9.745E+07    9.441E-01    4.882E+27    1.926E+07    1.383E+16    5.350E+04    6.271E-02    9.459E-03     r       2.5
9.386E+07    9.497E-01    4.659E+27    1.944E+07    1.412E+16    5.413E+04    6.204E-02    1.073E-02     r       2.2
9.207E+07    9.524E-01    4.542E+27    1.952E+07    1.427E+16    5.446E+04    6.179E-02    1.135E-02     r       2.5
9.117E+07    9.537E-01    4.482E+27    1.956E+07    1.434E+16    5.463E+04    6.166E-02    1.167E-02     r       2.5
8.937E+07    9.562E-01    4.361E+27    1.964E+07    1.449E+16    5.496E+04    6.142E-02    1.234E-02     r       2.5
8.848E+07    9.574E-01    4.300E+27    1.968E+07    1.456E+16    5.512E+04    6.130E-02    1.269E-02     r       2.5
8.668E+07    9.598E-01    4.175E+27    1.976E+07    1.470E+16    5.544E+04    6.107E-02    1.340E-02     r       2.5
8.578E+07    9.610E-01    4.112E+27    1.980E+07    1.477E+16    5.560E+04    6.095E-02    1.377E-02     r       2.5
8.399E+07    9.633E-01    3.984E+27    1.987E+07    1.491E+16    5.591E+04    6.073E-02    1.454E-02     r       2.5
8.309E+07    9.644E-01    3.919E+27    1.991E+07    1.498E+16    5.606E+04    6.062E-02    1.493E-02     r       2.5
8.130E+07    9.666E-01    3.787E+27    1.998E+07    1.512E+16    5.637E+04    6.041E-02    1.574E-02     r       2.5
8.040E+07    9.676E-01    3.721E+27    2.002E+07    1.518E+16    5.652E+04    6.031E-02    1.616E-02     r       2.5
7.860E+07    9.696E-01    3.587E+27    2.009E+07    1.532E+16    5.682E+04    6.010E-02    1.702E-02     r       2.5
7.771E+07    9.706E-01    3.520E+27    2.012E+07    1.538E+16    5.696E+04    6.000E-02    1.746E-02     r       2.5
7.591E+07    9.725E-01    3.383E+27    2.019E+07    1.552E+16    5.725E+04    5.981E-02    1.836E-02     r       2.5
7.501E+07    9.735E-01    3.315E+27    2.022E+07    1.558E+16    5.740E+04    5.971E-02    1.883E-02     r       2.5
7.322E+07    9.752E-01    3.177E+27    2.029E+07    1.571E+16    5.768E+04    5.953E-02    1.978E-02     r       2.5
7.232E+07    9.761E-01    3.108E+27    2.032E+07    1.577E+16    5.782E+04    5.944E-02    2.026E-02     r       2.5
7.053E+07    9.778E-01    2.970E+27    2.039E+07    1.590E+16    5.809E+04    5.926E-02    2.126E-02     r       2.5
6.963E+07    9.786E-01    2.901E+27    2.042E+07    1.596E+16    5.822E+04    5.918E-02    2.177E-02     r       2.5
6.783E+07    9.802E-01    2.762E+27    2.048E+07    1.608E+16    5.849E+04    5.901E-02    2.280E-02     r       2.5
6.694E+07    9.809E-01    2.693E+27    2.051E+07    1.614E+16    5.862E+04    5.893E-02    2.333E-02     r       2.5
6.514E+07    9.824E-01    2.555E+27    2.057E+07    1.626E+16    5.887E+04    5.877E-02    2.440E-02     r       2.5
6.424E+07    9.831E-01    2.486E+27    2.060E+07    1.631E+16    5.900E+04    5.869E-02    2.495E-02     r       2.5
6.245E+07    9.844E-01    2.350E+27    2.066E+07    1.643E+16    5.924E+04    5.854E-02    2.606E-02     r       2.5
6.155E+07    9.851E-01    2.282E+27    2.069E+07    1.648E+16    5.936E+04    5.847E-02    2.662E-02     r       2.5
5.976E+07    9.863E-01    2.148E+27    2.074E+07    1.659E+16    5.960E+04    5.832E-02    2.776E-02     r       2.5
5.886E+07    9.869E-01    2.082E+27    2.077E+07    1.665E+16    5.972E+04    5.825E-02    2.834E-02     r       2.5
5.706E+07    9.880E-01    1.951E+27    2.082E+07    1.676E+16    5.994E+04    5.812E-02    2.950E-02     r       2.5
5.617E+07    9.886E-01    1.886E+27    2.085E+07    1.681E+16    6.006E+04    5.805E-02    3.009E-02     r       2.5
5.437E+07    9.896E-01    1.759E+27    2.090E+07    1.691E+16    6.027E+04    5.792E-02    3.127E-02     r       2.5
5.347E+07    9.901E-01    1.696E+27    2.092E+07    1.696E+16    6.038E+04    5.786E-02    3.187E-02     r       2.5
5.168E+07    9.911E-01    1.574E+27    2.097E+07    1.706E+16    6.059E+04    5.774E-02    3.307E-02     r       2.5
5.078E+07    9.915E-01    1.514E+27    2.100E+07    1.711E+16    6.069E+04    5.768E-02    3.367E-02     r       2.5
5.033E+07    9.917E-01    1.484E+27    2.101E+07    1.713E+16    6.074E+04    5.765E-02    3.397E-02     r       2.5
4.943E+07    9.922E-01    1.426E+27    2.103E+07    1.718E+16    6.084E+04    5.760E-02    3.457E-02     r       2.5
4.899E+07    9.924E-01    1.397E+27    2.104E+07    1.720E+16    6.089E+04    5.757E-02    3.487E-02     r       2.5
4.809E+07    9.928E-01    1.340E+27    2.106E+07    1.724E+16    6.098E+04    5.751E-02    3.547E-02     r       2.5
4.764E+07    9.930E-01    1.312E+27    2.108E+07    1.727E+16    6.103E+04    5.749E-02    3.577E-02     r       2.5
4.674E+07    9.934E-01    1.257E+27    2.110E+07    1.731E+16    6.113E+04    5.743E-02    3.637E-02     r       2.5
4.629E+07    9.936E-01    1.230E+27    2.111E+07    1.733E+16    6.117E+04    5.741E-02    3.667E-02     r       2.5
4.540E+07    9.939E-01    1.176E+27    2.113E+07    1.738E+16    6.126E+04    5.735E-02    3.727E-02     r       2.5
4.495E+07    9.941E-01    1.149E+27    2.114E+07    1.740E+16    6.131E+04    5.733E-02    3.757E-02     r       2.5
4.405E+07    9.944E-01    1.098E+27    2.116E+07    1.744E+16    6.140E+04    5.728E-02    3.817E-02     r       2.5
4.360E+07    9.946E-01    1.072E+27    2.117E+07    1.746E+16    6.144E+04    5.725E-02    3.847E-02     r       2.5
4.270E+07    9.949E-01    1.022E+27    2.119E+07    1.750E+16    6.153E+04    5.721E-02    3.906E-02     r       2.5
4.225E+07    9.951E-01    9.975E+26    2.120E+07    1.752E+16    6.157E+04    5.718E-02    3.936E-02     r       2.5
4.136E+07    9.954E-01    9.493E+26    2.122E+07    1.756E+16    6.166E+04    5.714E-02    3.994E-02     r       2.5
4.091E+07    9.955E-01    9.257E+26    2.123E+07    1.758E+16    6.170E+04    5.711E-02    4.024E-02     r       2.5
4.001E+07    9.958E-01    8.795E+26    2.125E+07    1.762E+16    6.178E+04    5.707E-02    4.082E-02     r       2.5
3.956E+07    9.960E-01    8.569E+26    2.126E+07    1.764E+16    6.182E+04    5.705E-02    4.111E-02     r       2.5
3.866E+07    9.962E-01    8.128E+26    2.128E+07    1.768E+16    6.190E+04    5.700E-02    4.168E-02     r       2.5
3.822E+07    9.964E-01    7.912E+26    2.128E+07    1.770E+16    6.193E+04    5.698E-02    4.197E-02     r       2.5
3.732E+07    9.966E-01    7.490E+26    2.130E+07    1.773E+16    6.201E+04    5.694E-02    4.254E-02     r       2.5
3.687E+07    9.967E-01    7.285E+26    2.131E+07    1.775E+16    6.205E+04    5.692E-02    4.282E-02     r       2.5
3.597E+07    9.970E-01    6.885E+26    2.133E+07    1.779E+16    6.212E+04    5.688E-02    4.338E-02     r       2.5
3.552E+07    9.971E-01    6.690E+26    2.134E+07    1.780E+16    6.216E+04    5.686E-02    4.365E-02     r       2.5
3.463E+07    9.973E-01    6.311E+26    2.135E+07    1.784E+16    6.223E+04    5.682E-02    4.420E-02     r       2.5
3.418E+07    9.974E-01    6.127E+26    2.136E+07    1.785E+16    6.226E+04    5.680E-02    4.447E-02     r       2.5
3.328E+07    9.976E-01    5.769E+26    2.138E+07    1.789E+16    6.233E+04    5.677E-02    4.501E-02     r       2.5
3.283E+07    9.977E-01    5.596E+26    2.138E+07    1.790E+16    6.236E+04    5.675E-02    4.527E-02     r       2.5
3.193E+07    9.979E-01    5.260E+26    2.140E+07    1.793E+16    6.243E+04    5.671E-02    4.579E-02     r       2.5
3.148E+07    9.980E-01    5.097E+26    2.141E+07    1.795E+16    6.246E+04    5.670E-02    4.605E-02     r       2.5
3.059E+07    9.981E-01    4.783E+26    2.142E+07    1.798E+16    6.252E+04    5.666E-02    4.656E-02     r       2.5
3.014E+07    9.982E-01    4.631E+26    2.143E+07    1.799E+16    6.255E+04    5.665E-02    4.681E-02     r       2.5
2.924E+07    9.984E-01    4.338E+26    2.144E+07    1.802E+16    6.261E+04    5.662E-02    4.730E-02     r       2.5
2.879E+07    9.985E-01    4.197E+26    2.145E+07    1.804E+16    6.264E+04    5.660E-02    4.755E-02     r       2.5
2.789E+07    9.986E-01    3.926E+26    2.146E+07    1.806E+16    6.270E+04    5.657E-02    4.802E-02     r       2.5
2.744E+07    9.987E-01    3.796E+26    2.147E+07    1.808E+16    6.272E+04    5.656E-02    4.826E-02     r       2.5
2.655E+07    9.988E-01    3.545E+26    2.148E+07    1.810E+16    6.278E+04    5.653E-02    4.872E-02     r       2.5
2.610E+07    9.989E-01    3.426E+26    2.148E+07    1.812E+16    6.280E+04    5.651E-02    4.894E-02     r       2.5
2.587E+07    9.989E-01    3.367E+26    2.149E+07    1.812E+16    6.282E+04    5.651E-02    4.905E-02     r       2.5
2.543E+07    9.990E-01    3.252E+26    2.149E+07    1.813E+16    6.284E+04    5.649E-02    4.927E-02     r       2.5
2.520E+07    9.990E-01    3.196E+26    2.150E+07    1.814E+16    6.286E+04    5.649E-02    4.938E-02     r       2.5
2.475E+07    9.990E-01    3.087E+26    2.150E+07    1.815E+16    6.288E+04    5.647E-02    4.960E-02     r       2.5
2.453E+07    9.991E-01    3.033E+26    2.150E+07    1.816E+16    6.289E+04    5.647E-02    4.971E-02     r       2.5
2.408E+07    9.991E-01    2.929E+26    2.151E+07    1.817E+16    6.292E+04    5.645E-02    4.992E-02     r       2.5
2.385E+07    9.991E-01    2.878E+26    2.151E+07    1.817E+16    6.293E+04    5.645E-02    5.002E-02     r       2.5
2.341E+07    9.992E-01    2.779E+26    2.152E+07    1.819E+16    6.295E+04    5.644E-02    5.022E-02     r       2.5
2.318E+07    9.992E-01    2.730E+26    2.152E+07    1.819E+16    6.296E+04    5.643E-02    5.032E-02     r       2.5
2.273E+07    9.993E-01    2.636E+26    2.153E+07    1.820E+16    6.298E+04    5.642E-02    5.052E-02     r       2.5
2.251E+07    9.993E-01    2.590E+26    2.153E+07    1.821E+16    6.300E+04    5.641E-02    5.062E-02     r       2.5
2.206E+07    9.993E-01    2.501E+26    2.153E+07    1.822E+16    6.302E+04    5.640E-02    5.082E-02     r       2.5
2.184E+07    9.993E-01    2.457E+26    2.154E+07    1.822E+16    6.303E+04    5.640E-02    5.091E-02     r       2.5
2.139E+07    9.994E-01    2.372E+26    2.154E+07    1.823E+16    6.305E+04    5.639E-02    5.110E-02     r       2.5
2.116E+07    9.994E-01    2.331E+26    2.154E+07    1.824E+16    6.306E+04    5.638E-02    5.119E-02     r       2.5
2.071E+07    9.995E-01    2.251E+26    2.155E+07    1.825E+16    6.308E+04    5.637E-02    5.137E-02     r       2.5
2.049E+07    9.995E-01    2.212E+26    2.155E+07    1.825E+16    6.309E+04    5.636E-02    5.146E-02     r       2.5
2.004E+07    9.995E-01    2.137E+26    2.155E+07    1.826E+16    6.311E+04    5.635E-02    5.164E-02     r       2.5
1.982E+07    9.995E-01    2.101E+26    2.156E+07    1.827E+16    6.312E+04    5.635E-02    5.172E-02     r       2.5
1.937E+07    9.996E-01    2.030E+26    2.156E+07    1.828E+16    6.314E+04    5.634E-02    5.189E-02     r       2.5
1.914E+07    9.996E-01    1.995E+26    2.156E+07    1.828E+16    6.315E+04    5.633E-02    5.198E-02     r       2.5
1.869E+07    9.996E-01    1.929E+26    2.157E+07    1.829E+16    6.316E+04    5.633E-02    5.214E-02     r       2.5
1.847E+07    9.996E-01    1.897E+26    2.157E+07    1.829E+16    6.317E+04    5.632E-02    5.222E-02     r       2.5
1.802E+07    9.997E-01    1.835E+26    2.157E+07    1.830E+16    6.319E+04    5.631E-02    5.237E-02     r       2.5
1.780E+07    9.997E-01    1.805E+26    2.157E+07    1.831E+16    6.320E+04    5.631E-02    5.245E-02     r       2.5
1.735E+07    9.997E-01    1.747E+26    2.158E+07    1.831E+16    6.321E+04    5.630E-02    5.260E-02     r       2.5
1.712E+07    9.997E-01    1.719E+26    2.158E+07    1.832E+16    6.322E+04    5.630E-02    5.267E-02     r       2.5
1.667E+07    9.997E-01    1.666E+26    2.158E+07    1.832E+16    6.324E+04    5.629E-02    5.281E-02     r       2.5
1.645E+07    9.997E-01    1.640E+26    2.159E+07    1.833E+16    6.324E+04    5.628E-02    5.288E-02     r       2.5
1.600E+07    9.998E-01    1.590E+26    2.159E+07    1.833E+16    6.326E+04    5.628E-02    5.301E-02     r       2.5
1.578E+07    9.998E-01    1.566E+26    2.159E+07    1.834E+16    6.326E+04    5.627E-02    5.308E-02     r       2.5
1.533E+07    9.998E-01    1.520E+26    2.159E+07    1.834E+16    6.328E+04    5.627E-02    5.320E-02     r       2.5
1.510E+07    9.998E-01    1.498E+26    2.160E+07    1.835E+16    6.328E+04    5.626E-02    5.326E-02     r       2.5
1.499E+07    9.998E-01    1.488E+26    2.160E+07    1.835E+16    6.329E+04    5.626E-02    5.329E-02     r       2.5
1.477E+07    9.998E-01    1.466E+26    2.160E+07    1.835E+16    6.329E+04    5.626E-02    5.335E-02     r       2.5
1.466E+07    9.998E-01    1.456E+26    2.160E+07    1.835E+16    6.330E+04    5.626E-02    5.338E-02     r       2.5
1.443E+07    9.998E-01    1.436E+26    2.160E+07    1.836E+16    6.330E+04    5.625E-02    5.344E-02     r       2.5
1.432E+07    9.998E-01    1.426E+26    2.160E+07    1.836E+16    6.331E+04    5.625E-02    5.346E-02     r       2.5
1.409E+07    9.999E-01    1.407E+26    2.160E+07    1.836E+16    6.331E+04    5.625E-02    5.352E-02     r       2.5
1.398E+07    9.999E-01    1.397E+26    2.160E+07    1.836E+16    6.331E+04    5.625E-02    5.354E-02     r       2.5
1.376E+07    9.999E-01    1.379E+26    2.160E+07    1.836E+16    6.332E+04    5.624E-02    5.359E-02     r       2.5
1.365E+07    9.999E-01    1.370E+26    2.160E+07    1.837E+16    6.332E+04    5.624E-02    5.362E-02     r       2.5
1.342E+07    9.999E-01    1.353E+26    2.160E+07    1.837E+16    6.333E+04    5.624E-02    5.367E-02     r       2.5
1.331E+07    9.999E-01    1.344E+26    2.161E+07    1.837E+16    6.333E+04    5.624E-02    5.369E-02     r       2.5
1.308E+07    9.999E-01    1.327E+26    2.161E+07    1.837E+16    6.333E+04    5.624E-02    5.374E-02     r       2.5
1.297E+07    9.999E-01    1.319E+26    2.161E+07    1.837E+16    6.334E+04    5.623E-02    5.376E-02     r       2.5
1.275E+07    9.999E-01    1.303E+26    2.161E+07    1.838E+16    6.334E+04    5.623E-02    5.381E-02     r       2.5
1.264E+07    9.999E-01    1.296E+26    2.161E+07    1.838E+16    6.334E+04    5.623E-02    5.383E-02     r       2.5
1.241E+07    9.999E-01    1.280E+26    2.161E+07    1.838E+16    6.335E+04    5.623E-02    5.387E-02     r       2.5
1.230E+07    9.999E-01    1.273E+26    2.161E+07    1.838E+16    6.335E+04    5.623E-02    5.389E-02     r       2.5
1.207E+07    9.999E-01    1.259E+26    2.161E+07    1.838E+16    6.335E+04    5.623E-02    5.393E-02     r       2.5
1.196E+07    9.999E-01    1.252E+26    2.161E+07    1.838E+16    6.336E+04    5.622E-02    5.395E-02     r       2.5
1.174E+07    9.999E-01    1.238E+26    2.161E+07    1.838E+16    6.336E+04    5.622E-02    5.398E-02     r       2.5
1.163E+07    9.999E-01    1.232E+26    2.161E+07    1.839E+16    6.336E+04    5.622E-02    5.400E-02     r       2.5
1.140E+07    9.999E-01    1.219E+26    2.161E+07    1.839E+16    6.337E+04    5.622E-02    5.403E-02     r       2.5
1.129E+07    9.999E-01    1.213E+26    2.161E+07    1.839E+16    6.337E+04    5.622E-02    5.405E-02     r       2.5
1.123E+07    9.999E-01    1.210E+26    2.161E+07    1.839E+16    6.337E+04    5.622E-02    5.406E-02     r       2.5
1.112E+07    1.000E+00    1.204E+26    2.161E+07    1.839E+16    6.337E+04    5.622E-02    5.407E-02     r       2.5
1.106E+07    1.000E+00    1.201E+26    2.161E+07    1.839E+16    6.337E+04    5.622E-02    5.408E-02     r       2.5
1.095E+07    1.000E+00    1.195E+26    2.162E+07    1.839E+16    6.337E+04    5.622E-02    5.409E-02     r       2.5
1.090E+07    1.000E+00    1.192E+26    2.162E+07    1.839E+16    6.337E+04    5.622E-02    5.410E-02     r       2.5
1.078E+07    1.000E+00    1.186E+26    2.162E+07    1.839E+16    6.337E+04    5.622E-02    5.411E-02     r       2.5
1.073E+07    1.000E+00    1.183E+26    2.162E+07    1.839E+16    6.337E+04    5.622E-02    5.412E-02     r       2.5
1.062E+07    1.000E+00    1.178E+26    2.162E+07    1.839E+16    6.338E+04    5.621E-02    5.413E-02     r       2.5
1.056E+07    1.000E+00    1.175E+26    2.162E+07    1.839E+16    6.338E+04    5.621E-02    5.414E-02     r       2.5
1.045E+07    1.000E+00    1.170E+26    2.162E+07    1.839E+16    6.338E+04    5.621E-02    5.415E-02     r       2.5
1.039E+07    1.000E+00    1.167E+26    2.162E+07    1.839E+16    6.338E+04    5.621E-02    5.415E-02     r       2.5
1.028E+07    1.000E+00    1.162E+26    2.162E+07    1.839E+16    6.338E+04    5.621E-02    5.416E-02     r       2.5
1.022E+07    1.000E+00    1.160E+26    2.162E+07    1.839E+16    6.338E+04    5.621E-02    5.417E-02     r       2.5
1.011E+07    1.000E+00    1.155E+26    2.162E+07    1.839E+16    6.338E+04    5.621E-02    5.418E-02     r       2.5
1.006E+07    1.000E+00    1.152E+26    2.162E+07    1.840E+16    6.338E+04    5.621E-02    5.418E-02     r       2.5
9.943E+06    1.000E+00    1.147E+26    2.162E+07    1.840E+16    6.338E+04    5.621E-02    5.419E-02     r       2.5
9.887E+06    1.000E+00    1.145E+26    2.162E+07    1.840E+16    6.338E+04    5.621E-02    5.420E-02     r       2.5
9.775E+06    1.000E+00    1.140E+26    2.162E+07    1.840E+16    6.338E+04    5.621E-02    5.421E-02     r       2.5
9.719E+06    1.000E+00    1.138E+26    2.162E+07    1.840E+16    6.338E+04    5.621E-02    5.421E-02     r       2.5
9.691E+06    1.000E+00    1.137E+26    2.162E+07    1.840E+16    6.338E+04    5.621E-02    5.421E-02     r       2.5
9.634E+06    1.000E+00    1.134E+26    2.162E+07    1.840E+16    6.338E+04    5.621E-02    5.421E-02     r       2.5
9.606E+06    1.000E+00    1.133E+26    2.162E+07    1.840E+16    6.338E+04    5.621E-02    5.422E-02     r       2.5
9.550E+06    1.000E+00    1.131E+26    2.162E+07    1.840E+16    6.338E+04    5.621E-02    5.422E-02     r       2.5
9.522E+06    1.000E+00    1.130E+26    2.162E+07    1.840E+16    6.339E+04    5.621E-02    5.422E-02     r       2.5
9.466E+06    1.000E+00    1.128E+26    2.162E+07    1.840E+16    6.339E+04    5.621E-02    5.422E-02     r       2.5
9.438E+06    1.000E+00    1.127E+26    2.162E+07    1.840E+16    6.339E+04    5.621E-02    5.422E-02     r       2.5
9.382E+06    1.000E+00    1.125E+26    2.162E+07    1.840E+16    6.339E+04    5.621E-02    5.423E-02     r       2.5
9.354E+06    1.000E+00    1.124E+26    2.162E+07    1.840E+16    6.339E+04    5.621E-02    5.423E-02     r       2.5
9.298E+06    1.000E+00    1.121E+26    2.162E+07    1.840E+16    6.339E+04    5.621E-02    5.423E-02     r       2.5
9.270E+06    1.000E+00    1.120E+26    2.162E+07    1.840E+16    6.339E+04    5.621E-02    5.423E-02     r       2.5
9.214E+06    1.000E+00    1.118E+26    2.162E+07    1.840E+16    6.339E+04    5.621E-02    5.423E-02     r       2.5
9.186E+06    1.000E+00    1.117E+26    2.162E+07    1.840E+16    6.339E+04    5.621E-02    5.424E-02     r       2.5
9.172E+06    1.000E+00    1.117E+26    2.162E+07    1.840E+16    6.339E+04    5.621E-02    5.424E-02     r       2.5
9.144E+06    1.000E+00    1.116E+26    2.162E+07    1.840E+16    6.339E+04    5.621E-02    5.424E-02     r       2.5
9.130E+06    1.000E+00    1.115E+26    2.162E+07    1.840E+16    6.339E+04    5.621E-02    5.424E-02     r       2.5
9.102E+06    1.000E+00    1.114E+26    2.162E+07    1.840E+16    6.339E+04    5.621E-02    5.424E-02     r       2.5
9.088E+06    1.000E+00    1.114E+26    2.162E+07    1.840E+16    6.339E+04    5.621E-02    5.424E-02     r       2.5
9.060E+06    1.000E+00    1.113E+26    2.162E+07    1.840E+16    6.339E+04    5.621E-02    5.424E-02     r       2.5
9.045E+06    1.000E+00    1.112E+26    2.162E+07    1.840E+16    6.339E+04    5.621E-02    5.424E-02     r       2.5
9.017E+06    1.000E+00    1.111E+26    2.162E+07    1.840E+16    6.339E+04    5.621E-02    5.424E-02     r       2.5
9.003E+06    1.000E+00    1.111E+26    2.162E+07    1.840E+16    6.339E+04    5.621E-02    5.424E-02     r       2.5
8.975E+06    1.000E+00    1.110E+26    2.162E+07    1.840E+16    6.339E+04    5.621E-02    5.424E-02     r       2.5
