   r        Qm       L_r       T        P        rho      kap      eps     fl   dlnPdlnT
6.791E+08    0.000E+00    7.207E+25    3.848E+03    1.695E+01    0.000E+00    8.493E+00    0.000E+00     *      99.9
6.784E+08    3.941E-14    7.207E+25    2.579E+03    5.272E-01    1.495E-08    4.741E+01    8.488E-115     r       4.8
6.777E+08    2.032E-13    7.207E+25    5.122E+03    9.696E+00    1.388E-07    2.558E+01    3.866E-92     r       2.7
6.774E+08    5.017E-13    7.207E+25    5.748E+03    2.644E+01    3.400E-07    3.501E+01    1.413E-88     r       8.1
6.772E+08    7.734E-13    7.207E+25    6.228E+03    4.170E+01    4.955E-07    3.574E+01    2.846E-86     r       5.6
6.771E+08    9.509E-13    7.207E+25    6.491E+03    5.168E+01    5.895E-07    3.553E+01    4.089E-85     r       5.2
6.771E+08    1.052E-12    7.207E+25    6.627E+03    5.735E+01    6.408E-07    3.534E+01    1.521E-84     r       5.0
6.770E+08    1.105E-12    7.207E+25    6.695E+03    6.036E+01    6.677E-07    3.522E+01    2.915E-84     r       5.0
6.770E+08    1.133E-12    7.207E+25    6.730E+03    6.192E+01    6.814E-07    3.516E+01    4.028E-84     r       5.0
6.770E+08    1.190E-12    7.207E+25    6.799E+03    6.512E+01    7.094E-07    3.504E+01    7.665E-84     r       4.9
6.770E+08    1.219E-12    7.207E+25    6.834E+03    6.677E+01    7.237E-07    3.498E+01    1.055E-83     r       4.9
6.770E+08    1.280E-12    7.207E+25    6.904E+03    7.018E+01    7.530E-07    3.484E+01    1.992E-83     r       4.9
6.770E+08    1.311E-12    7.207E+25    6.939E+03    7.193E+01    7.679E-07    3.477E+01    2.731E-83     r       4.9
6.769E+08    1.375E-12    7.207E+25    7.009E+03    7.554E+01    7.984E-07    3.463E+01    5.114E-83     r       4.9
6.769E+08    1.408E-12    7.207E+25    7.044E+03    7.740E+01    8.140E-07    3.456E+01    6.982E-83     r       4.8
6.769E+08    1.476E-12    7.207E+25    7.115E+03    8.122E+01    8.458E-07    3.441E+01    1.296E-82     r       4.8
6.769E+08    1.620E-12    7.207E+25    7.258E+03    8.932E+01    9.120E-07    3.410E+01    4.387E-82     r       4.8
6.769E+08    1.696E-12    7.207E+25    7.329E+03    9.361E+01    9.464E-07    3.394E+01    7.999E-82     r       4.8
6.768E+08    1.857E-12    7.207E+25    7.473E+03    1.027E+02    1.018E-06    3.362E+01    2.611E-81     r       4.8
6.768E+08    1.942E-12    7.207E+25    7.545E+03    1.074E+02    1.055E-06    3.346E+01    4.675E-81     r       4.7
6.767E+08    2.121E-12    7.207E+25    7.690E+03    1.175E+02    1.133E-06    3.314E+01    1.472E-80     r       4.7
6.767E+08    2.215E-12    7.207E+25    7.763E+03    1.229E+02    1.173E-06    3.297E+01    2.587E-80     r       4.7
6.767E+08    2.414E-12    7.207E+25    7.908E+03    1.341E+02    1.257E-06    3.265E+01    7.856E-80     r       4.7
6.767E+08    2.519E-12    7.207E+25    7.981E+03    1.400E+02    1.300E-06    3.249E+01    1.357E-79     r       4.7
6.766E+08    2.739E-12    7.207E+25    8.127E+03    1.524E+02    1.390E-06    3.216E+01    3.977E-79     r       4.7
6.766E+08    2.854E-12    7.207E+25    8.201E+03    1.589E+02    1.437E-06    3.200E+01    6.750E-79     r       4.7
6.766E+08    3.098E-12    7.207E+25    8.347E+03    1.726E+02    1.533E-06    3.169E+01    1.912E-78     r       4.7
6.765E+08    3.225E-12    7.207E+25    8.421E+03    1.798E+02    1.583E-06    3.153E+01    3.192E-78     r       4.7
6.765E+08    3.493E-12    7.207E+25    8.568E+03    1.949E+02    1.687E-06    3.122E+01    8.749E-78     r       4.7
6.765E+08    3.633E-12    7.207E+25    8.642E+03    2.028E+02    1.740E-06    3.107E+01    1.437E-77     r       4.6
6.764E+08    3.927E-12    7.207E+25    8.789E+03    2.194E+02    1.851E-06    3.077E+01    3.817E-77     r       4.6
6.764E+08    4.080E-12    7.207E+25    8.863E+03    2.280E+02    1.908E-06    3.062E+01    6.174E-77     r       4.6
6.764E+08    4.402E-12    7.207E+25    9.011E+03    2.462E+02    2.027E-06    3.033E+01    1.591E-76     r       4.6
6.763E+08    4.570E-12    7.207E+25    9.085E+03    2.557E+02    2.088E-06    3.018E+01    2.536E-76     r       4.6
6.763E+08    4.922E-12    7.207E+25    9.233E+03    2.756E+02    2.214E-06    2.990E+01    6.352E-76     r       4.6
6.763E+08    5.106E-12    7.207E+25    9.307E+03    2.860E+02    2.280E-06    2.976E+01    9.982E-76     r       4.6
6.762E+08    5.489E-12    7.207E+25    9.455E+03    3.076E+02    2.414E-06    2.948E+01    2.432E-75     r       4.6
6.762E+08    5.690E-12    7.207E+25    9.529E+03    3.189E+02    2.483E-06    2.934E+01    3.771E-75     r       4.6
6.762E+08    6.107E-12    7.207E+25    9.677E+03    3.425E+02    2.627E-06    2.908E+01    8.951E-75     r       4.6
6.762E+08    6.325E-12    7.207E+25    9.751E+03    3.549E+02    2.700E-06    2.894E+01    1.370E-74     r       4.6
6.761E+08    6.778E-12    7.207E+25    9.900E+03    3.805E+02    2.852E-06    2.869E+01    3.173E-74     r       4.6
6.761E+08    7.015E-12    7.207E+25    9.974E+03    3.939E+02    2.931E-06    2.856E+01    4.798E-74     r       4.6
6.760E+08    7.507E-12    7.207E+25    1.012E+04    4.217E+02    3.092E-06    2.831E+01    1.085E-73     r       4.6
6.760E+08    7.763E-12    7.207E+25    1.020E+04    4.362E+02    3.175E-06    2.818E+01    1.621E-73     r       4.6
6.760E+08    8.295E-12    7.207E+25    1.035E+04    4.663E+02    3.345E-06    2.794E+01    3.583E-73     r       4.6
6.760E+08    8.572E-12    7.207E+25    1.042E+04    4.820E+02    3.433E-06    2.782E+01    5.298E-73     r       4.6
6.759E+08    9.147E-12    7.207E+25    1.057E+04    5.146E+02    3.614E-06    2.759E+01    1.146E-72     r       4.6
6.759E+08    9.446E-12    7.207E+25    1.064E+04    5.315E+02    3.707E-06    2.747E+01    1.676E-72     r       4.6
6.759E+08    1.007E-11    7.207E+25    1.079E+04    5.667E+02    3.898E-06    2.724E+01    3.550E-72     r       4.6
6.758E+08    1.039E-11    7.207E+25    1.087E+04    5.849E+02    3.996E-06    2.713E+01    5.142E-72     r       4.6
6.758E+08    1.106E-11    7.207E+25    1.102E+04    6.228E+02    4.197E-06    2.691E+01    1.068E-71     r       4.6
6.758E+08    1.140E-11    7.207E+25    1.109E+04    6.425E+02    4.301E-06    2.680E+01    1.532E-71     r       4.6
6.757E+08    1.212E-11    7.207E+25    1.124E+04    6.832E+02    4.513E-06    2.658E+01    3.122E-71     r       4.6
6.757E+08    1.250E-11    7.207E+25    1.131E+04    7.044E+02    4.623E-06    2.648E+01    4.437E-71     r       4.6
6.757E+08    1.327E-11    7.207E+25    1.146E+04    7.482E+02    4.846E-06    2.627E+01    8.881E-71     r       4.6
6.756E+08    1.367E-11    7.207E+25    1.154E+04    7.709E+02    4.961E-06    2.617E+01    1.251E-70     r       4.6
6.756E+08    1.450E-11    7.207E+25    1.169E+04    8.179E+02    5.197E-06    2.597E+01    2.461E-70     r       4.6
6.756E+08    1.493E-11    7.207E+25    1.176E+04    8.422E+02    5.318E-06    2.587E+01    3.438E-70     r       4.6
6.755E+08    1.582E-11    7.207E+25    1.191E+04    8.926E+02    5.565E-06    2.567E+01    6.653E-70     r       4.6
6.755E+08    1.627E-11    7.207E+25    1.198E+04    9.186E+02    5.692E-06    2.557E+01    9.218E-70     r       4.6
6.755E+08    1.722E-11    7.207E+25    1.213E+04    9.725E+02    5.953E-06    2.538E+01    1.756E-69     r       4.6
6.755E+08    1.772E-11    7.207E+25    1.221E+04    1.000E+03    6.086E-06    2.529E+01    2.414E-69     r       4.6
6.754E+08    1.873E-11    7.207E+25    1.236E+04    1.058E+03    6.359E-06    2.510E+01    4.529E-69     r       4.6
6.754E+08    1.925E-11    7.207E+25    1.243E+04    1.088E+03    6.499E-06    2.501E+01    6.180E-69     r       4.6
6.753E+08    2.034E-11    7.207E+25    1.258E+04    1.149E+03    6.785E-06    2.483E+01    1.143E-68     r       4.6
6.753E+08    2.090E-11    7.207E+25    1.266E+04    1.181E+03    6.932E-06    2.474E+01    1.548E-68     r       4.6
6.753E+08    2.205E-11    7.207E+25    1.281E+04    1.247E+03    7.232E-06    2.457E+01    2.823E-68     r       4.6
6.753E+08    2.265E-11    7.207E+25    1.288E+04    1.281E+03    7.385E-06    2.448E+01    3.799E-68     r       4.6
6.752E+08    2.388E-11    7.207E+25    1.303E+04    1.350E+03    7.699E-06    2.431E+01    6.834E-68     r       4.6
6.752E+08    2.451E-11    7.207E+25    1.310E+04    1.386E+03    7.860E-06    2.423E+01    9.136E-68     r       4.6
6.752E+08    2.582E-11    7.207E+25    1.325E+04    1.461E+03    8.188E-06    2.406E+01    1.622E-67     r       4.6
6.751E+08    2.649E-11    7.207E+25    1.333E+04    1.499E+03    8.356E-06    2.398E+01    2.155E-67     r       4.6
6.751E+08    2.788E-11    7.207E+25    1.348E+04    1.578E+03    8.699E-06    2.382E+01    3.780E-67     r       4.6
6.751E+08    2.860E-11    7.207E+25    1.355E+04    1.619E+03    8.875E-06    2.374E+01    4.991E-67     r       4.6
6.750E+08    3.007E-11    7.207E+25    1.370E+04    1.703E+03    9.233E-06    2.358E+01    8.649E-67     r       4.6
6.750E+08    3.083E-11    7.207E+25    1.378E+04    1.746E+03    9.417E-06    2.351E+01    1.135E-66     r       4.6
6.750E+08    3.239E-11    7.207E+25    1.393E+04    1.835E+03    9.791E-06    2.335E+01    1.945E-66     r       4.6
6.749E+08    3.320E-11    7.207E+25    1.400E+04    1.881E+03    9.982E-06    2.328E+01    2.538E-66     r       4.6
6.749E+08    3.486E-11    7.207E+25    1.415E+04    1.975E+03    1.037E-05    2.313E+01    4.301E-66     r       4.6
6.749E+08    3.571E-11    7.207E+25    1.423E+04    2.024E+03    1.057E-05    2.305E+01    5.583E-66     r       4.6
6.748E+08    3.746E-11    7.207E+25    1.438E+04    2.124E+03    1.098E-05    2.291E+01    9.358E-66     r       4.6
6.747E+08    4.117E-11    7.207E+25    1.467E+04    2.335E+03    1.183E-05    2.262E+01    2.576E-65     r       4.6
6.747E+08    4.314E-11    7.207E+25    1.482E+04    2.447E+03    1.227E-05    2.249E+01    4.230E-65     r       4.6
6.746E+08    4.728E-11    7.207E+25    1.512E+04    2.683E+03    1.319E-05    2.222E+01    1.120E-64     r       4.6
6.746E+08    4.946E-11    7.207E+25    1.527E+04    2.808E+03    1.366E-05    2.208E+01    1.804E-64     r       4.6
6.745E+08    5.406E-11    7.207E+25    1.557E+04    3.071E+03    1.466E-05    2.183E+01    4.603E-64     r       4.6
6.745E+08    5.649E-11    7.207E+25    1.572E+04    3.209E+03    1.517E-05    2.170E+01    7.289E-64     r       4.6
6.744E+08    6.160E-11    7.207E+25    1.602E+04    3.501E+03    1.624E-05    2.145E+01    1.797E-63     r       4.6
6.743E+08    6.428E-11    7.207E+25    1.617E+04    3.655E+03    1.680E-05    2.133E+01    2.799E-63     r       4.6
6.742E+08    6.993E-11    7.207E+25    1.647E+04    3.977E+03    1.795E-05    2.110E+01    6.683E-63     r       4.6
6.742E+08    7.289E-11    7.207E+25    1.662E+04    4.147E+03    1.855E-05    2.098E+01    1.025E-62     r       4.6
6.741E+08    7.912E-11    7.207E+25    1.692E+04    4.503E+03    1.978E-05    2.075E+01    2.374E-62     r       4.6
6.741E+08    8.239E-11    7.207E+25    1.707E+04    4.690E+03    2.042E-05    2.064E+01    3.587E-62     r       4.6
6.740E+08    8.923E-11    7.207E+25    1.737E+04    5.082E+03    2.175E-05    2.043E+01    8.079E-62     r       4.6
6.739E+08    9.282E-11    7.207E+25    1.752E+04    5.288E+03    2.244E-05    2.032E+01    1.204E-61     r       4.6
6.739E+08    1.003E-10    7.207E+25    1.782E+04    5.718E+03    2.385E-05    2.011E+01    2.641E-61     r       4.6
6.738E+08    1.043E-10    7.207E+25    1.797E+04    5.944E+03    2.459E-05    2.001E+01    3.885E-61     r       4.6
6.737E+08    1.125E-10    7.207E+25    1.827E+04    6.415E+03    2.610E-05    1.981E+01    8.308E-61     r       4.6
6.737E+08    1.168E-10    7.207E+25    1.842E+04    6.662E+03    2.689E-05    1.971E+01    1.208E-60     r       4.6
6.736E+08    1.258E-10    7.207E+25    1.873E+04    7.178E+03    2.850E-05    1.952E+01    2.521E-60     r       4.6
6.736E+08    1.305E-10    7.207E+25    1.888E+04    7.447E+03    2.934E-05    1.943E+01    3.623E-60     r       4.6
6.735E+08    1.403E-10    7.207E+25    1.918E+04    8.009E+03    3.106E-05    1.924E+01    7.396E-60     r       4.6
6.734E+08    1.454E-10    7.207E+25    1.933E+04    8.303E+03    3.195E-05    1.915E+01    1.051E-59     r       4.6
6.733E+08    1.560E-10    7.207E+25    1.963E+04    8.915E+03    3.378E-05    1.897E+01    2.101E-59     r       4.6
6.733E+08    1.616E-10    7.207E+25    1.978E+04    9.234E+03    3.472E-05    1.889E+01    2.954E-59     r       4.6
6.732E+08    1.731E-10    7.207E+25    2.008E+04    9.900E+03    3.667E-05    1.871E+01    5.787E-59     r       4.6
6.732E+08    1.792E-10    7.207E+25    2.023E+04    1.025E+04    3.767E-05    1.863E+01    8.059E-59     r       4.6
6.731E+08    1.917E-10    7.207E+25    2.053E+04    1.097E+04    3.973E-05    1.846E+01    1.549E-58     r       4.6
6.731E+08    1.982E-10    7.207E+25    2.068E+04    1.134E+04    4.080E-05    1.838E+01    2.137E-58     r       4.6
6.730E+08    2.118E-10    7.207E+25    2.098E+04    1.212E+04    4.298E-05    1.822E+01    4.031E-58     r       4.6
6.729E+08    2.188E-10    7.207E+25    2.113E+04    1.253E+04    4.411E-05    1.814E+01    5.513E-58     r       4.6
6.728E+08    2.335E-10    7.207E+25    2.143E+04    1.338E+04    4.642E-05    1.799E+01    1.022E-57     r       4.6
6.728E+08    2.411E-10    7.207E+25    2.159E+04    1.381E+04    4.761E-05    1.791E+01    1.386E-57     r       4.6
6.727E+08    2.569E-10    7.207E+25    2.189E+04    1.473E+04    5.005E-05    1.776E+01    2.528E-57     r       4.6
6.727E+08    2.651E-10    7.207E+25    2.204E+04    1.520E+04    5.131E-05    1.769E+01    3.401E-57     r       4.6
6.726E+08    2.821E-10    7.207E+25    2.234E+04    1.618E+04    5.388E-05    1.755E+01    6.105E-57     r       4.6
6.725E+08    2.909E-10    7.207E+25    2.249E+04    1.669E+04    5.521E-05    1.747E+01    8.150E-57     r       4.6
6.725E+08    3.092E-10    7.207E+25    2.279E+04    1.775E+04    5.793E-05    1.733E+01    1.441E-56     r       4.6
6.724E+08    3.187E-10    7.207E+25    2.294E+04    1.829E+04    5.933E-05    1.726E+01    1.910E-56     r       4.6
6.723E+08    3.383E-10    7.207E+25    2.325E+04    1.943E+04    6.219E-05    1.713E+01    3.330E-56     r       4.6
6.723E+08    3.485E-10    7.207E+25    2.340E+04    2.002E+04    6.366E-05    1.706E+01    4.381E-56     r       4.6
6.722E+08    3.695E-10    7.207E+25    2.370E+04    2.124E+04    6.668E-05    1.693E+01    7.533E-56     r       4.6
6.722E+08    3.804E-10    7.207E+25    2.385E+04    2.187E+04    6.822E-05    1.686E+01    9.846E-56     r       4.6
6.721E+08    4.030E-10    7.207E+25    2.415E+04    2.317E+04    7.139E-05    1.674E+01    1.671E-55     r       4.6
6.720E+08    4.146E-10    7.207E+25    2.430E+04    2.385E+04    7.302E-05    1.667E+01    2.170E-55     r       4.6
6.719E+08    4.388E-10    7.207E+25    2.461E+04    2.525E+04    7.635E-05    1.655E+01    3.636E-55     r       4.6
6.719E+08    4.512E-10    7.207E+25    2.476E+04    2.597E+04    7.805E-05    1.649E+01    4.693E-55     r       4.6
6.718E+08    4.770E-10    7.207E+25    2.506E+04    2.746E+04    8.155E-05    1.637E+01    7.771E-55     r       4.6
6.718E+08    4.903E-10    7.207E+25    2.521E+04    2.823E+04    8.334E-05    1.631E+01    9.971E-55     r       4.6
6.717E+08    5.177E-10    7.207E+25    2.551E+04    2.983E+04    8.701E-05    1.619E+01    1.632E-54     r       4.6
6.717E+08    5.319E-10    7.207E+25    2.566E+04    3.065E+04    8.888E-05    1.613E+01    2.082E-54     r       4.6
6.716E+08    5.612E-10    7.207E+25    2.597E+04    3.235E+04    9.272E-05    1.602E+01    3.370E-54     r       4.6
6.715E+08    5.763E-10    7.207E+25    2.612E+04    3.323E+04    9.469E-05    1.596E+01    4.276E-54     r       4.6
6.714E+08    6.075E-10    7.207E+25    2.642E+04    3.504E+04    9.871E-05    1.585E+01    6.848E-54     r       4.6
6.714E+08    6.236E-10    7.207E+25    2.657E+04    3.598E+04    1.008E-04    1.580E+01    8.643E-54     r       4.6
6.713E+08    6.567E-10    7.207E+25    2.688E+04    3.791E+04    1.050E-04    1.569E+01    1.370E-53     r       4.6
6.713E+08    6.738E-10    7.207E+25    2.703E+04    3.890E+04    1.071E-04    1.564E+01    1.721E-53     r       4.6
6.712E+08    7.090E-10    7.207E+25    2.733E+04    4.095E+04    1.115E-04    1.553E+01    2.701E-53     r       4.6
6.711E+08    7.271E-10    7.207E+25    2.748E+04    4.201E+04    1.138E-04    1.548E+01    3.375E-53     r       4.6
6.711E+08    7.645E-10    7.207E+25    2.779E+04    4.418E+04    1.184E-04    1.538E+01    5.247E-53     r       4.6
6.710E+08    7.838E-10    7.207E+25    2.794E+04    4.531E+04    1.207E-04    1.533E+01    6.528E-53     r       4.6
6.709E+08    8.234E-10    7.207E+25    2.824E+04    4.762E+04    1.255E-04    1.523E+01    1.006E-52     r       4.6
6.709E+08    8.438E-10    7.207E+25    2.839E+04    4.881E+04    1.279E-04    1.518E+01    1.245E-52     r       4.6
6.708E+08    8.857E-10    7.207E+25    2.870E+04    5.125E+04    1.330E-04    1.508E+01    1.902E-52     r       4.6
6.708E+08    9.073E-10    7.207E+25    2.885E+04    5.252E+04    1.355E-04    1.503E+01    2.345E-52     r       4.6
6.707E+08    9.518E-10    7.207E+25    2.915E+04    5.511E+04    1.407E-04    1.494E+01    3.551E-52     r       4.6
6.705E+08    1.046E-09    7.207E+25    2.976E+04    6.060E+04    1.516E-04    1.475E+01    8.007E-52     r       4.6
6.704E+08    1.095E-09    7.207E+25    3.006E+04    6.350E+04    1.572E-04    1.466E+01    1.193E-51     r       4.6
6.703E+08    1.200E-09    7.207E+25    3.067E+04    6.964E+04    1.690E-04    1.449E+01    2.608E-51     r       4.6
6.702E+08    1.255E-09    7.207E+25    3.098E+04    7.287E+04    1.751E-04    1.440E+01    3.828E-51     r       4.6
6.700E+08    1.372E-09    7.207E+25    3.158E+04    7.970E+04    1.879E-04    1.423E+01    8.128E-51     r       4.6
6.699E+08    1.433E-09    7.207E+25    3.189E+04    8.330E+04    1.945E-04    1.415E+01    1.176E-50     r       4.6
6.697E+08    1.562E-09    7.207E+25    3.250E+04    9.088E+04    2.082E-04    1.399E+01    2.430E-50     r       4.6
6.697E+08    1.630E-09    7.207E+25    3.280E+04    9.487E+04    2.153E-04    1.391E+01    3.471E-50     r       4.6
6.695E+08    1.773E-09    7.207E+25    3.341E+04    1.033E+05    2.301E-04    1.376E+01    6.992E-50     r       4.6
6.694E+08    1.848E-09    7.207E+25    3.372E+04    1.077E+05    2.378E-04    1.368E+01    9.864E-50     r       4.6
6.692E+08    2.005E-09    7.207E+25    3.433E+04    1.169E+05    2.537E-04    1.354E+01    1.940E-49     r       4.6
6.691E+08    2.088E-09    7.207E+25    3.463E+04    1.218E+05    2.619E-04    1.346E+01    2.705E-49     r       4.6
6.690E+08    2.261E-09    7.207E+25    3.524E+04    1.320E+05    2.789E-04    1.332E+01    5.201E-49     r       4.6
6.689E+08    2.352E-09    7.207E+25    3.555E+04    1.374E+05    2.878E-04    1.325E+01    7.173E-49     r       4.6
6.687E+08    2.542E-09    7.207E+25    3.616E+04    1.486E+05    3.060E-04    1.312E+01    1.350E-48     r       4.6
6.686E+08    2.641E-09    7.207E+25    3.646E+04    1.545E+05    3.154E-04    1.305E+01    1.843E-48     r       4.6
6.685E+08    2.849E-09    7.207E+25    3.708E+04    1.667E+05    3.349E-04    1.292E+01    3.401E-48     r       4.6
6.684E+08    2.957E-09    7.207E+25    3.738E+04    1.732E+05    3.450E-04    1.286E+01    4.598E-48     r       4.6
6.682E+08    3.184E-09    7.207E+25    3.799E+04    1.866E+05    3.658E-04    1.273E+01    8.324E-48     r       4.6
6.681E+08    3.303E-09    7.207E+25    3.830E+04    1.936E+05    3.765E-04    1.267E+01    1.115E-47     r       4.6
6.680E+08    3.550E-09    7.207E+25    3.891E+04    2.083E+05    3.987E-04    1.255E+01    1.983E-47     r       4.6
6.679E+08    3.679E-09    7.207E+25    3.922E+04    2.160E+05    4.101E-04    1.249E+01    2.633E-47     r       4.6
6.677E+08    3.948E-09    7.207E+25    3.983E+04    2.320E+05    4.337E-04    1.238E+01    4.603E-47     r       4.6
6.676E+08    4.088E-09    7.207E+25    4.014E+04    2.403E+05    4.459E-04    1.232E+01    6.062E-47     r       4.6
6.674E+08    4.380E-09    7.207E+25    4.075E+04    2.577E+05    4.710E-04    1.221E+01    1.043E-46     r       4.6
6.674E+08    4.532E-09    7.207E+25    4.106E+04    2.667E+05    4.839E-04    1.215E+01    1.363E-46     r       4.6
6.672E+08    4.849E-09    7.207E+25    4.167E+04    2.856E+05    5.105E-04    1.204E+01    2.309E-46     r       4.6
6.671E+08    5.013E-09    7.207E+25    4.198E+04    2.954E+05    5.242E-04    1.199E+01    2.995E-46     r       4.6
6.669E+08    5.356E-09    7.207E+25    4.260E+04    3.159E+05    5.524E-04    1.189E+01    5.001E-46     r       4.6
6.669E+08    5.534E-09    7.207E+25    4.290E+04    3.265E+05    5.669E-04    1.184E+01    6.440E-46     r       4.6
6.667E+08    5.904E-09    7.207E+25    4.352E+04    3.486E+05    5.967E-04    1.173E+01    1.061E-45     r       4.6
6.666E+08    6.096E-09    7.207E+25    4.383E+04    3.601E+05    6.121E-04    1.168E+01    1.357E-45     r       4.6
6.664E+08    6.494E-09    7.207E+25    4.444E+04    3.840E+05    6.436E-04    1.159E+01    2.205E-45     r       4.6
6.663E+08    6.701E-09    7.207E+25    4.475E+04    3.964E+05    6.599E-04    1.154E+01    2.803E-45     r       4.6
6.662E+08    7.131E-09    7.207E+25    4.537E+04    4.221E+05    6.932E-04    1.144E+01    4.499E-45     r       4.6
6.661E+08    7.353E-09    7.207E+25    4.568E+04    4.355E+05    7.103E-04    1.140E+01    5.683E-45     r       4.6
6.659E+08    7.815E-09    7.207E+25    4.629E+04    4.632E+05    7.455E-04    1.131E+01    9.012E-45     r       4.6
6.658E+08    8.054E-09    7.207E+25    4.660E+04    4.776E+05    7.636E-04    1.126E+01    1.132E-44     r       4.6
6.657E+08    8.550E-09    7.207E+25    4.722E+04    5.074E+05    8.006E-04    1.117E+01    1.774E-44     r       4.6
6.656E+08    8.807E-09    7.207E+25    4.753E+04    5.229E+05    8.197E-04    1.113E+01    2.216E-44     r       4.6
6.654E+08    9.338E-09    7.207E+25    4.814E+04    5.549E+05    8.587E-04    1.104E+01    3.436E-44     r       4.6
6.653E+08    9.613E-09    7.207E+25    4.845E+04    5.715E+05    8.787E-04    1.100E+01    4.268E-44     r       4.6
6.652E+08    1.018E-08    7.207E+25    4.907E+04    6.058E+05    9.198E-04    1.092E+01    6.549E-44     r       4.6
6.651E+08    1.048E-08    7.207E+25    4.938E+04    6.236E+05    9.409E-04    1.088E+01    8.092E-44     r       4.6
6.649E+08    1.108E-08    7.207E+25    5.000E+04    6.604E+05    9.840E-04    1.079E+01    1.229E-43     r       4.6
6.648E+08    1.140E-08    7.207E+25    5.031E+04    6.794E+05    1.006E-03    1.075E+01    1.512E-43     r       4.6
6.646E+08    1.205E-08    7.207E+25    5.093E+04    7.187E+05    1.052E-03    1.068E+01    2.274E-43     r       4.6
6.646E+08    1.239E-08    7.207E+25    5.124E+04    7.391E+05    1.075E-03    1.064E+01    2.783E-43     r       4.6
6.644E+08    1.308E-08    7.207E+25    5.186E+04    7.811E+05    1.122E-03    1.056E+01    4.150E-43     r       4.6
6.643E+08    1.344E-08    7.207E+25    5.217E+04    8.028E+05    1.147E-03    1.052E+01    5.055E-43     r       4.6
6.641E+08    1.418E-08    7.207E+25    5.279E+04    8.477E+05    1.197E-03    1.045E+01    7.469E-43     r       4.6
6.641E+08    1.456E-08    7.207E+25    5.310E+04    8.709E+05    1.222E-03    1.041E+01    9.060E-43     r       4.6
6.639E+08    1.534E-08    7.207E+25    5.372E+04    9.187E+05    1.274E-03    1.034E+01    1.327E-42     r       4.6
6.638E+08    1.575E-08    7.207E+25    5.403E+04    9.434E+05    1.301E-03    1.030E+01    1.603E-42     r       4.6
6.636E+08    1.659E-08    7.207E+25    5.465E+04    9.944E+05    1.356E-03    1.023E+01    2.330E-42     r       4.6
6.635E+08    1.702E-08    7.207E+25    5.496E+04    1.021E+06    1.384E-03    1.020E+01    2.803E-42     r       4.6
6.634E+08    1.791E-08    7.207E+25    5.558E+04    1.075E+06    1.441E-03    1.013E+01    4.040E-42     r       4.6
6.633E+08    1.836E-08    7.207E+25    5.589E+04    1.103E+06    1.470E-03    1.010E+01    4.842E-42     r       4.6
6.631E+08    1.931E-08    7.207E+25    5.652E+04    1.160E+06    1.530E-03    1.003E+01    6.928E-42     r       4.6
6.630E+08    1.979E-08    7.207E+25    5.683E+04    1.190E+06    1.561E-03    9.996E+00    8.271E-42     r       4.6
6.629E+08    2.079E-08    7.207E+25    5.745E+04    1.251E+06    1.623E-03    9.931E+00    1.175E-41     r       4.6
6.628E+08    2.131E-08    7.207E+25    5.776E+04    1.283E+06    1.655E-03    9.899E+00    1.397E-41     r       4.6
6.626E+08    2.237E-08    7.207E+25    5.839E+04    1.348E+06    1.720E-03    9.836E+00    1.971E-41     r       4.6
6.625E+08    2.291E-08    7.207E+25    5.870E+04    1.381E+06    1.754E-03    9.804E+00    2.336E-41     r       4.6
6.624E+08    2.404E-08    7.207E+25    5.932E+04    1.450E+06    1.822E-03    9.742E+00    3.273E-41     r       4.6
6.620E+08    2.641E-08    7.207E+25    6.057E+04    1.596E+06    1.964E-03    9.621E+00    6.337E-41     r       4.6
6.618E+08    2.766E-08    7.207E+25    6.119E+04    1.673E+06    2.038E-03    9.562E+00    8.763E-41     r       4.6
6.615E+08    3.031E-08    7.207E+25    6.244E+04    1.836E+06    2.192E-03    9.447E+00    1.655E-40     r       4.6
6.613E+08    3.171E-08    7.207E+25    6.307E+04    1.923E+06    2.272E-03    9.391E+00    2.261E-40     r       4.6
6.610E+08    3.465E-08    7.207E+25    6.432E+04    2.105E+06    2.439E-03    9.281E+00    4.172E-40     r       4.6
6.608E+08    3.620E-08    7.207E+25    6.495E+04    2.201E+06    2.525E-03    9.227E+00    5.636E-40     r       4.6
6.605E+08    3.946E-08    7.207E+25    6.620E+04    2.403E+06    2.705E-03    9.122E+00    1.018E-39     r       4.6
6.603E+08    4.118E-08    7.207E+25    6.683E+04    2.510E+06    2.799E-03    9.071E+00    1.360E-39     r       4.6
6.600E+08    4.479E-08    7.207E+25    6.809E+04    2.734E+06    2.993E-03    8.970E+00    2.406E-39     r       4.6
6.598E+08    4.668E-08    7.207E+25    6.872E+04    2.852E+06    3.094E-03    8.921E+00    3.184E-39     r       4.6
6.595E+08    5.066E-08    7.207E+25    6.998E+04    3.101E+06    3.303E-03    8.824E+00    5.525E-39     r       4.6
6.593E+08    5.275E-08    7.207E+25    7.061E+04    3.231E+06    3.411E-03    8.777E+00    7.244E-39     r       4.6
6.590E+08    5.713E-08    7.207E+25    7.187E+04    3.505E+06    3.636E-03    8.685E+00    1.234E-38     r       4.6
6.588E+08    5.942E-08    7.207E+25    7.250E+04    3.649E+06    3.752E-03    8.640E+00    1.604E-38     r       4.6
6.585E+08    6.422E-08    7.207E+25    7.376E+04    3.951E+06    3.993E-03    8.551E+00    2.688E-38     r       4.6
6.583E+08    6.674E-08    7.207E+25    7.439E+04    4.109E+06    4.117E-03    8.507E+00    3.465E-38     r       4.6
6.579E+08    7.199E-08    7.207E+25    7.566E+04    4.440E+06    4.375E-03    8.422E+00    5.712E-38     r       4.6
6.578E+08    7.474E-08    7.207E+25    7.629E+04    4.614E+06    4.508E-03    8.380E+00    7.306E-38     r       4.6
6.574E+08    8.049E-08    7.207E+25    7.756E+04    4.977E+06    4.783E-03    8.298E+00    1.186E-37     r       4.6
6.573E+08    8.349E-08    7.207E+25    7.819E+04    5.166E+06    4.926E-03    8.258E+00    1.506E-37     r       4.6
6.569E+08    8.975E-08    7.207E+25    7.946E+04    5.564E+06    5.220E-03    8.179E+00    2.410E-37     r       4.6
6.568E+08    9.302E-08    7.207E+25    8.010E+04    5.771E+06    5.371E-03    8.140E+00    3.039E-37     r       4.6
6.564E+08    9.983E-08    7.207E+25    8.137E+04    6.204E+06    5.685E-03    8.064E+00    4.797E-37     r       4.6
6.562E+08    1.034E-07    7.207E+25    8.200E+04    6.430E+06    5.846E-03    8.026E+00    6.008E-37     r       4.6
6.559E+08    1.108E-07    7.207E+25    8.328E+04    6.903E+06    6.180E-03    7.953E+00    9.363E-37     r       4.6
6.557E+08    1.146E-07    7.207E+25    8.391E+04    7.149E+06    6.351E-03    7.917E+00    1.165E-36     r       4.6
6.554E+08    1.227E-07    7.207E+25    8.519E+04    7.662E+06    6.706E-03    7.846E+00    1.794E-36     r       4.6
6.552E+08    1.268E-07    7.207E+25    8.583E+04    7.930E+06    6.888E-03    7.811E+00    2.219E-36     r       4.6
6.549E+08    1.355E-07    7.207E+25    8.710E+04    8.487E+06    7.264E-03    7.743E+00    3.377E-36     r       4.6
6.547E+08    1.400E-07    7.207E+25    8.774E+04    8.777E+06    7.458E-03    7.709E+00    4.153E-36     r       4.6
6.544E+08    1.494E-07    7.207E+25    8.902E+04    9.381E+06    7.857E-03    7.643E+00    6.250E-36     r       4.6
6.542E+08    1.543E-07    7.207E+25    8.966E+04    9.695E+06    8.062E-03    7.610E+00    7.646E-36     r       4.6
6.539E+08    1.644E-07    7.207E+25    9.094E+04    1.035E+07    8.485E-03    7.546E+00    1.138E-35     r       4.6
6.537E+08    1.697E-07    7.207E+25    9.158E+04    1.069E+07    8.702E-03    7.514E+00    1.385E-35     r       4.6
6.534E+08    1.806E-07    7.207E+25    9.287E+04    1.139E+07    9.149E-03    7.452E+00    2.042E-35     r       4.6
6.532E+08    1.862E-07    7.207E+25    9.351E+04    1.176E+07    9.378E-03    7.422E+00    2.473E-35     r       4.6
6.529E+08    1.979E-07    7.207E+25    9.479E+04    1.252E+07    9.851E-03    7.362E+00    3.609E-35     r       4.6
6.527E+08    2.040E-07    7.207E+25    9.544E+04    1.292E+07    1.009E-02    7.332E+00    4.351E-35     r       4.6
6.523E+08    2.166E-07    7.207E+25    9.673E+04    1.374E+07    1.059E-02    7.274E+00    6.292E-35     r       4.6
6.522E+08    2.231E-07    7.207E+25    9.737E+04    1.417E+07    1.085E-02    7.245E+00    7.550E-35     r       4.6
6.518E+08    2.366E-07    7.207E+25    9.866E+04    1.505E+07    1.137E-02    7.189E+00    1.082E-34     r       4.6
6.517E+08    2.436E-07    7.207E+25    9.930E+04    1.551E+07    1.164E-02    7.161E+00    1.293E-34     r       4.6
6.513E+08    2.581E-07    7.207E+25    1.006E+05    1.646E+07    1.220E-02    7.106E+00    1.838E-34     r       4.6
6.512E+08    2.656E-07    7.207E+25    1.012E+05    1.695E+07    1.248E-02    7.079E+00    2.187E-34     r       4.6
6.508E+08    2.811E-07    7.207E+25    1.025E+05    1.797E+07    1.307E-02    7.026E+00    3.084E-34     r       4.6
6.506E+08    2.891E-07    7.207E+25    1.032E+05    1.849E+07    1.337E-02    6.999E+00    3.654E-34     r       4.6
6.503E+08    3.056E-07    7.207E+25    1.045E+05    1.959E+07    1.398E-02    6.948E+00    5.113E-34     r       4.6
6.501E+08    3.141E-07    7.207E+25    1.051E+05    2.015E+07    1.429E-02    6.922E+00    6.036E-34     r       4.6
6.498E+08    3.318E-07    7.207E+25    1.064E+05    2.132E+07    1.494E-02    6.872E+00    8.382E-34     r       4.6
6.496E+08    3.409E-07    7.207E+25    1.071E+05    2.193E+07    1.527E-02    6.847E+00    9.860E-34     r       4.6
6.493E+08    3.597E-07    7.207E+25    1.084E+05    2.318E+07    1.595E-02    6.798E+00    1.359E-33     r       4.6
6.491E+08    3.695E-07    7.207E+25    1.090E+05    2.382E+07    1.629E-02    6.774E+00    1.593E-33     r       4.6
6.488E+08    3.895E-07    7.207E+25    1.103E+05    2.516E+07    1.701E-02    6.726E+00    2.182E-33     r       4.6
6.486E+08    3.999E-07    7.207E+25    1.110E+05    2.585E+07    1.737E-02    6.703E+00    2.549E-33     r       4.6
6.483E+08    4.212E-07    7.207E+25    1.123E+05    2.727E+07    1.811E-02    6.657E+00    3.467E-33     r       4.6
6.481E+08    4.322E-07    7.207E+25    1.129E+05    2.801E+07    1.850E-02    6.634E+00    4.038E-33     r       4.6
6.478E+08    4.549E-07    7.207E+25    1.142E+05    2.953E+07    1.928E-02    6.589E+00    5.457E-33     r       4.6
6.476E+08    4.665E-07    7.207E+25    1.149E+05    3.032E+07    1.968E-02    6.566E+00    6.335E-33     r       4.6
6.472E+08    4.906E-07    7.207E+25    1.162E+05    3.194E+07    2.050E-02    6.522E+00    8.510E-33     r       4.6
6.471E+08    5.030E-07    7.207E+25    1.169E+05    3.277E+07    2.091E-02    6.501E+00    9.849E-33     r       4.6
6.467E+08    5.286E-07    7.207E+25    1.182E+05    3.449E+07    2.177E-02    6.458E+00    1.315E-32     r       4.6
6.466E+08    5.417E-07    7.207E+25    1.188E+05    3.538E+07    2.221E-02    6.437E+00    1.518E-32     r       4.6
6.462E+08    5.688E-07    7.207E+25    1.201E+05    3.722E+07    2.310E-02    6.395E+00    2.015E-32     r       4.6
6.461E+08    5.827E-07    7.207E+25    1.208E+05    3.816E+07    2.356E-02    6.374E+00    2.319E-32     r       4.6
6.457E+08    6.114E-07    7.207E+25    1.221E+05    4.011E+07    2.450E-02    6.333E+00    3.063E-32     r       4.6
6.456E+08    6.261E-07    7.207E+25    1.228E+05    4.111E+07    2.497E-02    6.313E+00    3.515E-32     r       4.6
6.452E+08    6.564E-07    7.207E+25    1.241E+05    4.318E+07    2.595E-02    6.273E+00    4.617E-32     r       4.6
6.450E+08    6.720E-07    7.207E+25    1.247E+05    4.424E+07    2.645E-02    6.254E+00    5.285E-32     r       4.6
6.447E+08    7.041E-07    7.207E+25    1.261E+05    4.643E+07    2.747E-02    6.215E+00    6.907E-32     r       4.6
6.440E+08    7.718E-07    7.207E+25    1.287E+05    5.107E+07    2.960E-02    6.139E+00    1.168E-31     r       4.6
6.437E+08    8.076E-07    7.207E+25    1.300E+05    5.353E+07    3.070E-02    6.102E+00    1.512E-31     r       4.6
6.430E+08    8.830E-07    7.207E+25    1.327E+05    5.873E+07    3.302E-02    6.029E+00    2.509E-31     r       4.6
6.427E+08    9.227E-07    7.207E+25    1.340E+05    6.148E+07    3.422E-02    5.994E+00    3.218E-31     r       4.6
6.420E+08    1.006E-06    7.207E+25    1.367E+05    6.729E+07    3.672E-02    5.925E+00    5.247E-31     r       4.6
6.416E+08    1.050E-06    7.207E+25    1.380E+05    7.036E+07    3.803E-02    5.891E+00    6.672E-31     r       4.6
6.410E+08    1.143E-06    7.207E+25    1.407E+05    7.683E+07    4.074E-02    5.824E+00    1.070E-30     r       4.6
6.406E+08    1.192E-06    7.207E+25    1.420E+05    8.024E+07    4.215E-02    5.792E+00    1.350E-30     r       4.6
6.399E+08    1.294E-06    7.207E+25    1.447E+05    8.743E+07    4.507E-02    5.728E+00    2.132E-30     r       4.6
6.396E+08    1.348E-06    7.207E+25    1.460E+05    9.122E+07    4.659E-02    5.697E+00    2.669E-30     r       4.6
6.389E+08    1.460E-06    7.207E+25    1.487E+05    9.918E+07    4.975E-02    5.636E+00    4.153E-30     r       4.6
6.386E+08    1.519E-06    7.207E+25    1.501E+05    1.034E+08    5.138E-02    5.606E+00    5.163E-30     r       4.6
6.379E+08    1.643E-06    7.207E+25    1.528E+05    1.122E+08    5.478E-02    5.548E+00    7.925E-30     r       4.6
6.376E+08    1.708E-06    7.207E+25    1.541E+05    1.168E+08    5.654E-02    5.519E+00    9.786E-30     r       4.6
6.369E+08    1.843E-06    7.207E+25    1.568E+05    1.265E+08    6.018E-02    5.463E+00    1.483E-29     r       4.6
6.366E+08    1.914E-06    7.207E+25    1.582E+05    1.316E+08    6.207E-02    5.435E+00    1.819E-29     r       4.6
6.359E+08    2.062E-06    7.207E+25    1.609E+05    1.423E+08    6.598E-02    5.381E+00    2.723E-29     r       4.6
6.355E+08    2.140E-06    7.207E+25    1.622E+05    1.479E+08    6.801E-02    5.354E+00    3.321E-29     r       4.6
6.349E+08    2.301E-06    7.207E+25    1.650E+05    1.596E+08    7.220E-02    5.302E+00    4.912E-29     r       4.6
6.345E+08    2.386E-06    7.207E+25    1.663E+05    1.658E+08    7.436E-02    5.277E+00    5.958E-29     r       4.6
6.338E+08    2.562E-06    7.207E+25    1.691E+05    1.787E+08    7.884E-02    5.226E+00    8.716E-29     r       4.6
6.335E+08    2.654E-06    7.207E+25    1.704E+05    1.854E+08    8.116E-02    5.201E+00    1.051E-28     r       4.6
6.328E+08    2.845E-06    7.207E+25    1.732E+05    1.995E+08    8.594E-02    5.153E+00    1.522E-28     r       4.6
6.325E+08    2.945E-06    7.207E+25    1.745E+05    2.069E+08    8.841E-02    5.129E+00    1.827E-28     r       4.6
6.318E+08    3.153E-06    7.207E+25    1.773E+05    2.222E+08    9.352E-02    5.082E+00    2.619E-28     r       4.6
6.315E+08    3.261E-06    7.207E+25    1.787E+05    2.303E+08    9.615E-02    5.059E+00    3.128E-28     r       4.6
6.308E+08    3.486E-06    7.207E+25    1.814E+05    2.470E+08    1.016E-01    5.014E+00    4.441E-28     r       4.6
6.304E+08    3.604E-06    7.207E+25    1.828E+05    2.558E+08    1.044E-01    4.991E+00    5.280E-28     r       4.6
6.298E+08    3.847E-06    7.207E+25    1.856E+05    2.741E+08    1.102E-01    4.948E+00    7.429E-28     r       4.6
6.294E+08    3.974E-06    7.207E+25    1.870E+05    2.836E+08    1.132E-01    4.926E+00    8.793E-28     r       4.6
6.287E+08    4.237E-06    7.207E+25    1.897E+05    3.034E+08    1.193E-01    4.884E+00    1.227E-27     r       4.6
6.284E+08    4.373E-06    7.207E+25    1.911E+05    3.138E+08    1.225E-01    4.863E+00    1.446E-27     r       4.6
6.277E+08    4.657E-06    7.207E+25    1.939E+05    3.353E+08    1.290E-01    4.822E+00    2.001E-27     r       4.6
6.274E+08    4.804E-06    7.207E+25    1.953E+05    3.465E+08    1.324E-01    4.801E+00    2.349E-27     r       4.6
6.267E+08    5.110E-06    7.207E+25    1.981E+05    3.699E+08    1.393E-01    4.762E+00    3.224E-27     r       4.6
6.264E+08    5.268E-06    7.207E+25    1.995E+05    3.820E+08    1.429E-01    4.742E+00    3.771E-27     r       4.6
6.257E+08    5.597E-06    7.207E+25    2.023E+05    4.073E+08    1.502E-01    4.703E+00    5.138E-27     r       4.6
6.253E+08    5.767E-06    7.207E+25    2.037E+05    4.205E+08    1.540E-01    4.684E+00    5.987E-27     r       4.6
6.247E+08    6.120E-06    7.207E+25    2.065E+05    4.478E+08    1.618E-01    4.647E+00    8.100E-27     r       4.6
6.243E+08    6.302E-06    7.207E+25    2.079E+05    4.620E+08    1.658E-01    4.628E+00    9.405E-27     r       4.6
6.237E+08    6.681E-06    7.207E+25    2.107E+05    4.915E+08    1.740E-01    4.592E+00    1.264E-26     r       4.6
6.233E+08    6.876E-06    7.207E+25    2.122E+05    5.068E+08    1.782E-01    4.574E+00    1.462E-26     r       4.6
6.226E+08    7.282E-06    7.207E+25    2.150E+05    5.386E+08    1.869E-01    4.539E+00    1.952E-26     r       4.6
6.223E+08    7.491E-06    7.207E+25    2.164E+05    5.551E+08    1.914E-01    4.521E+00    2.252E-26     r       4.6
6.216E+08    7.925E-06    7.207E+25    2.193E+05    5.893E+08    2.005E-01    4.487E+00    2.987E-26     r       4.6
6.213E+08    8.149E-06    7.207E+25    2.207E+05    6.071E+08    2.052E-01    4.470E+00    3.435E-26     r       4.6
6.206E+08    8.612E-06    7.207E+25    2.235E+05    6.439E+08    2.149E-01    4.437E+00    4.528E-26     r       4.6
6.203E+08    8.851E-06    7.207E+25    2.250E+05    6.630E+08    2.199E-01    4.420E+00    5.192E-26     r       4.6
6.196E+08    9.346E-06    7.207E+25    2.278E+05    7.025E+08    2.301E-01    4.388E+00    6.805E-26     r       4.6
6.192E+08    9.601E-06    7.207E+25    2.293E+05    7.230E+08    2.353E-01    4.372E+00    7.780E-26     r       4.6
6.186E+08    1.013E-05    7.207E+25    2.321E+05    7.655E+08    2.461E-01    4.340E+00    1.014E-25     r       4.6
6.182E+08    1.040E-05    7.207E+25    2.336E+05    7.875E+08    2.516E-01    4.324E+00    1.156E-25     r       4.6
6.175E+08    1.096E-05    7.207E+25    2.364E+05    8.331E+08    2.629E-01    4.294E+00    1.499E-25     r       4.6
6.172E+08    1.125E-05    7.207E+25    2.379E+05    8.566E+08    2.687E-01    4.278E+00    1.705E-25     r       4.6
6.165E+08    1.185E-05    7.207E+25    2.408E+05    9.054E+08    2.806E-01    4.248E+00    2.199E-25     r       4.6
6.162E+08    1.216E-05    7.207E+25    2.422E+05    9.306E+08    2.867E-01    4.234E+00    2.494E-25     r       4.6
6.155E+08    1.279E-05    7.207E+25    2.451E+05    9.828E+08    2.992E-01    4.204E+00    3.201E-25     r       4.6
6.152E+08    1.312E-05    7.207E+25    2.466E+05    1.010E+09    3.056E-01    4.190E+00    3.621E-25     r       4.6
6.145E+08    1.380E-05    7.207E+25    2.495E+05    1.066E+09    3.187E-01    4.161E+00    4.625E-25     r       4.6
6.141E+08    1.414E-05    7.207E+25    2.509E+05    1.095E+09    3.254E-01    4.147E+00    5.221E-25     r       4.6
6.135E+08    1.486E-05    7.207E+25    2.539E+05    1.154E+09    3.392E-01    4.120E+00    6.638E-25     r       4.6
6.131E+08    1.523E-05    7.207E+25    2.553E+05    1.185E+09    3.463E-01    4.106E+00    7.476E-25     r       4.6
6.124E+08    1.599E-05    7.207E+25    2.583E+05    1.249E+09    3.607E-01    4.079E+00    9.462E-25     r       4.6
6.121E+08    1.638E-05    7.207E+25    2.597E+05    1.281E+09    3.682E-01    4.065E+00    1.063E-24     r       4.6
6.114E+08    1.718E-05    7.207E+25    2.627E+05    1.349E+09    3.833E-01    4.039E+00    1.340E-24     r       4.6
6.111E+08    1.760E-05    7.207E+25    2.641E+05    1.384E+09    3.911E-01    4.026E+00    1.503E-24     r       4.6
6.104E+08    1.845E-05    7.207E+25    2.671E+05    1.457E+09    4.070E-01    4.000E+00    1.886E-24     r       4.6
6.101E+08    1.888E-05    7.207E+25    2.686E+05    1.494E+09    4.151E-01    3.987E+00    2.111E-24     r       4.6
6.094E+08    1.979E-05    7.207E+25    2.715E+05    1.571E+09    4.317E-01    3.962E+00    2.638E-24     r       4.6
6.091E+08    2.025E-05    7.207E+25    2.730E+05    1.611E+09    4.402E-01    3.949E+00    2.947E-24     r       4.6
6.084E+08    2.120E-05    7.207E+25    2.760E+05    1.692E+09    4.576E-01    3.924E+00    3.669E-24     r       4.6
6.080E+08    2.169E-05    7.207E+25    2.775E+05    1.735E+09    4.665E-01    3.912E+00    4.090E-24     r       4.6
6.074E+08    2.269E-05    7.207E+25    2.804E+05    1.822E+09    4.847E-01    3.888E+00    5.073E-24     r       4.6
6.070E+08    2.321E-05    7.207E+25    2.819E+05    1.867E+09    4.941E-01    3.876E+00    5.645E-24     r       4.6
6.063E+08    2.427E-05    7.207E+25    2.849E+05    1.959E+09    5.131E-01    3.853E+00    6.977E-24     r       4.6
6.050E+08    2.650E-05    7.207E+25    2.909E+05    2.155E+09    5.529E-01    3.806E+00    1.058E-23     r       4.6
6.043E+08    2.768E-05    7.207E+25    2.939E+05    2.260E+09    5.737E-01    3.784E+00    1.299E-23     r       4.6
6.029E+08    3.016E-05    7.207E+25    3.000E+05    2.480E+09    6.171E-01    3.739E+00    1.944E-23     r       4.6
6.023E+08    3.147E-05    7.207E+25    3.030E+05    2.597E+09    6.397E-01    3.718E+00    2.370E-23     r       4.6
6.009E+08    3.421E-05    7.207E+25    3.091E+05    2.845E+09    6.869E-01    3.675E+00    3.502E-23     r       4.6
6.002E+08    3.566E-05    7.207E+25    3.121E+05    2.976E+09    7.115E-01    3.654E+00    4.244E-23     r       4.6
5.989E+08    3.869E-05    7.207E+25    3.183E+05    3.253E+09    7.628E-01    3.614E+00    6.197E-23     r       4.6
5.982E+08    4.028E-05    7.207E+25    3.213E+05    3.400E+09    7.895E-01    3.594E+00    7.467E-23     r       4.6
5.968E+08    4.361E-05    7.207E+25    3.275E+05    3.709E+09    8.452E-01    3.554E+00    1.078E-22     r       4.6
5.961E+08    4.536E-05    7.207E+25    3.306E+05    3.873E+09    8.741E-01    3.535E+00    1.292E-22     r       4.6
5.948E+08    4.903E-05    7.207E+25    3.368E+05    4.217E+09    9.344E-01    3.498E+00    1.846E-22     r       4.6
5.941E+08    5.095E-05    7.207E+25    3.399E+05    4.399E+09    9.657E-01    3.479E+00    2.201E-22     r       4.6
5.928E+08    5.497E-05    7.207E+25    3.462E+05    4.782E+09    1.031E+00    3.443E+00    3.113E-22     r       4.6
5.921E+08    5.707E-05    7.207E+25    3.493E+05    4.984E+09    1.065E+00    3.425E+00    3.693E-22     r       4.6
5.907E+08    6.147E-05    7.207E+25    3.556E+05    5.409E+09    1.135E+00    3.390E+00    5.175E-22     r       4.6
5.900E+08    6.377E-05    7.207E+25    3.588E+05    5.633E+09    1.172E+00    3.373E+00    6.111E-22     r       4.6
5.887E+08    6.858E-05    7.207E+25    3.651E+05    6.103E+09    1.247E+00    3.339E+00    8.486E-22     r       4.6
5.880E+08    7.109E-05    7.207E+25    3.683E+05    6.351E+09    1.287E+00    3.322E+00    9.978E-22     r       4.6
5.866E+08    7.632E-05    7.207E+25    3.747E+05    6.871E+09    1.368E+00    3.290E+00    1.374E-21     r       4.6
5.860E+08    7.906E-05    7.207E+25    3.779E+05    7.144E+09    1.411E+00    3.274E+00    1.609E-21     r       4.6
5.846E+08    8.476E-05    7.207E+25    3.843E+05    7.718E+09    1.499E+00    3.242E+00    2.197E-21     r       4.6
5.839E+08    8.773E-05    7.207E+25    3.876E+05    8.019E+09    1.544E+00    3.227E+00    2.562E-21     r       4.6
5.826E+08    9.392E-05    7.207E+25    3.941E+05    8.652E+09    1.639E+00    3.196E+00    3.472E-21     r       4.6
5.819E+08    9.714E-05    7.207E+25    3.973E+05    8.983E+09    1.687E+00    3.181E+00    4.034E-21     r       4.6
5.805E+08    1.039E-04    7.207E+25    4.038E+05    9.679E+09    1.789E+00    3.152E+00    5.427E-21     r       4.6
5.799E+08    1.074E-04    7.207E+25    4.071E+05    1.004E+10    1.841E+00    3.137E+00    6.283E-21     r       4.6
5.785E+08    1.146E-04    7.207E+25    4.137E+05    1.081E+10    1.950E+00    3.109E+00    8.393E-21     r       4.6
5.778E+08    1.184E-04    7.207E+25    4.170E+05    1.121E+10    2.006E+00    3.095E+00    9.684E-21     r       4.6
5.765E+08    1.263E-04    7.207E+25    4.236E+05    1.204E+10    2.122E+00    3.067E+00    1.285E-20     r       4.6
5.758E+08    1.304E-04    7.207E+25    4.269E+05    1.248E+10    2.182E+00    3.053E+00    1.478E-20     r       4.6
5.744E+08    1.388E-04    7.207E+25    4.336E+05    1.340E+10    2.306E+00    3.026E+00    1.949E-20     r       4.6
5.737E+08    1.433E-04    7.207E+25    4.369E+05    1.388E+10    2.371E+00    3.013E+00    2.234E-20     r       4.6
5.724E+08    1.524E-04    7.207E+25    4.437E+05    1.488E+10    2.504E+00    2.987E+00    2.928E-20     r       4.6
5.717E+08    1.572E-04    7.207E+25    4.470E+05    1.541E+10    2.572E+00    2.974E+00    3.346E-20     r       4.6
5.703E+08    1.670E-04    7.207E+25    4.538E+05    1.650E+10    2.714E+00    2.949E+00    4.360E-20     r       4.6
5.697E+08    1.721E-04    7.207E+25    4.572E+05    1.707E+10    2.787E+00    2.936E+00    4.970E-20     r       4.6
5.683E+08    1.827E-04    7.207E+25    4.640E+05    1.827E+10    2.939E+00    2.912E+00    6.439E-20     r       4.6
5.676E+08    1.882E-04    7.207E+25    4.674E+05    1.889E+10    3.017E+00    2.900E+00    7.319E-20     r       4.6
5.663E+08    1.996E-04    7.207E+25    4.743E+05    2.020E+10    3.178E+00    2.876E+00    9.432E-20     r       4.6
5.656E+08    2.055E-04    7.207E+25    4.777E+05    2.088E+10    3.261E+00    2.864E+00    1.069E-19     r       4.6
5.642E+08    2.177E-04    7.207E+25    4.846E+05    2.229E+10    3.433E+00    2.841E+00    1.371E-19     r       4.6
5.636E+08    2.241E-04    7.207E+25    4.881E+05    2.303E+10    3.522E+00    2.829E+00    1.550E-19     r       4.6
5.622E+08    2.371E-04    7.207E+25    4.951E+05    2.457E+10    3.705E+00    2.807E+00    1.978E-19     r       4.6
5.615E+08    2.439E-04    7.207E+25    4.986E+05    2.538E+10    3.799E+00    2.796E+00    2.231E-19     r       4.6
5.602E+08    2.579E-04    7.207E+25    5.056E+05    2.705E+10    3.993E+00    2.774E+00    2.833E-19     r       4.6
5.595E+08    2.652E-04    7.207E+25    5.091E+05    2.792E+10    4.094E+00    2.763E+00    3.189E-19     r       4.6
5.581E+08    2.802E-04    7.207E+25    5.162E+05    2.974E+10    4.300E+00    2.741E+00    4.031E-19     r       4.6
5.574E+08    2.879E-04    7.207E+25    5.197E+05    3.068E+10    4.407E+00    2.731E+00    4.527E-19     r       4.6
5.561E+08    3.039E-04    7.207E+25    5.269E+05    3.265E+10    4.626E+00    2.710E+00    5.697E-19     r       4.6
5.554E+08    3.122E-04    7.207E+25    5.304E+05    3.368E+10    4.739E+00    2.699E+00    6.384E-19     r       4.6
5.540E+08    3.293E-04    7.207E+25    5.376E+05    3.581E+10    4.972E+00    2.679E+00    8.001E-19     r       4.6
5.534E+08    3.381E-04    7.207E+25    5.412E+05    3.692E+10    5.092E+00    2.669E+00    8.948E-19     r       4.6
5.520E+08    3.563E-04    7.207E+25    5.484E+05    3.923E+10    5.339E+00    2.649E+00    1.117E-18     r       4.6
5.513E+08    3.657E-04    7.207E+25    5.521E+05    4.043E+10    5.466E+00    2.639E+00    1.246E-18     r       4.6
5.500E+08    3.852E-04    7.207E+25    5.593E+05    4.292E+10    5.727E+00    2.620E+00    1.550E-18     r       4.6
5.493E+08    3.952E-04    7.207E+25    5.630E+05    4.422E+10    5.862E+00    2.610E+00    1.726E-18     r       4.6
5.479E+08    4.158E-04    7.207E+25    5.703E+05    4.691E+10    6.139E+00    2.591E+00    2.138E-18     r       4.6
5.473E+08    4.265E-04    7.207E+25    5.740E+05    4.831E+10    6.282E+00    2.582E+00    2.377E-18     r       4.6
5.459E+08    4.484E-04    7.207E+25    5.814E+05    5.122E+10    6.575E+00    2.563E+00    2.934E-18     r       4.6
5.452E+08    4.598E-04    7.207E+25    5.851E+05    5.273E+10    6.726E+00    2.554E+00    3.257E-18     r       4.6
5.439E+08    4.831E-04    7.207E+25    5.926E+05    5.586E+10    7.037E+00    2.536E+00    4.005E-18     r       4.6
5.432E+08    4.951E-04    7.207E+25    5.963E+05    5.749E+10    7.196E+00    2.527E+00    4.438E-18     r       4.6
5.418E+08    5.199E-04    7.207E+25    6.038E+05    6.087E+10    7.525E+00    2.510E+00    5.439E-18     r       4.6
5.411E+08    5.327E-04    7.207E+25    6.076E+05    6.262E+10    7.693E+00    2.501E+00    6.017E-18     r       4.6
5.398E+08    5.590E-04    7.207E+25    6.151E+05    6.626E+10    8.040E+00    2.483E+00    7.350E-18     r       4.6
5.391E+08    5.725E-04    7.207E+25    6.189E+05    6.815E+10    8.219E+00    2.475E+00    8.118E-18     r       4.6
5.377E+08    6.004E-04    7.207E+25    6.266E+05    7.206E+10    8.585E+00    2.458E+00    9.886E-18     r       4.6
5.371E+08    6.147E-04    7.207E+25    6.304E+05    7.409E+10    8.774E+00    2.450E+00    1.090E-17     r       4.6
5.357E+08    6.442E-04    7.207E+25    6.381E+05    7.831E+10    9.161E+00    2.433E+00    1.324E-17     r       4.6
5.350E+08    6.594E-04    7.207E+25    6.419E+05    8.049E+10    9.359E+00    2.425E+00    1.457E-17     r       4.6
5.337E+08    6.906E-04    7.207E+25    6.497E+05    8.501E+10    9.768E+00    2.409E+00    1.764E-17     r       4.6
5.330E+08    7.067E-04    7.207E+25    6.536E+05    8.736E+10    9.977E+00    2.401E+00    1.939E-17     r       4.6
5.316E+08    7.397E-04    7.207E+25    6.614E+05    9.222E+10    1.041E+01    2.385E+00    2.341E-17     r       4.6
5.310E+08    7.567E-04    7.207E+25    6.653E+05    9.473E+10    1.063E+01    2.377E+00    2.570E-17     r       4.6
5.296E+08    7.916E-04    7.207E+25    6.731E+05    9.995E+10    1.108E+01    2.362E+00    3.094E-17     r       4.6
5.289E+08    8.096E-04    7.207E+25    6.771E+05    1.026E+11    1.132E+01    2.354E+00    3.392E-17     r       4.6
5.276E+08    8.464E-04    7.207E+25    6.850E+05    1.082E+11    1.180E+01    2.339E+00    4.072E-17     r       4.6
5.269E+08    8.654E-04    7.207E+25    6.890E+05    1.111E+11    1.204E+01    2.331E+00    4.459E-17     r       4.6
5.255E+08    9.043E-04    7.207E+25    6.970E+05    1.171E+11    1.255E+01    2.316E+00    5.339E-17     r       4.6
5.248E+08    9.243E-04    7.207E+25    7.010E+05    1.202E+11    1.280E+01    2.309E+00    5.839E-17     r       4.6
5.235E+08    9.654E-04    7.207E+25    7.090E+05    1.267E+11    1.334E+01    2.294E+00    6.974E-17     r       4.6
5.228E+08    9.865E-04    7.207E+25    7.130E+05    1.300E+11    1.361E+01    2.287E+00    7.617E-17     r       4.6
5.215E+08    1.030E-03    7.207E+25    7.212E+05    1.369E+11    1.417E+01    2.273E+00    9.076E-17     r       4.6
5.208E+08    1.052E-03    7.207E+25    7.252E+05    1.404E+11    1.445E+01    2.266E+00    9.901E-17     r       4.6
5.194E+08    1.098E-03    7.207E+25    7.334E+05    1.478E+11    1.504E+01    2.251E+00    1.177E-16     r       4.6
5.187E+08    1.121E-03    7.207E+25    7.375E+05    1.516E+11    1.534E+01    2.244E+00    1.282E-16     r       4.6
5.174E+08    1.169E-03    7.207E+25    7.457E+05    1.595E+11    1.596E+01    2.231E+00    1.521E-16     r       4.6
5.167E+08    1.194E-03    7.207E+25    7.499E+05    1.635E+11    1.628E+01    2.224E+00    1.655E-16     r       4.6
5.153E+08    1.244E-03    7.207E+25    7.582E+05    1.720E+11    1.693E+01    2.210E+00    1.959E-16     r       4.6
5.147E+08    1.270E-03    7.207E+25    7.624E+05    1.763E+11    1.726E+01    2.204E+00    2.129E-16     r       4.6
5.133E+08    1.324E-03    7.207E+25    7.707E+05    1.853E+11    1.795E+01    2.190E+00    2.514E-16     r       4.6
5.126E+08    1.351E-03    7.207E+25    7.749E+05    1.900E+11    1.830E+01    2.184E+00    2.731E-16     r       4.6
5.113E+08    1.407E-03    7.207E+25    7.834E+05    1.996E+11    1.902E+01    2.171E+00    3.217E-16     r       4.6
5.106E+08    1.435E-03    7.207E+25    7.876E+05    2.045E+11    1.939E+01    2.164E+00    3.491E-16     r       4.6
5.092E+08    1.494E-03    7.207E+25    7.961E+05    2.148E+11    2.014E+01    2.151E+00    4.104E-16     r       4.6
5.086E+08    1.524E-03    7.207E+25    8.004E+05    2.201E+11    2.053E+01    2.145E+00    4.448E-16     r       4.6
5.072E+08    1.586E-03    7.207E+25    8.090E+05    2.311E+11    2.132E+01    2.132E+00    5.220E-16     r       4.6
5.045E+08    1.716E-03    7.207E+25    8.263E+05    2.544E+11    2.299E+01    2.108E+00    7.161E-16     r       4.6
5.031E+08    1.784E-03    7.207E+25    8.350E+05    2.669E+11    2.386E+01    2.096E+00    8.372E-16     r       4.6
5.004E+08    1.926E-03    7.207E+25    8.525E+05    2.934E+11    2.569E+01    2.072E+00    1.140E-15     r       4.6
4.990E+08    2.001E-03    7.207E+25    8.614E+05    3.076E+11    2.665E+01    2.060E+00    1.328E-15     r       4.6
4.963E+08    2.158E-03    7.207E+25    8.793E+05    3.377E+11    2.867E+01    2.037E+00    1.796E-15     r       4.5
4.950E+08    2.240E-03    7.207E+25    8.883E+05    3.537E+11    2.973E+01    2.025E+00    2.084E-15     r       4.6
4.923E+08    2.412E-03    7.207E+25    9.064E+05    3.879E+11    3.194E+01    2.003E+00    2.800E-15     r       4.5
4.909E+08    2.502E-03    7.207E+25    9.156E+05    4.060E+11    3.310E+01    1.992E+00    3.240E-15     r       4.5
4.882E+08    2.690E-03    7.207E+25    9.341E+05    4.446E+11    3.553E+01    1.970E+00    4.324E-15     r       4.5
4.868E+08    2.788E-03    7.207E+25    9.434E+05    4.651E+11    3.681E+01    1.960E+00    4.988E-15     r       4.5
4.841E+08    2.994E-03    7.207E+25    9.622E+05    5.088E+11    3.947E+01    1.938E+00    6.617E-15     r       4.5
4.827E+08    3.101E-03    7.207E+25    9.716E+05    5.319E+11    4.087E+01    1.928E+00    7.611E-15     r       4.5
4.800E+08    3.325E-03    7.207E+25    9.907E+05    5.811E+11    4.379E+01    1.908E+00    1.004E-14     r       4.5
4.787E+08    3.442E-03    7.207E+25    1.000E+06    6.073E+11    4.532E+01    1.898E+00    1.152E-14     r       4.5
4.760E+08    3.687E-03    7.207E+25    1.020E+06    6.627E+11    4.852E+01    1.878E+00    1.511E-14     r       4.5
4.746E+08    3.814E-03    7.207E+25    1.030E+06    6.922E+11    5.019E+01    1.868E+00    1.728E-14     r       4.5
4.719E+08    4.080E-03    7.207E+25    1.049E+06    7.546E+11    5.369E+01    1.849E+00    2.256E-14     r       4.5
4.705E+08    4.219E-03    7.207E+25    1.059E+06    7.877E+11    5.552E+01    1.839E+00    2.574E-14     r       4.5
4.678E+08    4.508E-03    7.207E+25    1.079E+06    8.579E+11    5.934E+01    1.821E+00    3.343E-14     r       4.5
4.664E+08    4.659E-03    7.207E+25    1.090E+06    8.952E+11    6.134E+01    1.811E+00    3.806E-14     r       4.5
4.637E+08    4.973E-03    7.207E+25    1.110E+06    9.740E+11    6.551E+01    1.793E+00    4.919E-14     r       4.5
4.624E+08    5.136E-03    7.207E+25    1.120E+06    1.016E+12    6.769E+01    1.784E+00    5.587E-14     r       4.5
4.597E+08    5.476E-03    7.207E+25    1.141E+06    1.104E+12    7.225E+01    1.766E+00    7.189E-14     r       4.5
4.583E+08    5.653E-03    7.207E+25    1.152E+06    1.151E+12    7.463E+01    1.758E+00    8.147E-14     r       4.5
4.556E+08    6.021E-03    7.207E+25    1.173E+06    1.250E+12    7.960E+01    1.740E+00    1.044E-13     r       4.5
4.542E+08    6.213E-03    7.207E+25    1.183E+06    1.303E+12    8.219E+01    1.732E+00    1.180E-13     r       4.5
4.515E+08    6.611E-03    7.207E+25    1.205E+06    1.414E+12    8.761E+01    1.715E+00    1.506E-13     r       4.5
4.502E+08    6.818E-03    7.207E+25    1.216E+06    1.473E+12    9.044E+01    1.706E+00    1.700E-13     r       4.5
4.474E+08    7.248E-03    7.207E+25    1.238E+06    1.597E+12    9.634E+01    1.690E+00    2.161E-13     r       4.5
4.461E+08    7.472E-03    7.207E+25    1.249E+06    1.663E+12    9.942E+01    1.682E+00    2.434E-13     r       4.5
4.434E+08    7.936E-03    7.207E+25    1.271E+06    1.803E+12    1.059E+02    1.666E+00    3.082E-13     r       4.5
4.420E+08    8.177E-03    7.207E+25    1.283E+06    1.876E+12    1.092E+02    1.658E+00    3.465E-13     r       4.5
4.393E+08    8.678E-03    7.207E+25    1.305E+06    2.032E+12    1.162E+02    1.642E+00    4.372E-13     r       4.5
4.379E+08    8.937E-03    7.207E+25    1.317E+06    2.114E+12    1.198E+02    1.634E+00    4.906E-13     r       4.5
4.352E+08    9.476E-03    7.207E+25    1.340E+06    2.288E+12    1.275E+02    1.619E+00    6.169E-13     r       4.5
4.339E+08    9.756E-03    7.207E+25    1.352E+06    2.379E+12    1.314E+02    1.611E+00    6.911E-13     r       4.5
4.311E+08    1.034E-02    7.207E+25    1.375E+06    2.573E+12    1.397E+02    1.596E+00    8.661E-13     r       4.5
4.298E+08    1.064E-02    7.207E+25    1.387E+06    2.676E+12    1.440E+02    1.589E+00    9.688E-13     r       4.5
4.271E+08    1.126E-02    7.207E+25    1.411E+06    2.892E+12    1.530E+02    1.574E+00    1.210E-12     r       4.5
4.257E+08    1.158E-02    7.207E+25    1.423E+06    3.006E+12    1.577E+02    1.567E+00    1.352E-12     r       4.5
4.230E+08    1.225E-02    7.207E+25    1.448E+06    3.247E+12    1.674E+02    1.553E+00    1.683E-12     r       4.5
4.216E+08    1.260E-02    7.207E+25    1.460E+06    3.375E+12    1.725E+02    1.546E+00    1.877E-12     r       4.5
4.189E+08    1.332E-02    7.207E+25    1.485E+06    3.643E+12    1.831E+02    1.531E+00    2.331E-12     r       4.5
4.176E+08    1.369E-02    7.207E+25    1.498E+06    3.785E+12    1.887E+02    1.524E+00    2.595E-12     r       4.5
4.148E+08    1.446E-02    7.207E+25    1.523E+06    4.084E+12    2.002E+02    1.511E+00    3.214E-12     r       4.5
4.135E+08    1.486E-02    7.207E+25    1.536E+06    4.242E+12    2.062E+02    1.504E+00    3.573E-12     r       4.5
4.108E+08    1.568E-02    7.207E+25    1.562E+06    4.575E+12    2.187E+02    1.490E+00    4.413E-12     r       4.5
4.094E+08    1.611E-02    7.207E+25    1.575E+06    4.751E+12    2.252E+02    1.484E+00    4.900E-12     r       4.5
4.067E+08    1.699E-02    7.207E+25    1.602E+06    5.121E+12    2.387E+02    1.470E+00    6.035E-12     r       4.5
4.053E+08    1.745E-02    7.207E+25    1.615E+06    5.316E+12    2.458E+02    1.464E+00    6.693E-12     r       4.5
4.026E+08    1.840E-02    7.207E+25    1.642E+06    5.728E+12    2.605E+02    1.451E+00    8.223E-12     r       4.5
4.013E+08    1.888E-02    7.207E+25    1.656E+06    5.945E+12    2.681E+02    1.444E+00    9.108E-12     r       4.5
3.985E+08    1.989E-02    7.207E+25    1.683E+06    6.403E+12    2.840E+02    1.431E+00    1.116E-11     r       4.5
3.972E+08    2.042E-02    7.207E+25    1.697E+06    6.644E+12    2.923E+02    1.425E+00    1.235E-11     r       4.5
3.945E+08    2.149E-02    7.207E+25    1.725E+06    7.152E+12    3.096E+02    1.413E+00    1.510E-11     r       4.5
3.931E+08    2.205E-02    7.207E+25    1.739E+06    7.420E+12    3.186E+02    1.406E+00    1.669E-11     r       4.5
3.904E+08    2.320E-02    7.207E+25    1.768E+06    7.985E+12    3.373E+02    1.394E+00    2.035E-11     r       4.5
3.890E+08    2.380E-02    7.207E+25    1.782E+06    8.282E+12    3.470E+02    1.388E+00    2.247E-11     r       4.5
3.863E+08    2.502E-02    7.207E+25    1.811E+06    8.909E+12    3.672E+02    1.376E+00    2.735E-11     r       4.5
3.850E+08    2.566E-02    7.207E+25    1.826E+06    9.239E+12    3.778E+02    1.370E+00    3.016E-11     r       4.5
3.822E+08    2.697E-02    7.207E+25    1.856E+06    9.934E+12    3.997E+02    1.358E+00    3.663E-11     r       4.5
3.809E+08    2.764E-02    7.207E+25    1.871E+06    1.030E+13    4.111E+02    1.352E+00    4.035E-11     r       4.5
3.782E+08    2.904E-02    7.207E+25    1.901E+06    1.107E+13    4.348E+02    1.340E+00    4.891E-11     r       4.5
3.768E+08    2.975E-02    7.207E+25    1.916E+06    1.148E+13    4.472E+02    1.334E+00    5.382E-11     r       4.5
3.741E+08    3.124E-02    7.207E+25    1.947E+06    1.233E+13    4.729E+02    1.323E+00    6.511E-11     r       4.5
3.727E+08    3.200E-02    7.207E+25    1.963E+06    1.278E+13    4.862E+02    1.317E+00    7.158E-11     r       4.5
3.700E+08    3.358E-02    7.207E+25    1.995E+06    1.373E+13    5.140E+02    1.305E+00    8.643E-11     r       4.5
3.687E+08    3.439E-02    7.207E+25    2.011E+06    1.423E+13    5.285E+02    1.300E+00    9.493E-11     r       4.5
3.659E+08    3.607E-02    7.207E+25    2.043E+06    1.528E+13    5.585E+02    1.288E+00    1.144E-10     r       4.5
3.646E+08    3.694E-02    7.207E+25    2.059E+06    1.583E+13    5.742E+02    1.283E+00    1.256E-10     r       4.5
3.619E+08    3.872E-02    7.207E+25    2.092E+06    1.700E+13    6.067E+02    1.272E+00    1.511E-10     r       4.5
3.605E+08    3.963E-02    7.207E+25    2.109E+06    1.761E+13    6.236E+02    1.266E+00    1.656E-10     r       4.5
3.578E+08    4.153E-02    7.207E+25    2.142E+06    1.890E+13    6.587E+02    1.255E+00    1.989E-10     r       4.5
3.564E+08    4.250E-02    7.207E+25    2.159E+06    1.958E+13    6.770E+02    1.250E+00    2.179E-10     r       4.5
3.537E+08    4.451E-02    7.207E+25    2.194E+06    2.101E+13    7.150E+02    1.239E+00    2.612E-10     r       4.5
3.524E+08    4.554E-02    7.207E+25    2.211E+06    2.176E+13    7.347E+02    1.234E+00    2.859E-10     r       4.5
3.497E+08    4.767E-02    7.207E+25    2.246E+06    2.334E+13    7.758E+02    1.223E+00    3.423E-10     r       4.5
3.483E+08    4.877E-02    7.207E+25    2.264E+06    2.417E+13    7.972E+02    1.218E+00    3.743E-10     r       4.5
3.456E+08    5.102E-02    7.207E+25    2.299E+06    2.592E+13    8.415E+02    1.207E+00    4.474E-10     r       4.5
3.442E+08    5.218E-02    7.207E+25    2.318E+06    2.684E+13    8.646E+02    1.202E+00    4.889E-10     r       4.5
3.415E+08    5.457E-02    7.207E+25    2.354E+06    2.877E+13    9.125E+02    1.191E+00    5.834E-10     r       4.4
3.401E+08    5.580E-02    7.207E+25    2.373E+06    2.979E+13    9.374E+02    1.186E+00    6.371E-10     r       4.4
3.374E+08    5.833E-02    7.207E+25    2.410E+06    3.193E+13    9.892E+02    1.176E+00    7.591E-10     r       4.4
3.361E+08    5.963E-02    7.207E+25    2.429E+06    3.305E+13    1.016E+03    1.171E+00    8.283E-10     r       4.4
3.334E+08    6.231E-02    7.207E+25    2.467E+06    3.542E+13    1.072E+03    1.161E+00    9.854E-10     r       4.4
3.320E+08    6.368E-02    7.207E+25    2.486E+06    3.666E+13    1.101E+03    1.155E+00    1.074E-09     r       4.4
3.293E+08    6.651E-02    7.207E+25    2.525E+06    3.928E+13    1.161E+03    1.145E+00    1.277E-09     r       4.4
3.279E+08    6.796E-02    7.207E+25    2.545E+06    4.065E+13    1.193E+03    1.140E+00    1.391E-09     r       4.4
3.252E+08    7.095E-02    7.207E+25    2.585E+06    4.354E+13    1.258E+03    1.130E+00    1.650E-09     r       4.4
3.238E+08    7.249E-02    7.207E+25    2.605E+06    4.506E+13    1.292E+03    1.125E+00    1.797E-09     r       4.4
3.211E+08    7.564E-02    7.207E+25    2.645E+06    4.825E+13    1.362E+03    1.115E+00    2.129E-09     r       4.4
3.198E+08    7.727E-02    7.207E+25    2.666E+06    4.993E+13    1.398E+03    1.110E+00    2.317E-09     r       4.4
3.171E+08    8.060E-02    7.207E+25    2.708E+06    5.346E+13    1.474E+03    1.101E+00    2.741E-09     r       4.4
3.157E+08    8.231E-02    7.207E+25    2.729E+06    5.531E+13    1.514E+03    1.096E+00    2.981E-09     r       4.4
3.130E+08    8.582E-02    7.207E+25    2.771E+06    5.921E+13    1.595E+03    1.086E+00    3.522E-09     r       4.4
3.116E+08    8.762E-02    7.207E+25    2.793E+06    6.126E+13    1.638E+03    1.081E+00    3.827E-09     r       4.4
3.089E+08    9.133E-02    7.207E+25    2.836E+06    6.556E+13    1.726E+03    1.071E+00    4.517E-09     r       4.4
3.075E+08    9.323E-02    7.207E+25    2.858E+06    6.782E+13    1.772E+03    1.067E+00    4.906E-09     r       4.4
3.048E+08    9.713E-02    7.207E+25    2.902E+06    7.256E+13    1.867E+03    1.057E+00    5.782E-09     r       4.4
3.035E+08    9.913E-02    7.207E+25    2.925E+06    7.506E+13    1.916E+03    1.052E+00    6.276E-09     r       4.4
3.008E+08    1.032E-01    7.207E+25    2.970E+06    8.029E+13    2.018E+03    1.043E+00    7.388E-09     r       4.4
2.994E+08    1.053E-01    7.207E+25    2.993E+06    8.304E+13    2.072E+03    1.038E+00    8.013E-09     r       4.4
2.967E+08    1.097E-01    7.207E+25    3.040E+06    8.882E+13    2.182E+03    1.028E+00    9.422E-09     r       4.4
2.953E+08    1.119E-01    7.207E+25    3.063E+06    9.185E+13    2.239E+03    1.024E+00    1.021E-08     r       4.4
2.926E+08    1.164E-01    7.207E+25    3.111E+06    9.822E+13    2.358E+03    1.014E+00    1.199E-08     r       4.4
2.913E+08    1.188E-01    7.207E+25    3.135E+06    1.016E+14    2.419E+03    1.010E+00    1.299E-08     r       4.4
2.885E+08    1.235E-01    7.207E+25    3.183E+06    1.086E+14    2.547E+03    1.000E+00    1.524E-08     r       4.4
2.872E+08    1.260E-01    7.207E+25    3.208E+06    1.123E+14    2.613E+03    9.955E-01    1.650E-08     r       4.3
2.845E+08    1.310E-01    7.207E+25    3.257E+06    1.200E+14    2.751E+03    9.862E-01    1.934E-08     r       4.3
2.831E+08    1.336E-01    7.207E+25    3.282E+06    1.241E+14    2.822E+03    9.816E-01    2.092E-08     r       4.3
2.804E+08    1.388E-01    7.207E+25    3.333E+06    1.326E+14    2.970E+03    9.723E-01    2.449E-08     r       4.3
2.790E+08    1.415E-01    7.207E+25    3.359E+06    1.371E+14    3.047E+03    9.677E-01    2.648E-08     r       4.3
2.763E+08    1.470E-01    7.207E+25    3.411E+06    1.464E+14    3.206E+03    9.584E-01    3.095E-08     r       4.3
2.750E+08    1.498E-01    7.207E+25    3.437E+06    1.514E+14    3.289E+03    9.538E-01    3.345E-08     r       4.3
2.722E+08    1.556E-01    7.207E+25    3.490E+06    1.617E+14    3.459E+03    9.446E-01    3.906E-08     r       4.3
2.709E+08    1.586E-01    7.207E+25    3.517E+06    1.671E+14    3.548E+03    9.400E-01    4.219E-08     r       4.3
2.682E+08    1.646E-01    7.207E+25    3.571E+06    1.785E+14    3.732E+03    9.308E-01    4.921E-08     r       4.3
2.668E+08    1.677E-01    7.207E+25    3.598E+06    1.844E+14    3.827E+03    9.262E-01    5.312E-08     r       4.3
2.641E+08    1.740E-01    7.207E+25    3.654E+06    1.969E+14    4.024E+03    9.171E-01    6.188E-08     r       4.3
2.627E+08    1.773E-01    7.207E+25    3.682E+06    2.034E+14    4.126E+03    9.125E-01    6.677E-08     r       4.3
2.600E+08    1.839E-01    7.207E+25    3.739E+06    2.172E+14    4.338E+03    9.033E-01    7.768E-08     r       4.3
2.587E+08    1.873E-01    7.207E+25    3.767E+06    2.244E+14    4.447E+03    8.988E-01    8.377E-08     r       4.3
2.559E+08    1.942E-01    7.207E+25    3.825E+06    2.394E+14    4.674E+03    8.897E-01    9.735E-08     r       4.3
2.546E+08    1.977E-01    7.207E+25    3.854E+06    2.473E+14    4.791E+03    8.851E-01    1.049E-07     r       4.2
2.519E+08    2.049E-01    7.207E+25    3.914E+06    2.639E+14    5.034E+03    8.760E-01    1.218E-07     r       4.2
2.505E+08    2.086E-01    7.207E+25    3.944E+06    2.725E+14    5.160E+03    8.715E-01    1.312E-07     r       4.2
2.478E+08    2.161E-01    7.206E+25    4.004E+06    2.907E+14    5.420E+03    8.624E-01    1.521E-07     r       4.2
2.464E+08    2.199E-01    7.206E+25    4.035E+06    3.002E+14    5.555E+03    8.578E-01    1.637E-07     r       4.2
2.437E+08    2.278E-01    7.206E+25    4.097E+06    3.201E+14    5.834E+03    8.487E-01    1.896E-07     r       4.2
2.424E+08    2.317E-01    7.206E+25    4.128E+06    3.305E+14    5.978E+03    8.442E-01    2.040E-07     r       4.2
2.396E+08    2.399E-01    7.206E+25    4.192E+06    3.523E+14    6.276E+03    8.351E-01    2.360E-07     r       4.2
2.383E+08    2.440E-01    7.206E+25    4.224E+06    3.637E+14    6.429E+03    8.306E-01    2.537E-07     r       4.2
2.356E+08    2.525E-01    7.205E+25    4.288E+06    3.875E+14    6.748E+03    8.215E-01    2.931E-07     r       4.2
2.342E+08    2.568E-01    7.205E+25    4.321E+06    4.000E+14    6.912E+03    8.170E-01    3.150E-07     r       4.2
2.315E+08    2.656E-01    7.205E+25    4.387E+06    4.261E+14    7.252E+03    8.079E-01    3.635E-07     r       4.2
2.301E+08    2.701E-01    7.204E+25    4.421E+06    4.398E+14    7.427E+03    8.033E-01    3.903E-07     r       4.1
2.274E+08    2.792E-01    7.204E+25    4.488E+06    4.683E+14    7.790E+03    7.943E-01    4.498E-07     r       4.1
2.261E+08    2.838E-01    7.203E+25    4.523E+06    4.832E+14    7.977E+03    7.897E-01    4.827E-07     r       4.1
2.233E+08    2.932E-01    7.203E+25    4.592E+06    5.143E+14    8.363E+03    7.806E-01    5.556E-07     r       4.1
2.220E+08    2.980E-01    7.202E+25    4.627E+06    5.305E+14    8.562E+03    7.761E-01    5.959E-07     r       4.1
2.193E+08    3.078E-01    7.201E+25    4.697E+06    5.645E+14    8.973E+03    7.670E-01    6.851E-07     r       4.1
2.179E+08    3.128E-01    7.201E+25    4.733E+06    5.822E+14    9.185E+03    7.625E-01    7.342E-07     r       4.1
2.152E+08    3.229E-01    7.200E+25    4.805E+06    6.192E+14    9.622E+03    7.533E-01    8.429E-07     r       4.1
2.138E+08    3.280E-01    7.199E+25    4.841E+06    6.385E+14    9.847E+03    7.488E-01    9.029E-07     r       4.1
2.111E+08    3.384E-01    7.197E+25    4.915E+06    6.787E+14    1.031E+04    7.397E-01    1.035E-06     r       4.0
2.098E+08    3.437E-01    7.197E+25    4.952E+06    6.997E+14    1.055E+04    7.351E-01    1.108E-06     r       4.0
2.070E+08    3.544E-01    7.195E+25    5.027E+06    7.435E+14    1.104E+04    7.260E-01    1.269E-06     r       4.0
2.057E+08    3.598E-01    7.194E+25    5.065E+06    7.663E+14    1.130E+04    7.214E-01    1.357E-06     r       4.0
2.030E+08    3.709E-01    7.191E+25    5.142E+06    8.137E+14    1.182E+04    7.123E-01    1.551E-06     r       4.0
2.016E+08    3.765E-01    7.190E+25    5.181E+06    8.385E+14    1.208E+04    7.077E-01    1.658E-06     r       4.0
1.989E+08    3.878E-01    7.187E+25    5.259E+06    8.900E+14    1.264E+04    6.986E-01    1.893E-06     r       4.0
1.975E+08    3.936E-01    7.185E+25    5.299E+06    9.168E+14    1.292E+04    6.940E-01    2.022E-06     r       4.0
1.948E+08    4.052E-01    7.181E+25    5.378E+06    9.725E+14    1.350E+04    6.849E-01    2.305E-06     r       3.9
1.935E+08    4.111E-01    7.179E+25    5.419E+06    1.001E+15    1.380E+04    6.803E-01    2.460E-06     r       3.9
1.908E+08    4.230E-01    7.175E+25    5.500E+06    1.062E+15    1.441E+04    6.712E-01    2.800E-06     r       3.9
1.894E+08    4.290E-01    7.172E+25    5.541E+06    1.093E+15    1.473E+04    6.666E-01    2.986E-06     r       3.9
1.867E+08    4.412E-01    7.166E+25    5.624E+06    1.158E+15    1.537E+04    6.574E-01    3.394E-06     r       3.9
1.853E+08    4.473E-01    7.163E+25    5.666E+06    1.192E+15    1.571E+04    6.528E-01    3.616E-06     r       3.9
1.826E+08    4.597E-01    7.156E+25    5.751E+06    1.262E+15    1.638E+04    6.437E-01    4.103E-06     r       3.9
1.812E+08    4.660E-01    7.152E+25    5.793E+06    1.298E+15    1.673E+04    6.391E-01    4.369E-06     r       3.8
1.785E+08    4.787E-01    7.143E+25    5.879E+06    1.374E+15    1.744E+04    6.300E-01    4.949E-06     r       3.8
1.772E+08    4.850E-01    7.138E+25    5.923E+06    1.413E+15    1.781E+04    6.254E-01    5.265E-06     r       3.8
1.745E+08    4.979E-01    7.128E+25    6.011E+06    1.493E+15    1.855E+04    6.162E-01    5.954E-06     r       3.8
1.731E+08    5.044E-01    7.122E+25    6.055E+06    1.535E+15    1.893E+04    6.117E-01    6.329E-06     r       3.8
1.704E+08    5.174E-01    7.109E+25    6.144E+06    1.622E+15    1.971E+04    6.026E-01    7.144E-06     r       3.8
1.690E+08    5.240E-01    7.101E+25    6.189E+06    1.667E+15    2.011E+04    5.980E-01    7.587E-06     r       3.7
1.663E+08    5.372E-01    7.086E+25    6.279E+06    1.759E+15    2.092E+04    5.889E-01    8.549E-06     r       3.7
1.649E+08    5.438E-01    7.077E+25    6.325E+06    1.807E+15    2.133E+04    5.844E-01    9.070E-06     r       3.7
1.622E+08    5.571E-01    7.058E+25    6.417E+06    1.906E+15    2.218E+04    5.753E-01    1.020E-05     r       3.7
1.609E+08    5.638E-01    7.047E+25    6.464E+06    1.957E+15    2.261E+04    5.708E-01    1.081E-05     r       3.7
1.582E+08    5.772E-01    7.024E+25    6.557E+06    2.062E+15    2.348E+04    5.617E-01    1.214E-05     r       3.6
1.568E+08    5.839E-01    7.012E+25    6.604E+06    2.116E+15    2.393E+04    5.572E-01    1.285E-05     r       3.6
1.541E+08    5.974E-01    6.984E+25    6.699E+06    2.228E+15    2.483E+04    5.483E-01    1.440E-05     r       3.6
1.527E+08    6.042E-01    6.969E+25    6.747E+06    2.286E+15    2.530E+04    5.438E-01    1.524E-05     r       3.6
1.500E+08    6.177E-01    6.937E+25    6.843E+06    2.404E+15    2.623E+04    5.349E-01    1.703E-05     r       3.6
1.486E+08    6.244E-01    6.919E+25    6.891E+06    2.465E+15    2.671E+04    5.305E-01    1.800E-05     r       3.5
1.459E+08    6.379E-01    6.881E+25    6.988E+06    2.590E+15    2.767E+04    5.216E-01    2.008E-05     r       3.5
1.446E+08    6.446E-01    6.860E+25    7.037E+06    2.654E+15    2.816E+04    5.172E-01    2.120E-05     r       3.5
1.419E+08    6.581E-01    6.815E+25    7.136E+06    2.785E+15    2.915E+04    5.085E-01    2.360E-05     r       3.5
1.391E+08    6.715E-01    6.766E+25    7.235E+06    2.922E+15    3.015E+04    4.998E-01    2.624E-05     r       3.5
1.364E+08    6.848E-01    6.711E+25    7.334E+06    3.062E+15    3.117E+04    4.912E-01    2.912E-05     r       3.4
1.337E+08    6.980E-01    6.650E+25    7.435E+06    3.207E+15    3.221E+04    4.827E-01    3.228E-05     r       3.4
1.310E+08    7.111E-01    6.584E+25    7.536E+06    3.356E+15    3.326E+04    4.743E-01    3.571E-05     r       3.4
1.283E+08    7.241E-01    6.511E+25    7.637E+06    3.510E+15    3.432E+04    4.659E-01    3.945E-05     r       3.3
1.256E+08    7.370E-01    6.432E+25    7.739E+06    3.667E+15    3.539E+04    4.577E-01    4.352E-05     r       3.3
1.228E+08    7.497E-01    6.345E+25    7.841E+06    3.829E+15    3.646E+04    4.495E-01    4.792E-05     r       3.3
1.201E+08    7.621E-01    6.251E+25    7.943E+06    3.994E+15    3.755E+04    4.415E-01    5.268E-05     r       3.3
1.174E+08    7.744E-01    6.150E+25    8.045E+06    4.164E+15    3.864E+04    4.335E-01    5.781E-05     r       3.2
1.161E+08    7.805E-01    6.097E+25    8.097E+06    4.250E+15    3.919E+04    4.296E-01    6.052E-05     r       3.2
1.147E+08    7.865E-01    6.041E+25    8.148E+06    4.336E+15    3.974E+04    4.257E-01    6.333E-05     r       3.2
1.133E+08    7.925E-01    5.984E+25    8.199E+06    4.424E+15    4.029E+04    4.219E-01    6.625E-05     r       3.2
1.120E+08    7.984E-01    5.924E+25    8.251E+06    4.512E+15    4.083E+04    4.181E-01    6.926E-05     r       3.2
1.106E+08    8.042E-01    5.863E+25    8.302E+06    4.601E+15    4.138E+04    4.143E-01    7.238E-05     r       3.2
1.093E+08    8.099E-01    5.799E+25    8.353E+06    4.691E+15    4.193E+04    4.105E-01    7.561E-05     r       3.1
1.079E+08    8.156E-01    5.733E+25    8.405E+06    4.782E+15    4.248E+04    4.068E-01    7.895E-05     r       3.1
1.065E+08    8.213E-01    5.666E+25    8.456E+06    4.873E+15    4.303E+04    4.031E-01    8.240E-05     r       3.1
1.052E+08    8.268E-01    5.596E+25    8.507E+06    4.965E+15    4.358E+04    3.995E-01    8.595E-05     r       3.1
1.038E+08    8.323E-01    5.524E+25    8.558E+06    5.058E+15    4.413E+04    3.959E-01    8.963E-05     r       3.1
1.025E+08    8.377E-01    5.450E+25    8.609E+06    5.151E+15    4.467E+04    3.923E-01    9.341E-05     r       3.1
1.011E+08    8.430E-01    5.375E+25    8.660E+06    5.244E+15    4.522E+04    3.887E-01    9.731E-05     r       3.1
9.976E+07    8.483E-01    5.297E+25    8.711E+06    5.338E+15    4.576E+04    3.852E-01    1.013E-04     r       3.0
9.840E+07    8.534E-01    5.217E+25    8.761E+06    5.433E+15    4.630E+04    3.818E-01    1.055E-04     r       3.0
9.704E+07    8.585E-01    5.136E+25    8.812E+06    5.528E+15    4.684E+04    3.783E-01    1.097E-04     r       3.0
9.568E+07    8.635E-01    5.052E+25    8.862E+06    5.623E+15    4.738E+04    3.749E-01    1.141E-04     r       3.0
9.433E+07    8.685E-01    4.967E+25    8.912E+06    5.719E+15    4.791E+04    3.716E-01    1.185E-04     r       3.0
9.297E+07    8.733E-01    4.880E+25    8.963E+06    5.815E+15    4.844E+04    3.683E-01    1.231E-04     r       3.0
9.161E+07    8.780E-01    4.791E+25    9.012E+06    5.911E+15    4.897E+04    3.650E-01    1.279E-04     r       3.0
9.025E+07    8.827E-01    4.700E+25    9.062E+06    6.007E+15    4.949E+04    3.617E-01    1.327E-04     r       2.9
8.889E+07    8.873E-01    4.608E+25    9.112E+06    6.104E+15    5.001E+04    3.585E-01    1.376E-04     r       2.9
8.753E+07    8.917E-01    4.515E+25    9.161E+06    6.200E+15    5.053E+04    3.554E-01    1.427E-04     r       2.9
8.618E+07    8.961E-01    4.420E+25    9.210E+06    6.297E+15    5.104E+04    3.523E-01    1.479E-04     r       2.9
8.482E+07    9.004E-01    4.323E+25    9.259E+06    6.393E+15    5.155E+04    3.492E-01    1.532E-04     r       2.9
8.346E+07    9.046E-01    4.226E+25    9.307E+06    6.490E+15    5.206E+04    3.461E-01    1.586E-04     r       2.9
8.210E+07    9.087E-01    4.127E+25    9.356E+06    6.586E+15    5.256E+04    3.431E-01    1.641E-04     r       2.8
8.074E+07    9.127E-01    4.027E+25    9.404E+06    6.682E+15    5.305E+04    3.402E-01    1.697E-04     r       2.8
7.939E+07    9.166E-01    3.927E+25    9.452E+06    6.778E+15    5.354E+04    3.372E-01    1.754E-04     r       2.8
7.803E+07    9.204E-01    3.825E+25    9.499E+06    6.874E+15    5.403E+04    3.343E-01    1.813E-04     r       2.8
7.667E+07    9.241E-01    3.723E+25    9.546E+06    6.969E+15    5.450E+04    3.315E-01    1.872E-04     r       2.8
7.395E+07    9.313E-01    3.518E+25    9.640E+06    7.158E+15    5.544E+04    3.259E-01    1.993E-04     r       2.8
7.260E+07    9.347E-01    3.414E+25    9.686E+06    7.252E+15    5.590E+04    3.232E-01    2.056E-04     r       2.7
6.988E+07    9.412E-01    3.208E+25    9.777E+06    7.438E+15    5.680E+04    3.178E-01    2.183E-04     r       2.7
6.852E+07    9.444E-01    3.104E+25    9.822E+06    7.530E+15    5.724E+04    3.152E-01    2.248E-04     r       2.7
6.784E+07    9.459E-01    3.053E+25    9.845E+06    7.576E+15    5.746E+04    3.139E-01    2.280E-04     r       2.7
6.648E+07    9.489E-01    2.950E+25    9.889E+06    7.667E+15    5.788E+04    3.113E-01    2.346E-04     r       2.6
6.580E+07    9.503E-01    2.899E+25    9.912E+06    7.712E+15    5.809E+04    3.100E-01    2.379E-04     r       2.6
6.445E+07    9.531E-01    2.797E+25    9.956E+06    7.802E+15    5.851E+04    3.075E-01    2.447E-04     r       2.6
6.377E+07    9.545E-01    2.747E+25    9.978E+06    7.846E+15    5.871E+04    3.062E-01    2.480E-04     r       2.6
6.241E+07    9.572E-01    2.646E+25    1.002E+07    7.935E+15    5.912E+04    3.037E-01    2.548E-04     r       2.6
6.173E+07    9.585E-01    2.596E+25    1.004E+07    7.978E+15    5.931E+04    3.025E-01    2.583E-04     r       2.6
6.037E+07    9.610E-01    2.497E+25    1.009E+07    8.065E+15    5.970E+04    3.000E-01    2.652E-04     r       2.5
5.969E+07    9.623E-01    2.448E+25    1.011E+07    8.108E+15    5.990E+04    2.988E-01    2.686E-04     r       2.5
5.834E+07    9.647E-01    2.351E+25    1.015E+07    8.193E+15    6.027E+04    2.964E-01    2.756E-04     r       2.5
5.766E+07    9.658E-01    2.303E+25    1.017E+07    8.235E+15    6.046E+04    2.953E-01    2.791E-04     r       2.5
5.630E+07    9.681E-01    2.208E+25    1.021E+07    8.319E+15    6.082E+04    2.930E-01    2.861E-04     r       2.5
5.562E+07    9.692E-01    2.161E+25    1.023E+07    8.360E+15    6.100E+04    2.918E-01    2.896E-04     r       2.5
5.426E+07    9.713E-01    2.069E+25    1.027E+07    8.442E+15    6.136E+04    2.896E-01    2.966E-04     r       2.5
5.358E+07    9.723E-01    2.023E+25    1.029E+07    8.482E+15    6.153E+04    2.885E-01    3.001E-04     r       2.5
5.222E+07    9.743E-01    1.934E+25    1.033E+07    8.561E+15    6.187E+04    2.864E-01    3.071E-04     r       2.4
5.154E+07    9.752E-01    1.890E+25    1.035E+07    8.601E+15    6.204E+04    2.853E-01    3.106E-04     r       2.4
5.019E+07    9.771E-01    1.803E+25    1.039E+07    8.678E+15    6.236E+04    2.833E-01    3.176E-04     r       2.4
4.951E+07    9.780E-01    1.761E+25    1.041E+07    8.716E+15    6.252E+04    2.822E-01    3.211E-04     r       2.4
4.815E+07    9.797E-01    1.678E+25    1.045E+07    8.792E+15    6.284E+04    2.803E-01    3.281E-04     r       2.4
4.747E+07    9.805E-01    1.638E+25    1.046E+07    8.829E+15    6.299E+04    2.793E-01    3.315E-04     r       2.4
4.611E+07    9.821E-01    1.559E+25    1.050E+07    8.901E+15    6.329E+04    2.773E-01    3.384E-04     r       2.4
4.543E+07    9.828E-01    1.520E+25    1.052E+07    8.937E+15    6.344E+04    2.764E-01    3.419E-04     r       2.4
4.408E+07    9.843E-01    1.445E+25    1.055E+07    9.008E+15    6.373E+04    2.745E-01    3.487E-04     r       2.3
4.340E+07    9.850E-01    1.409E+25    1.057E+07    9.042E+15    6.387E+04    2.736E-01    3.521E-04     r       2.3
4.204E+07    9.863E-01    1.338E+25    1.060E+07    9.110E+15    6.414E+04    2.718E-01    3.589E-04     r       2.3
4.136E+07    9.870E-01    1.303E+25    1.062E+07    9.144E+15    6.427E+04    2.709E-01    3.623E-04     r       2.3
4.000E+07    9.882E-01    1.237E+25    1.066E+07    9.209E+15    6.452E+04    2.691E-01    3.690E-04     r       2.3
3.932E+07    9.888E-01    1.205E+25    1.067E+07    9.241E+15    6.465E+04    2.683E-01    3.723E-04     r       2.2
3.796E+07    9.899E-01    1.143E+25    1.070E+07    9.303E+15    6.489E+04    2.666E-01    3.789E-04     r       2.2
3.728E+07    9.904E-01    1.113E+25    1.072E+07    9.334E+15    6.500E+04    2.657E-01    3.822E-04     r       2.2
3.694E+07    9.907E-01    1.098E+25    1.073E+07    9.349E+15    6.507E+04    2.654E-01    3.837E-04     r       2.5
3.627E+07    9.912E-01    1.070E+25    1.074E+07    9.379E+15    6.518E+04    2.645E-01    3.869E-04     r       2.2
3.593E+07    9.914E-01    1.056E+25    1.075E+07    9.394E+15    6.524E+04    2.642E-01    3.884E-04     r       2.5
3.525E+07    9.919E-01    1.028E+25    1.077E+07    9.423E+15    6.535E+04    2.634E-01    3.916E-04     r       2.1
3.491E+07    9.921E-01    1.015E+25    1.077E+07    9.437E+15    6.541E+04    2.631E-01    3.931E-04     r       2.5
3.423E+07    9.926E-01    9.882E+24    1.079E+07    9.465E+15    6.551E+04    2.622E-01    3.963E-04     r       2.1
3.389E+07    9.928E-01    9.754E+24    1.079E+07    9.479E+15    6.557E+04    2.620E-01    3.977E-04     r       2.5
3.321E+07    9.932E-01    9.502E+24    1.081E+07    9.507E+15    6.566E+04    2.611E-01    4.009E-04     r       2.1
3.287E+07    9.934E-01    9.379E+24    1.082E+07    9.521E+15    6.572E+04    2.608E-01    4.023E-04     r       2.5
3.219E+07    9.938E-01    9.139E+24    1.083E+07    9.548E+15    6.581E+04    2.600E-01    4.054E-04     r       2.0
3.185E+07    9.940E-01    9.022E+24    1.084E+07    9.561E+15    6.587E+04    2.597E-01    4.068E-04     r       2.5
3.117E+07    9.944E-01    8.794E+24    1.085E+07    9.587E+15    6.596E+04    2.589E-01    4.099E-04     r       2.0
3.083E+07    9.945E-01    8.683E+24    1.086E+07    9.600E+15    6.601E+04    2.587E-01    4.112E-04     r       2.5
3.015E+07    9.949E-01    8.467E+24    1.087E+07    9.625E+15    6.609E+04    2.578E-01    4.143E-04     r       1.9
2.981E+07    9.951E-01    8.362E+24    1.088E+07    9.638E+15    6.614E+04    2.576E-01    4.156E-04     r       2.5
2.914E+07    9.954E-01    8.157E+24    1.089E+07    9.662E+15    6.622E+04    2.567E-01    4.187E-04     r       1.9
2.880E+07    9.956E-01    8.057E+24    1.090E+07    9.674E+15    6.627E+04    2.565E-01    4.200E-04     r       2.5
2.812E+07    9.959E-01    7.864E+24    1.091E+07    9.698E+15    6.634E+04    2.557E-01    4.230E-04     r       1.8
2.778E+07    9.960E-01    7.771E+24    1.092E+07    9.710E+15    6.639E+04    2.554E-01    4.243E-04     r       2.5
2.710E+07    9.963E-01    7.589E+24    1.093E+07    9.732E+15    6.649E+04    2.550E-01    4.267E-04     r       2.5
2.676E+07    9.964E-01    7.501E+24    1.093E+07    9.744E+15    6.653E+04    2.547E-01    4.279E-04     r       2.5
2.608E+07    9.967E-01    7.331E+24    1.094E+07    9.766E+15    6.662E+04    2.543E-01    4.302E-04     r       2.5
2.574E+07    9.968E-01    7.249E+24    1.095E+07    9.777E+15    6.667E+04    2.541E-01    4.314E-04     r       2.5
2.506E+07    9.971E-01    7.090E+24    1.096E+07    9.798E+15    6.675E+04    2.537E-01    4.337E-04     r       2.5
2.472E+07    9.972E-01    7.013E+24    1.096E+07    9.808E+15    6.680E+04    2.535E-01    4.348E-04     r       2.5
2.404E+07    9.974E-01    6.865E+24    1.097E+07    9.829E+15    6.688E+04    2.531E-01    4.370E-04     r       2.5
2.370E+07    9.975E-01    6.794E+24    1.098E+07    9.839E+15    6.692E+04    2.529E-01    4.380E-04     r       2.5
2.302E+07    9.977E-01    6.657E+24    1.098E+07    9.858E+15    6.700E+04    2.525E-01    4.401E-04     r       2.5
2.268E+07    9.978E-01    6.591E+24    1.099E+07    9.868E+15    6.704E+04    2.523E-01    4.412E-04     r       2.5
2.201E+07    9.980E-01    6.465E+24    1.100E+07    9.887E+15    6.712E+04    2.520E-01    4.432E-04     r       2.5
2.167E+07    9.981E-01    6.404E+24    1.100E+07    9.896E+15    6.715E+04    2.518E-01    4.442E-04     r       2.5
2.099E+07    9.983E-01    6.288E+24    1.101E+07    9.914E+15    6.723E+04    2.515E-01    4.461E-04     r       2.5
2.065E+07    9.984E-01    6.233E+24    1.101E+07    9.922E+15    6.726E+04    2.513E-01    4.471E-04     r       2.5
1.997E+07    9.985E-01    6.127E+24    1.102E+07    9.939E+15    6.733E+04    2.510E-01    4.489E-04     r       2.5
1.963E+07    9.986E-01    6.076E+24    1.102E+07    9.948E+15    6.736E+04    2.508E-01    4.498E-04     r       2.5
1.946E+07    9.987E-01    6.051E+24    1.103E+07    9.952E+15    6.738E+04    2.507E-01    4.503E-04     r       2.5
1.912E+07    9.987E-01    6.003E+24    1.103E+07    9.960E+15    6.741E+04    2.506E-01    4.511E-04     r       2.5
1.895E+07    9.988E-01    5.980E+24    1.103E+07    9.964E+15    6.743E+04    2.505E-01    4.516E-04     r       2.5
1.861E+07    9.988E-01    5.934E+24    1.104E+07    9.971E+15    6.746E+04    2.504E-01    4.524E-04     r       2.5
1.844E+07    9.989E-01    5.911E+24    1.104E+07    9.975E+15    6.748E+04    2.503E-01    4.528E-04     r       2.5
1.810E+07    9.989E-01    5.868E+24    1.104E+07    9.983E+15    6.751E+04    2.501E-01    4.537E-04     r       2.5
1.793E+07    9.990E-01    5.847E+24    1.104E+07    9.986E+15    6.752E+04    2.501E-01    4.541E-04     r       2.5
1.759E+07    9.990E-01    5.805E+24    1.105E+07    9.994E+15    6.755E+04    2.499E-01    4.549E-04     r       2.5
1.742E+07    9.990E-01    5.785E+24    1.105E+07    9.997E+15    6.757E+04    2.499E-01    4.553E-04     r       2.5
1.708E+07    9.991E-01    5.746E+24    1.105E+07    1.000E+16    6.759E+04    2.497E-01    4.560E-04     r       2.5
1.691E+07    9.991E-01    5.727E+24    1.105E+07    1.001E+16    6.761E+04    2.497E-01    4.564E-04     r       2.5
1.657E+07    9.992E-01    5.690E+24    1.105E+07    1.001E+16    6.764E+04    2.495E-01    4.572E-04     r       2.5
1.640E+07    9.992E-01    5.672E+24    1.106E+07    1.002E+16    6.765E+04    2.495E-01    4.575E-04     r       2.5
1.606E+07    9.993E-01    5.637E+24    1.106E+07    1.002E+16    6.768E+04    2.494E-01    4.583E-04     r       2.5
1.589E+07    9.993E-01    5.620E+24    1.106E+07    1.003E+16    6.769E+04    2.493E-01    4.586E-04     r       2.5
1.555E+07    9.993E-01    5.588E+24    1.106E+07    1.003E+16    6.771E+04    2.492E-01    4.593E-04     r       2.5
1.538E+07    9.994E-01    5.572E+24    1.106E+07    1.004E+16    6.773E+04    2.491E-01    4.597E-04     r       2.5
1.505E+07    9.994E-01    5.541E+24    1.107E+07    1.004E+16    6.775E+04    2.490E-01    4.603E-04     r       2.5
1.488E+07    9.994E-01    5.526E+24    1.107E+07    1.005E+16    6.776E+04    2.490E-01    4.607E-04     r       2.5
1.454E+07    9.995E-01    5.497E+24    1.107E+07    1.005E+16    6.779E+04    2.488E-01    4.613E-04     r       2.5
1.437E+07    9.995E-01    5.483E+24    1.107E+07    1.006E+16    6.780E+04    2.488E-01    4.616E-04     r       2.5
1.403E+07    9.995E-01    5.456E+24    1.107E+07    1.006E+16    6.782E+04    2.487E-01    4.622E-04     r       2.5
1.386E+07    9.995E-01    5.443E+24    1.108E+07    1.006E+16    6.783E+04    2.486E-01    4.626E-04     r       2.5
1.352E+07    9.996E-01    5.418E+24    1.108E+07    1.007E+16    6.785E+04    2.485E-01    4.631E-04     r       2.5
1.335E+07    9.996E-01    5.406E+24    1.108E+07    1.007E+16    6.786E+04    2.485E-01    4.634E-04     r       2.5
1.301E+07    9.996E-01    5.383E+24    1.108E+07    1.008E+16    6.789E+04    2.484E-01    4.640E-04     r       2.5
1.284E+07    9.997E-01    5.372E+24    1.108E+07    1.008E+16    6.790E+04    2.484E-01    4.643E-04     r       2.5
1.250E+07    9.997E-01    5.350E+24    1.108E+07    1.008E+16    6.791E+04    2.483E-01    4.648E-04     r       2.5
1.233E+07    9.997E-01    5.340E+24    1.109E+07    1.009E+16    6.792E+04    2.482E-01    4.650E-04     r       2.5
1.199E+07    9.997E-01    5.320E+24    1.109E+07    1.009E+16    6.794E+04    2.481E-01    4.655E-04     r       2.5
1.182E+07    9.997E-01    5.310E+24    1.109E+07    1.009E+16    6.795E+04    2.481E-01    4.658E-04     r       2.5
1.173E+07    9.997E-01    5.305E+24    1.109E+07    1.009E+16    6.795E+04    2.481E-01    4.659E-04     r       2.5
1.157E+07    9.998E-01    5.296E+24    1.109E+07    1.010E+16    6.796E+04    2.480E-01    4.661E-04     r       2.5
1.148E+07    9.998E-01    5.292E+24    1.109E+07    1.010E+16    6.797E+04    2.480E-01    4.662E-04     r       2.5
1.131E+07    9.998E-01    5.283E+24    1.109E+07    1.010E+16    6.798E+04    2.480E-01    4.665E-04     r       2.5
1.123E+07    9.998E-01    5.279E+24    1.109E+07    1.010E+16    6.798E+04    2.480E-01    4.666E-04     r       2.5
1.106E+07    9.998E-01    5.270E+24    1.109E+07    1.010E+16    6.799E+04    2.479E-01    4.668E-04     r       2.5
1.097E+07    9.998E-01    5.266E+24    1.109E+07    1.010E+16    6.799E+04    2.479E-01    4.669E-04     r       2.5
1.080E+07    9.998E-01    5.258E+24    1.109E+07    1.010E+16    6.800E+04    2.479E-01    4.671E-04     r       2.5
1.072E+07    9.998E-01    5.254E+24    1.109E+07    1.011E+16    6.800E+04    2.479E-01    4.672E-04     r       2.5
1.055E+07    9.998E-01    5.247E+24    1.110E+07    1.011E+16    6.801E+04    2.478E-01    4.674E-04     r       2.5
1.046E+07    9.998E-01    5.243E+24    1.110E+07    1.011E+16    6.801E+04    2.478E-01    4.675E-04     r       2.5
1.029E+07    9.998E-01    5.235E+24    1.110E+07    1.011E+16    6.802E+04    2.478E-01    4.677E-04     r       2.5
1.021E+07    9.999E-01    5.232E+24    1.110E+07    1.011E+16    6.802E+04    2.478E-01    4.678E-04     r       2.5
1.004E+07    9.999E-01    5.225E+24    1.110E+07    1.011E+16    6.803E+04    2.477E-01    4.680E-04     r       2.5
9.952E+06    9.999E-01    5.222E+24    1.110E+07    1.011E+16    6.803E+04    2.477E-01    4.680E-04     r       2.5
9.783E+06    9.999E-01    5.215E+24    1.110E+07    1.011E+16    6.804E+04    2.477E-01    4.682E-04     r       2.5
9.698E+06    9.999E-01    5.212E+24    1.110E+07    1.012E+16    6.804E+04    2.477E-01    4.683E-04     r       2.5
9.528E+06    9.999E-01    5.205E+24    1.110E+07    1.012E+16    6.805E+04    2.477E-01    4.684E-04     r       2.5
9.443E+06    9.999E-01    5.202E+24    1.110E+07    1.012E+16    6.805E+04    2.477E-01    4.685E-04     r       2.5
9.273E+06    9.999E-01    5.196E+24    1.110E+07    1.012E+16    6.806E+04    2.476E-01    4.687E-04     r       2.5
9.188E+06    9.999E-01    5.194E+24    1.110E+07    1.012E+16    6.806E+04    2.476E-01    4.687E-04     r       2.5
9.019E+06    9.999E-01    5.188E+24    1.110E+07    1.012E+16    6.806E+04    2.476E-01    4.689E-04     r       2.5
8.934E+06    9.999E-01    5.185E+24    1.110E+07    1.012E+16    6.807E+04    2.476E-01    4.689E-04     r       2.5
8.764E+06    9.999E-01    5.180E+24    1.110E+07    1.012E+16    6.807E+04    2.476E-01    4.691E-04     r       2.5
8.679E+06    9.999E-01    5.177E+24    1.110E+07    1.012E+16    6.807E+04    2.476E-01    4.691E-04     r       2.5
8.637E+06    9.999E-01    5.176E+24    1.110E+07    1.012E+16    6.807E+04    2.475E-01    4.692E-04     r       2.5
8.552E+06    9.999E-01    5.173E+24    1.110E+07    1.012E+16    6.807E+04    2.475E-01    4.692E-04     r       2.5
8.509E+06    9.999E-01    5.172E+24    1.110E+07    1.012E+16    6.808E+04    2.475E-01    4.692E-04     r       2.5
8.425E+06    9.999E-01    5.170E+24    1.110E+07    1.012E+16    6.808E+04    2.475E-01    4.693E-04     r       2.5
8.382E+06    9.999E-01    5.169E+24    1.110E+07    1.012E+16    6.808E+04    2.475E-01    4.693E-04     r       2.5
8.297E+06    9.999E-01    5.166E+24    1.110E+07    1.012E+16    6.808E+04    2.475E-01    4.694E-04     r       2.5
8.255E+06    9.999E-01    5.165E+24    1.110E+07    1.013E+16    6.808E+04    2.475E-01    4.694E-04     r       2.5
8.170E+06    1.000E+00    5.163E+24    1.110E+07    1.013E+16    6.808E+04    2.475E-01    4.695E-04     r       2.5
8.127E+06    1.000E+00    5.162E+24    1.110E+07    1.013E+16    6.808E+04    2.475E-01    4.695E-04     r       2.5
8.043E+06    1.000E+00    5.159E+24    1.110E+07    1.013E+16    6.809E+04    2.475E-01    4.695E-04     r       2.5
8.000E+06    1.000E+00    5.158E+24    1.110E+07    1.013E+16    6.809E+04    2.475E-01    4.695E-04     r       2.5
7.915E+06    1.000E+00    5.156E+24    1.110E+07    1.013E+16    6.809E+04    2.475E-01    4.696E-04     r       2.5
7.873E+06    1.000E+00    5.155E+24    1.110E+07    1.013E+16    6.809E+04    2.475E-01    4.696E-04     r       2.5
7.788E+06    1.000E+00    5.153E+24    1.110E+07    1.013E+16    6.809E+04    2.475E-01    4.696E-04     r       2.5
7.746E+06    1.000E+00    5.152E+24    1.110E+07    1.013E+16    6.809E+04    2.475E-01    4.697E-04     r       2.5
7.661E+06    1.000E+00    5.150E+24    1.110E+07    1.013E+16    6.809E+04    2.475E-01    4.697E-04     r       2.5
7.618E+06    1.000E+00    5.149E+24    1.110E+07    1.013E+16    6.809E+04    2.475E-01    4.697E-04     r       2.5
7.533E+06    1.000E+00    5.147E+24    1.110E+07    1.013E+16    6.809E+04    2.475E-01    4.697E-04     r       2.5
7.491E+06    1.000E+00    5.146E+24    1.110E+07    1.013E+16    6.809E+04    2.474E-01    4.698E-04     r       2.5
7.470E+06    1.000E+00    5.145E+24    1.110E+07    1.013E+16    6.809E+04    2.474E-01    4.698E-04     r       2.5
7.427E+06    1.000E+00    5.145E+24    1.110E+07    1.013E+16    6.810E+04    2.474E-01    4.698E-04     r       2.5
7.406E+06    1.000E+00    5.144E+24    1.110E+07    1.013E+16    6.810E+04    2.474E-01    4.698E-04     r       2.5
7.364E+06    1.000E+00    5.143E+24    1.110E+07    1.013E+16    6.810E+04    2.474E-01    4.698E-04     r       2.5
7.342E+06    1.000E+00    5.143E+24    1.110E+07    1.013E+16    6.810E+04    2.474E-01    4.698E-04     r       2.5
7.300E+06    1.000E+00    5.142E+24    1.110E+07    1.013E+16    6.810E+04    2.474E-01    4.698E-04     r       2.5
7.279E+06    1.000E+00    5.141E+24    1.110E+07    1.013E+16    6.810E+04    2.474E-01    4.698E-04     r       2.5
7.236E+06    1.000E+00    5.140E+24    1.110E+07    1.013E+16    6.810E+04    2.474E-01    4.698E-04     r       2.5
7.215E+06    1.000E+00    5.140E+24    1.110E+07    1.013E+16    6.810E+04    2.474E-01    4.698E-04     r       2.5
7.173E+06    1.000E+00    5.139E+24    1.110E+07    1.013E+16    6.810E+04    2.474E-01    4.698E-04     r       2.5
7.151E+06    1.000E+00    5.139E+24    1.110E+07    1.013E+16    6.810E+04    2.474E-01    4.698E-04     r       2.5
7.109E+06    1.000E+00    5.138E+24    1.110E+07    1.013E+16    6.810E+04    2.474E-01    4.699E-04     r       2.5
7.088E+06    1.000E+00    5.137E+24    1.110E+07    1.013E+16    6.810E+04    2.474E-01    4.699E-04     r       2.5
7.045E+06    1.000E+00    5.136E+24    1.110E+07    1.013E+16    6.810E+04    2.474E-01    4.699E-04     r       2.5
7.024E+06    1.000E+00    5.136E+24    1.110E+07    1.013E+16    6.810E+04    2.474E-01    4.699E-04     r       2.5
7.013E+06    1.000E+00    5.136E+24    1.110E+07    1.013E+16    6.810E+04    2.474E-01    4.699E-04     r       2.5
6.992E+06    1.000E+00    5.135E+24    1.110E+07    1.013E+16    6.810E+04    2.474E-01    4.699E-04     r       2.5
6.982E+06    1.000E+00    5.135E+24    1.110E+07    1.013E+16    6.810E+04    2.474E-01    4.699E-04     r       2.5
6.960E+06    1.000E+00    5.135E+24    1.110E+07    1.013E+16    6.810E+04    2.474E-01    4.699E-04     r       2.5
6.950E+06    1.000E+00    5.135E+24    1.110E+07    1.013E+16    6.810E+04    2.474E-01    4.699E-04     r       2.5
6.929E+06    1.000E+00    5.134E+24    1.110E+07    1.013E+16    6.810E+04    2.474E-01    4.699E-04     r       2.5
6.918E+06    1.000E+00    5.134E+24    1.110E+07    1.013E+16    6.810E+04    2.474E-01    4.699E-04     r       2.5
6.897E+06    1.000E+00    5.134E+24    1.110E+07    1.013E+16    6.810E+04    2.474E-01    4.699E-04     r       2.5
6.886E+06    1.000E+00    5.133E+24    1.110E+07    1.013E+16    6.810E+04    2.474E-01    4.699E-04     r       2.5
6.865E+06    1.000E+00    5.133E+24    1.110E+07    1.013E+16    6.810E+04    2.474E-01    4.699E-04     r       2.5
6.854E+06    1.000E+00    5.133E+24    1.110E+07    1.013E+16    6.810E+04    2.474E-01    4.699E-04     r       2.5
6.833E+06    1.000E+00    5.132E+24    1.110E+07    1.013E+16    6.810E+04    2.474E-01    4.699E-04     r       2.5
6.822E+06    1.000E+00    5.132E+24    1.110E+07    1.013E+16    6.810E+04    2.474E-01    4.699E-04     r       2.5
6.817E+06    1.000E+00    5.132E+24    1.110E+07    1.013E+16    6.810E+04    2.474E-01    4.699E-04     r       2.5
6.806E+06    1.000E+00    5.132E+24    1.110E+07    1.013E+16    6.810E+04    2.474E-01    4.699E-04     r       2.5
6.801E+06    1.000E+00    5.132E+24    1.110E+07    1.013E+16    6.810E+04    2.474E-01    4.699E-04     r       2.5
6.791E+06    1.000E+00    5.132E+24    1.110E+07    1.013E+16    6.810E+04    2.474E-01    4.699E-04     r       2.5
