   r        Qm       L_r       T        P        rho      kap      eps     fl   dlnPdlnT
2.375E+09    0.000E+00    2.542E+30    2.820E+04    3.742E+03    0.000E+00    4.194E-02    0.000E+00     *      99.9
2.372E+09    4.297E-14    2.542E+30    9.832E+03    3.028E+00    5.093E-09    2.189E-01    3.974E-77     r       2.1
2.370E+09    2.816E-13    2.542E+30    2.658E+04    1.889E+01    5.308E-08    7.116E-02    4.603E-57     c       1.6
2.369E+09    5.780E-13    2.542E+30    3.079E+04    3.866E+01    9.376E-08    6.902E-02    1.665E-54     r       4.7
2.368E+09    8.129E-13    2.542E+30    3.081E+04    5.435E+01    1.317E-07    7.987E-02    2.394E-54     *      99.9
2.368E+09    9.639E-13    2.542E+30    3.083E+04    6.443E+01    1.561E-07    8.647E-02    2.884E-54     *      99.9
2.368E+09    1.049E-12    2.542E+30    3.084E+04    7.016E+01    1.699E-07    9.010E-02    3.171E-54     *      99.9
2.368E+09    1.095E-12    2.542E+30    3.084E+04    7.321E+01    1.773E-07    9.200E-02    3.327E-54     *      99.9
2.367E+09    1.192E-12    2.542E+30    3.085E+04    7.971E+01    1.930E-07    9.600E-02    3.664E-54     *      99.9
2.367E+09    1.244E-12    2.542E+30    3.086E+04    8.317E+01    2.013E-07    9.810E-02    3.848E-54     *      99.9
2.367E+09    1.354E-12    2.542E+30    3.087E+04    9.056E+01    2.191E-07    1.025E-01    4.249E-54     *      99.9
2.367E+09    1.413E-12    2.542E+30    3.088E+04    9.449E+01    2.286E-07    1.048E-01    4.468E-54     *      99.9
2.367E+09    1.538E-12    2.542E+30    3.089E+04    1.029E+02    2.487E-07    1.096E-01    4.949E-54     *      99.9
2.367E+09    1.605E-12    2.542E+30    3.090E+04    1.073E+02    2.594E-07    1.122E-01    5.212E-54     *      99.9
2.367E+09    1.747E-12    2.542E+30    3.092E+04    1.169E+02    2.823E-07    1.174E-01    5.793E-54     *      99.9
2.367E+09    1.823E-12    2.542E+30    3.093E+04    1.219E+02    2.944E-07    1.202E-01    6.113E-54     *      99.9
2.367E+09    1.984E-12    2.542E+30    3.095E+04    1.327E+02    3.203E-07    1.260E-01    6.823E-54     *      99.9
2.366E+09    2.070E-12    2.542E+30    3.097E+04    1.385E+02    3.340E-07    1.290E-01    7.218E-54     *      99.9
2.366E+09    2.253E-12    2.542E+30    3.099E+04    1.507E+02    3.633E-07    1.353E-01    8.098E-54     r      95.6
2.366E+09    2.351E-12    2.542E+30    3.101E+04    1.573E+02    3.788E-07    1.386E-01    8.591E-54     r      86.9
2.366E+09    2.558E-12    2.542E+30    3.104E+04    1.712E+02    4.118E-07    1.454E-01    9.700E-54     r      78.9
2.366E+09    2.668E-12    2.542E+30    3.106E+04    1.786E+02    4.294E-07    1.489E-01    1.033E-53     r      71.7
2.366E+09    2.903E-12    2.542E+30    3.110E+04    1.943E+02    4.667E-07    1.563E-01    1.175E-53     r      65.1
2.366E+09    3.028E-12    2.542E+30    3.112E+04    2.027E+02    4.865E-07    1.601E-01    1.256E-53     r      59.2
2.366E+09    3.295E-12    2.542E+30    3.117E+04    2.206E+02    5.285E-07    1.680E-01    1.441E-53     r      53.8
2.366E+09    3.436E-12    2.542E+30    3.120E+04    2.301E+02    5.508E-07    1.721E-01    1.548E-53     r      49.0
2.365E+09    3.583E-12    2.542E+30    3.123E+04    2.399E+02    3.127E-10    3.435E-02    9.068E-57     r      47.0
2.365E+09    3.583E-12    2.542E+30    3.123E+04    2.399E+02    3.689E-10    3.440E-02    1.070E-56     *      99.9
2.365E+09    3.584E-12    2.542E+30    3.123E+04    2.400E+02    5.137E-10    3.452E-02    1.490E-56     *      99.9
2.363E+09    3.587E-12    2.542E+30    3.123E+04    2.402E+02    9.960E-10    3.488E-02    2.889E-56     *      99.9
2.361E+09    3.604E-12    2.542E+30    3.123E+04    2.413E+02    3.710E-09    3.651E-02    1.077E-55     *      99.9
2.356E+09    3.869E-12    2.542E+30    3.124E+04    2.593E+02    4.576E-08    5.275E-02    1.349E-54     *      99.9
2.354E+09    4.645E-12    2.542E+30    3.130E+04    3.124E+02    1.677E-07    8.667E-02    5.299E-54     r      93.5
2.353E+09    5.620E-12    2.542E+30    3.142E+04    3.792E+02    3.175E-07    1.207E-01    1.140E-53     r      53.2
2.352E+09    6.394E-12    2.542E+30    3.153E+04    4.323E+02    4.336E-07    1.439E-01    1.766E-53     r      36.2
2.352E+09    6.880E-12    2.542E+30    3.161E+04    4.657E+02    5.053E-07    1.571E-01    2.251E-53     r      29.2
2.352E+09    7.152E-12    2.542E+30    3.166E+04    4.844E+02    5.451E-07    1.641E-01    2.559E-53     r      26.0
2.351E+09    7.762E-12    2.542E+30    3.177E+04    5.263E+02    6.330E-07    1.789E-01    3.368E-53     r      23.2
2.351E+09    8.102E-12    2.542E+30    3.184E+04    5.497E+02    6.815E-07    1.866E-01    3.903E-53     r      20.7
2.351E+09    8.863E-12    2.542E+30    3.200E+04    6.020E+02    7.881E-07    2.025E-01    5.362E-53     r      18.4
2.351E+09    9.286E-12    2.542E+30    3.209E+04    6.311E+02    8.465E-07    2.106E-01    6.366E-53     r      16.4
2.350E+09    1.023E-11    2.542E+30    3.230E+04    6.959E+02    9.741E-07    2.271E-01    9.232E-53     r      14.7
2.350E+09    1.075E-11    2.542E+30    3.243E+04    7.319E+02    1.044E-06    2.353E-01    1.129E-52     r      13.2
2.350E+09    1.103E-11    2.542E+30    3.249E+04    7.508E+02    1.080E-06    2.394E-01    1.254E-52     r      12.5
2.350E+09    1.160E-11    2.542E+30    3.263E+04    7.906E+02    1.155E-06    2.475E-01    1.559E-52     r      11.9
2.350E+09    1.191E-11    2.542E+30    3.271E+04    8.116E+02    1.194E-06    2.515E-01    1.746E-52     r      11.3
2.350E+09    1.255E-11    2.542E+30    3.287E+04    8.556E+02    1.275E-06    2.594E-01    2.208E-52     r      10.8
2.350E+09    1.288E-11    2.542E+30    3.296E+04    8.787E+02    1.317E-06    2.632E-01    2.495E-52     r      10.3
2.350E+09    1.359E-11    2.542E+30    3.314E+04    9.273E+02    1.405E-06    2.708E-01    3.213E-52     r       9.8
2.350E+09    1.396E-11    2.542E+30    3.323E+04    9.528E+02    1.450E-06    2.744E-01    3.662E-52     r       9.4
2.349E+09    1.473E-11    2.542E+30    3.343E+04    1.006E+03    1.544E-06    2.815E-01    4.800E-52     r       9.0
2.349E+09    1.514E-11    2.542E+30    3.354E+04    1.034E+03    1.592E-06    2.849E-01    5.520E-52     r       8.6
2.349E+09    1.599E-11    2.542E+30    3.376E+04    1.093E+03    1.692E-06    2.914E-01    7.363E-52     r       8.3
2.349E+09    1.643E-11    2.542E+30    3.388E+04    1.123E+03    1.744E-06    2.945E-01    8.540E-52     r       8.0
2.349E+09    1.736E-11    2.542E+30    3.413E+04    1.188E+03    1.850E-06    3.004E-01    1.158E-51     r       7.7
2.349E+09    1.785E-11    2.542E+30    3.425E+04    1.221E+03    1.905E-06    3.032E-01    1.354E-51     r       7.5
2.349E+09    1.886E-11    2.542E+30    3.452E+04    1.291E+03    2.019E-06    3.084E-01    1.865E-51     r       7.2
2.349E+09    1.939E-11    2.542E+30    3.466E+04    1.328E+03    2.077E-06    3.109E-01    2.197E-51     r       7.0
2.349E+09    2.050E-11    2.542E+30    3.494E+04    1.404E+03    2.197E-06    3.154E-01    3.069E-51     r       6.8
2.348E+09    2.107E-11    2.542E+30    3.509E+04    1.444E+03    2.259E-06    3.175E-01    3.638E-51     r       6.6
2.348E+09    2.227E-11    2.542E+30    3.540E+04    1.527E+03    2.386E-06    3.214E-01    5.145E-51     r       6.5
2.348E+09    2.290E-11    2.542E+30    3.555E+04    1.570E+03    2.452E-06    3.232E-01    6.135E-51     r       6.3
2.348E+09    2.420E-11    2.542E+30    3.588E+04    1.660E+03    2.586E-06    3.264E-01    8.767E-51     r       6.2
2.348E+09    2.488E-11    2.542E+30    3.604E+04    1.707E+03    2.655E-06    3.278E-01    1.050E-50     r       6.0
2.348E+09    2.629E-11    2.542E+30    3.638E+04    1.804E+03    2.797E-06    3.304E-01    1.514E-50     r       5.9
2.348E+09    2.702E-11    2.542E+30    3.656E+04    1.855E+03    2.869E-06    3.316E-01    1.821E-50     r       5.8
2.348E+09    2.854E-11    2.542E+30    3.691E+04    1.960E+03    3.018E-06    3.336E-01    2.643E-50     r       5.7
2.348E+09    2.933E-11    2.542E+30    3.709E+04    2.015E+03    3.095E-06    3.344E-01    3.188E-50     r       5.6
2.347E+09    3.097E-11    2.542E+30    3.746E+04    2.128E+03    3.252E-06    3.359E-01    4.651E-50     r       5.5
2.347E+09    3.182E-11    2.542E+30    3.765E+04    2.187E+03    3.333E-06    3.366E-01    5.623E-50     r       5.4
2.347E+09    3.358E-11    2.542E+30    3.803E+04    2.309E+03    3.498E-06    3.376E-01    8.230E-50     r       5.4
2.347E+09    3.450E-11    2.542E+30    3.823E+04    2.372E+03    3.582E-06    3.380E-01    9.963E-50     r       5.3
2.347E+09    3.639E-11    2.542E+30    3.862E+04    2.503E+03    3.756E-06    3.386E-01    1.461E-49     r       5.2
2.347E+09    3.737E-11    2.542E+30    3.882E+04    2.571E+03    3.845E-06    3.388E-01    1.770E-49     r       5.2
2.347E+09    3.940E-11    2.542E+30    3.923E+04    2.712E+03    4.027E-06    3.390E-01    2.598E-49     r       5.1
2.347E+09    4.046E-11    2.542E+30    3.943E+04    2.785E+03    4.120E-06    3.391E-01    3.147E-49     r       5.1
2.347E+09    4.263E-11    2.542E+30    3.984E+04    2.936E+03    4.311E-06    3.390E-01    4.618E-49     r       5.1
2.346E+09    4.376E-11    2.542E+30    4.005E+04    3.014E+03    4.409E-06    3.389E-01    5.591E-49     r       5.0
2.346E+09    4.609E-11    2.542E+30    4.048E+04    3.175E+03    4.610E-06    3.386E-01    8.192E-49     r       5.0
2.346E+09    4.729E-11    2.542E+30    4.069E+04    3.259E+03    4.712E-06    3.384E-01    9.911E-49     r       4.9
2.346E+09    4.977E-11    2.542E+30    4.112E+04    3.431E+03    4.923E-06    3.379E-01    1.449E-48     r       4.9
2.346E+09    5.106E-11    2.542E+30    4.133E+04    3.520E+03    5.030E-06    3.376E-01    1.751E-48     r       4.9
2.346E+09    5.371E-11    2.542E+30    4.177E+04    3.704E+03    5.250E-06    3.368E-01    2.552E-48     r       4.9
2.346E+09    5.508E-11    2.542E+30    4.199E+04    3.799E+03    5.363E-06    3.364E-01    3.079E-48     r       4.8
2.346E+09    5.791E-11    2.542E+30    4.243E+04    3.995E+03    5.593E-06    3.356E-01    4.474E-48     r       4.8
2.346E+09    5.936E-11    2.542E+30    4.265E+04    4.096E+03    5.711E-06    3.351E-01    5.388E-48     r       4.8
2.345E+09    6.237E-11    2.542E+30    4.310E+04    4.305E+03    5.952E-06    3.341E-01    7.798E-48     r       4.8
2.345E+09    6.392E-11    2.542E+30    4.332E+04    4.413E+03    6.076E-06    3.336E-01    9.372E-48     r       4.8
2.345E+09    6.712E-11    2.542E+30    4.377E+04    4.635E+03    6.328E-06    3.325E-01    1.351E-47     r       4.7
2.345E+09    6.877E-11    2.542E+30    4.400E+04    4.749E+03    6.457E-06    3.319E-01    1.620E-47     r       4.7
2.345E+09    7.217E-11    2.542E+30    4.446E+04    4.985E+03    6.720E-06    3.307E-01    2.325E-47     r       4.7
2.345E+09    7.938E-11    2.542E+30    4.537E+04    5.486E+03    7.271E-06    3.282E-01    4.742E-47     r       4.7
2.345E+09    8.320E-11    2.542E+30    4.584E+04    5.752E+03    7.558E-06    3.269E-01    6.742E-47     r       4.7
2.344E+09    9.129E-11    2.542E+30    4.677E+04    6.315E+03    8.159E-06    3.243E-01    1.349E-46     r       4.6
2.344E+09    9.558E-11    2.542E+30    4.724E+04    6.613E+03    8.471E-06    3.229E-01    1.899E-46     r       4.6
2.344E+09    1.046E-10    2.542E+30    4.818E+04    7.244E+03    9.124E-06    3.202E-01    3.726E-46     r       4.6
2.344E+09    1.094E-10    2.542E+30    4.865E+04    7.577E+03    9.464E-06    3.188E-01    5.193E-46     r       4.6
2.343E+09    1.195E-10    2.542E+30    4.960E+04    8.281E+03    1.017E-05    3.160E-01    9.987E-46     r       4.6
2.343E+09    1.249E-10    2.542E+30    5.008E+04    8.653E+03    1.054E-05    3.146E-01    1.378E-45     r       4.6
2.343E+09    1.361E-10    2.542E+30    5.103E+04    9.437E+03    1.131E-05    3.118E-01    2.600E-45     r       4.6
2.343E+09    1.420E-10    2.542E+30    5.151E+04    9.850E+03    1.171E-05    3.104E-01    3.553E-45     r       4.6
2.342E+09    1.545E-10    2.542E+30    5.248E+04    1.072E+04    1.253E-05    3.077E-01    6.576E-45     r       4.6
2.342E+09    1.611E-10    2.542E+30    5.296E+04    1.118E+04    1.296E-05    3.063E-01    8.904E-45     r       4.6
2.342E+09    1.748E-10    2.542E+30    5.393E+04    1.214E+04    1.386E-05    3.036E-01    1.618E-44     r       4.6
2.342E+09    1.821E-10    2.542E+30    5.441E+04    1.265E+04    1.432E-05    3.023E-01    2.171E-44     r       4.6
2.342E+09    1.973E-10    2.542E+30    5.539E+04    1.371E+04    1.529E-05    2.996E-01    3.874E-44     r       4.5
2.341E+09    2.053E-10    2.542E+30    5.588E+04    1.427E+04    1.578E-05    2.983E-01    5.153E-44     r       4.5
2.341E+09    2.220E-10    2.542E+30    5.686E+04    1.544E+04    1.682E-05    2.957E-01    9.041E-44     r       4.5
2.341E+09    2.308E-10    2.542E+30    5.735E+04    1.605E+04    1.735E-05    2.944E-01    1.193E-43     r       4.5
2.341E+09    2.492E-10    2.542E+30    5.833E+04    1.734E+04    1.847E-05    2.919E-01    2.058E-43     r       4.5
2.341E+09    2.589E-10    2.542E+30    5.882E+04    1.802E+04    1.904E-05    2.906E-01    2.694E-43     r       4.5
2.340E+09    2.790E-10    2.542E+30    5.981E+04    1.943E+04    2.023E-05    2.882E-01    4.577E-43     r       4.5
2.340E+09    2.896E-10    2.542E+30    6.030E+04    2.017E+04    2.085E-05    2.870E-01    5.943E-43     r       4.5
2.340E+09    3.116E-10    2.542E+30    6.129E+04    2.171E+04    2.212E-05    2.846E-01    9.948E-43     r       4.5
2.340E+09    3.231E-10    2.542E+30    6.179E+04    2.252E+04    2.278E-05    2.834E-01    1.282E-42     r       4.5
2.339E+09    3.472E-10    2.542E+30    6.278E+04    2.421E+04    2.414E-05    2.811E-01    2.116E-42     r       4.5
2.339E+09    3.598E-10    2.542E+30    6.328E+04    2.509E+04    2.484E-05    2.800E-01    2.709E-42     r       4.5
2.339E+09    3.860E-10    2.542E+30    6.428E+04    2.693E+04    2.629E-05    2.777E-01    4.408E-42     r       4.5
2.339E+09    3.997E-10    2.542E+30    6.478E+04    2.789E+04    2.704E-05    2.766E-01    5.605E-42     r       4.5
2.338E+09    4.282E-10    2.542E+30    6.577E+04    2.989E+04    2.858E-05    2.744E-01    9.004E-42     r       4.5
2.338E+09    4.430E-10    2.542E+30    6.628E+04    3.094E+04    2.938E-05    2.734E-01    1.138E-41     r       4.5
2.338E+09    4.740E-10    2.542E+30    6.728E+04    3.311E+04    3.102E-05    2.712E-01    1.805E-41     r       4.5
2.338E+09    4.901E-10    2.542E+30    6.778E+04    3.425E+04    3.187E-05    2.702E-01    2.266E-41     r       4.5
2.338E+09    5.237E-10    2.542E+30    6.879E+04    3.661E+04    3.362E-05    2.681E-01    3.552E-41     r       4.5
2.337E+09    5.411E-10    2.542E+30    6.929E+04    3.783E+04    3.452E-05    2.671E-01    4.434E-41     r       4.5
2.337E+09    5.774E-10    2.542E+30    7.030E+04    4.039E+04    3.637E-05    2.651E-01    6.870E-41     r       4.5
2.337E+09    5.963E-10    2.542E+30    7.080E+04    4.172E+04    3.732E-05    2.641E-01    8.528E-41     r       4.5
2.337E+09    6.355E-10    2.542E+30    7.181E+04    4.448E+04    3.929E-05    2.622E-01    1.307E-40     r       4.5
2.336E+09    6.559E-10    2.542E+30    7.232E+04    4.592E+04    4.030E-05    2.612E-01    1.614E-40     r       4.5
2.336E+09    6.982E-10    2.542E+30    7.333E+04    4.890E+04    4.238E-05    2.594E-01    2.447E-40     r       4.5
2.336E+09    7.201E-10    2.542E+30    7.384E+04    5.045E+04    4.345E-05    2.584E-01    3.006E-40     r       4.5
2.336E+09    7.657E-10    2.542E+30    7.485E+04    5.367E+04    4.565E-05    2.566E-01    4.512E-40     r       4.5
2.336E+09    7.893E-10    2.542E+30    7.536E+04    5.534E+04    4.678E-05    2.557E-01    5.515E-40     r       4.5
2.335E+09    8.384E-10    2.542E+30    7.638E+04    5.880E+04    4.910E-05    2.539E-01    8.200E-40     r       4.5
2.335E+09    8.638E-10    2.542E+30    7.689E+04    6.059E+04    5.029E-05    2.530E-01    9.975E-40     r       4.5
2.335E+09    9.164E-10    2.542E+30    7.791E+04    6.432E+04    5.275E-05    2.513E-01    1.469E-39     r       4.5
2.335E+09    9.437E-10    2.542E+30    7.842E+04    6.624E+04    5.401E-05    2.505E-01    1.779E-39     r       4.5
2.334E+09    1.000E-09    2.542E+30    7.944E+04    7.024E+04    5.659E-05    2.488E-01    2.597E-39     r       4.5
2.334E+09    1.029E-09    2.542E+30    7.995E+04    7.231E+04    5.792E-05    2.480E-01    3.131E-39     r       4.5
2.334E+09    1.090E-09    2.542E+30    8.098E+04    7.660E+04    6.064E-05    2.463E-01    4.532E-39     r       4.5
2.334E+09    1.121E-09    2.542E+30    8.149E+04    7.882E+04    6.204E-05    2.455E-01    5.442E-39     r       4.5
2.334E+09    1.186E-09    2.542E+30    8.252E+04    8.341E+04    6.491E-05    2.439E-01    7.811E-39     r       4.5
2.333E+09    1.220E-09    2.542E+30    8.303E+04    8.578E+04    6.638E-05    2.431E-01    9.340E-39     r       4.5
2.333E+09    1.289E-09    2.542E+30    8.406E+04    9.070E+04    6.939E-05    2.416E-01    1.330E-38     r       4.5
2.333E+09    1.325E-09    2.542E+30    8.457E+04    9.323E+04    7.094E-05    2.408E-01    1.584E-38     r       4.5
2.333E+09    1.399E-09    2.542E+30    8.560E+04    9.848E+04    7.411E-05    2.393E-01    2.239E-38     r       4.5
2.332E+09    1.437E-09    2.542E+30    8.612E+04    1.012E+05    7.573E-05    2.385E-01    2.657E-38     r       4.5
2.332E+09    1.516E-09    2.542E+30    8.715E+04    1.068E+05    7.905E-05    2.371E-01    3.727E-38     r       4.5
2.332E+09    1.557E-09    2.542E+30    8.767E+04    1.097E+05    8.076E-05    2.363E-01    4.407E-38     r       4.5
2.332E+09    1.641E-09    2.542E+30    8.870E+04    1.157E+05    8.424E-05    2.349E-01    6.139E-38     r       4.5
2.332E+09    1.684E-09    2.542E+30    8.922E+04    1.188E+05    8.603E-05    2.342E-01    7.233E-38     r       4.5
2.331E+09    1.774E-09    2.542E+30    9.026E+04    1.251E+05    8.969E-05    2.328E-01    1.001E-37     r       4.5
2.331E+09    1.820E-09    2.542E+30    9.078E+04    1.284E+05    9.156E-05    2.321E-01    1.175E-37     r       4.5
2.331E+09    1.915E-09    2.542E+30    9.182E+04    1.352E+05    9.538E-05    2.307E-01    1.615E-37     r       4.5
2.331E+09    1.964E-09    2.542E+30    9.234E+04    1.387E+05    9.734E-05    2.301E-01    1.890E-37     r       4.5
2.330E+09    2.065E-09    2.542E+30    9.338E+04    1.459E+05    1.014E-04    2.287E-01    2.581E-37     r       4.5
2.330E+09    2.118E-09    2.542E+30    9.390E+04    1.496E+05    1.034E-04    2.281E-01    3.012E-37     r       4.5
2.330E+09    2.225E-09    2.542E+30    9.494E+04    1.573E+05    1.076E-04    2.268E-01    4.088E-37     r       4.5
2.330E+09    2.280E-09    2.542E+30    9.546E+04    1.612E+05    1.097E-04    2.261E-01    4.755E-37     r       4.5
2.330E+09    2.394E-09    2.542E+30    9.650E+04    1.693E+05    1.141E-04    2.248E-01    6.416E-37     r       4.5
2.329E+09    2.453E-09    2.542E+30    9.703E+04    1.735E+05    1.164E-04    2.242E-01    7.442E-37     r       4.5
2.329E+09    2.573E-09    2.542E+30    9.807E+04    1.821E+05    1.209E-04    2.230E-01    9.983E-37     r       4.5
2.328E+09    2.829E-09    2.542E+30    1.002E+05    2.004E+05    1.305E-04    2.205E-01    1.777E-36     r       4.5
2.328E+09    2.964E-09    2.542E+30    1.012E+05    2.100E+05    1.355E-04    2.194E-01    2.358E-36     r       4.5
2.328E+09    3.250E-09    2.542E+30    1.033E+05    2.305E+05    1.458E-04    2.170E-01    4.108E-36     r       4.5
2.327E+09    3.401E-09    2.542E+30    1.044E+05    2.413E+05    1.513E-04    2.159E-01    5.395E-36     r       4.5
2.327E+09    3.719E-09    2.542E+30    1.065E+05    2.641E+05    1.625E-04    2.137E-01    9.216E-36     r       4.5
2.326E+09    3.887E-09    2.542E+30    1.075E+05    2.762E+05    1.684E-04    2.126E-01    1.199E-35     r       4.5
2.326E+09    4.241E-09    2.542E+30    1.096E+05    3.016E+05    1.806E-04    2.105E-01    2.010E-35     r       4.5
2.326E+09    4.428E-09    2.542E+30    1.107E+05    3.149E+05    1.869E-04    2.094E-01    2.591E-35     r       4.5
2.325E+09    4.820E-09    2.542E+30    1.128E+05    3.431E+05    2.001E-04    2.074E-01    4.269E-35     r       4.5
2.325E+09    5.026E-09    2.542E+30    1.139E+05    3.580E+05    2.069E-04    2.064E-01    5.456E-35     r       4.5
2.324E+09    5.460E-09    2.542E+30    1.160E+05    3.892E+05    2.211E-04    2.044E-01    8.842E-35     r       4.5
2.324E+09    5.687E-09    2.542E+30    1.171E+05    4.056E+05    2.285E-04    2.035E-01    1.121E-34     r       4.5
2.323E+09    6.165E-09    2.542E+30    1.192E+05    4.400E+05    2.438E-04    2.016E-01    1.789E-34     r       4.5
2.323E+09    6.416E-09    2.542E+30    1.203E+05    4.581E+05    2.517E-04    2.006E-01    2.251E-34     r       4.5
2.322E+09    6.942E-09    2.542E+30    1.224E+05    4.961E+05    2.681E-04    1.988E-01    3.538E-34     r       4.5
2.322E+09    7.217E-09    2.542E+30    1.235E+05    5.160E+05    2.766E-04    1.979E-01    4.421E-34     r       4.5
2.321E+09    7.794E-09    2.542E+30    1.256E+05    5.577E+05    2.942E-04    1.962E-01    6.854E-34     r       4.5
2.321E+09    8.096E-09    2.542E+30    1.267E+05    5.795E+05    3.033E-04    1.953E-01    8.506E-34     r       4.5
2.320E+09    8.727E-09    2.542E+30    1.288E+05    6.253E+05    3.221E-04    1.937E-01    1.301E-33     r       4.5
2.320E+09    9.057E-09    2.542E+30    1.299E+05    6.492E+05    3.319E-04    1.928E-01    1.605E-33     r       4.5
2.320E+09    9.747E-09    2.542E+30    1.321E+05    6.993E+05    3.520E-04    1.912E-01    2.425E-33     r       4.5
2.319E+09    1.011E-08    2.542E+30    1.332E+05    7.254E+05    3.624E-04    1.904E-01    2.971E-33     r       4.5
2.319E+09    1.086E-08    2.542E+30    1.353E+05    7.801E+05    3.839E-04    1.889E-01    4.437E-33     r       4.5
2.318E+09    1.125E-08    2.542E+30    1.364E+05    8.086E+05    3.950E-04    1.881E-01    5.406E-33     r       4.5
2.318E+09    1.207E-08    2.542E+30    1.386E+05    8.682E+05    4.179E-04    1.866E-01    7.981E-33     r       4.5
2.317E+09    1.250E-08    2.542E+30    1.396E+05    8.993E+05    4.297E-04    1.858E-01    9.671E-33     r       4.5
2.317E+09    1.339E-08    2.542E+30    1.418E+05    9.641E+05    4.540E-04    1.844E-01    1.413E-32     r       4.5
2.317E+09    1.385E-08    2.542E+30    1.429E+05    9.979E+05    4.666E-04    1.837E-01    1.703E-32     r       4.5
2.316E+09    1.482E-08    2.542E+30    1.451E+05    1.068E+06    4.925E-04    1.823E-01    2.462E-32     r       4.5
2.316E+09    1.532E-08    2.542E+30    1.462E+05    1.105E+06    5.058E-04    1.816E-01    2.953E-32     r       4.5
2.315E+09    1.636E-08    2.542E+30    1.483E+05    1.181E+06    5.333E-04    1.802E-01    4.227E-32     r       4.5
2.315E+09    1.691E-08    2.542E+30    1.494E+05    1.221E+06    5.474E-04    1.795E-01    5.046E-32     r       4.5
2.314E+09    1.803E-08    2.542E+30    1.516E+05    1.304E+06    5.766E-04    1.782E-01    7.157E-32     r       4.5
2.314E+09    1.862E-08    2.542E+30    1.527E+05    1.347E+06    5.915E-04    1.776E-01    8.505E-32     r       4.5
2.313E+09    1.984E-08    2.542E+30    1.549E+05    1.436E+06    6.224E-04    1.763E-01    1.196E-31     r       4.5
2.313E+09    2.047E-08    2.542E+30    1.560E+05    1.482E+06    6.383E-04    1.756E-01    1.415E-31     r       4.5
2.312E+09    2.178E-08    2.542E+30    1.582E+05    1.579E+06    6.709E-04    1.744E-01    1.972E-31     r       4.5
2.312E+09    2.247E-08    2.542E+30    1.593E+05    1.629E+06    6.876E-04    1.738E-01    2.323E-31     r       4.5
2.312E+09    2.388E-08    2.542E+30    1.615E+05    1.733E+06    7.221E-04    1.726E-01    3.212E-31     r       4.5
2.311E+09    2.461E-08    2.542E+30    1.626E+05    1.787E+06    7.398E-04    1.720E-01    3.770E-31     r       4.5
2.311E+09    2.613E-08    2.542E+30    1.648E+05    1.899E+06    7.762E-04    1.708E-01    5.172E-31     r       4.5
2.310E+09    2.692E-08    2.542E+30    1.659E+05    1.957E+06    7.949E-04    1.703E-01    6.046E-31     r       4.5
2.310E+09    2.854E-08    2.542E+30    1.681E+05    2.077E+06    8.332E-04    1.691E-01    8.233E-31     r       4.5
2.309E+09    2.939E-08    2.542E+30    1.692E+05    2.139E+06    8.529E-04    1.686E-01    9.590E-31     r       4.5
2.309E+09    3.113E-08    2.542E+30    1.714E+05    2.268E+06    8.933E-04    1.675E-01    1.297E-30     r       4.5
2.309E+09    3.204E-08    2.542E+30    1.725E+05    2.335E+06    9.141E-04    1.669E-01    1.505E-30     r       4.5
2.308E+09    3.391E-08    2.542E+30    1.747E+05    2.473E+06    9.566E-04    1.658E-01    2.021E-30     r       4.5
2.308E+09    3.487E-08    2.542E+30    1.758E+05    2.545E+06    9.784E-04    1.653E-01    2.338E-30     r       4.5
2.307E+09    3.687E-08    2.542E+30    1.781E+05    2.693E+06    1.023E-03    1.643E-01    3.118E-30     r       4.5
2.307E+09    3.790E-08    2.542E+30    1.792E+05    2.769E+06    1.046E-03    1.638E-01    3.596E-30     r       4.5
2.306E+09    4.004E-08    2.542E+30    1.814E+05    2.928E+06    1.093E-03    1.628E-01    4.766E-30     r       4.5
2.306E+09    4.114E-08    2.542E+30    1.825E+05    3.010E+06    1.117E-03    1.623E-01    5.478E-30     r       4.5
2.305E+09    4.341E-08    2.542E+30    1.847E+05    3.179E+06    1.166E-03    1.613E-01    7.217E-30     r       4.5
2.305E+09    4.459E-08    2.542E+30    1.858E+05    3.266E+06    1.192E-03    1.608E-01    8.271E-30     r       4.5
2.304E+09    4.701E-08    2.542E+30    1.881E+05    3.447E+06    1.243E-03    1.598E-01    1.083E-29     r       4.5
2.304E+09    4.827E-08    2.542E+30    1.892E+05    3.540E+06    1.270E-03    1.593E-01    1.238E-29     r       4.5
2.304E+09    5.085E-08    2.542E+30    1.914E+05    3.733E+06    1.324E-03    1.584E-01    1.612E-29     r       4.5
2.303E+09    5.218E-08    2.542E+30    1.926E+05    3.832E+06    1.352E-03    1.579E-01    1.837E-29     r       4.5
2.303E+09    5.492E-08    2.542E+30    1.948E+05    4.037E+06    1.409E-03    1.570E-01    2.380E-29     r       4.5
2.302E+09    5.634E-08    2.542E+30    1.959E+05    4.143E+06    1.438E-03    1.566E-01    2.705E-29     r       4.5
2.302E+09    5.926E-08    2.542E+30    1.982E+05    4.361E+06    1.497E-03    1.557E-01    3.485E-29     r       4.5
2.301E+09    6.076E-08    2.542E+30    1.993E+05    4.473E+06    1.527E-03    1.553E-01    3.951E-29     r       4.5
2.301E+09    6.385E-08    2.542E+30    2.015E+05    4.705E+06    1.590E-03    1.544E-01    5.065E-29     r       4.5
2.301E+09    6.545E-08    2.542E+30    2.026E+05    4.825E+06    1.621E-03    1.540E-01    5.728E-29     r       4.5
2.300E+09    6.873E-08    2.542E+30    2.049E+05    5.071E+06    1.686E-03    1.531E-01    7.307E-29     r       4.5
2.300E+09    7.042E-08    2.542E+30    2.060E+05    5.198E+06    1.720E-03    1.527E-01    8.243E-29     r       4.5
2.299E+09    7.389E-08    2.542E+30    2.083E+05    5.459E+06    1.787E-03    1.519E-01    1.047E-28     r       4.5
2.299E+09    7.568E-08    2.542E+30    2.094E+05    5.594E+06    1.822E-03    1.515E-01    1.178E-28     r       4.5
2.298E+09    7.936E-08    2.542E+30    2.117E+05    5.871E+06    1.893E-03    1.507E-01    1.489E-28     r       4.5
2.297E+09    8.715E-08    2.542E+30    2.162E+05    6.458E+06    2.040E-03    1.491E-01    2.358E-28     r       4.5
2.296E+09    9.126E-08    2.542E+30    2.185E+05    6.768E+06    2.117E-03    1.483E-01    2.954E-28     r       4.5
2.295E+09    9.995E-08    2.542E+30    2.230E+05    7.425E+06    2.278E-03    1.468E-01    4.600E-28     r       4.5
2.295E+09    1.045E-07    2.542E+30    2.253E+05    7.772E+06    2.361E-03    1.461E-01    5.718E-28     r       4.5
2.293E+09    1.142E-07    2.542E+30    2.298E+05    8.505E+06    2.535E-03    1.446E-01    8.765E-28     r       4.5
2.293E+09    1.193E-07    2.542E+30    2.321E+05    8.892E+06    2.625E-03    1.439E-01    1.081E-27     r       4.5
2.292E+09    1.300E-07    2.542E+30    2.367E+05    9.707E+06    2.813E-03    1.426E-01    1.633E-27     r       4.5
2.291E+09    1.356E-07    2.542E+30    2.390E+05    1.014E+07    2.911E-03    1.419E-01    2.000E-27     r       4.5
2.290E+09    1.475E-07    2.542E+30    2.436E+05    1.104E+07    3.114E-03    1.406E-01    2.979E-27     r       4.5
2.289E+09    1.537E-07    2.542E+30    2.458E+05    1.152E+07    3.219E-03    1.399E-01    3.624E-27     r       4.5
2.288E+09    1.668E-07    2.542E+30    2.504E+05    1.252E+07    3.437E-03    1.387E-01    5.329E-27     r       4.5
2.288E+09    1.736E-07    2.542E+30    2.527E+05    1.304E+07    3.550E-03    1.380E-01    6.442E-27     r       4.5
2.286E+09    1.880E-07    2.542E+30    2.574E+05    1.415E+07    3.785E-03    1.368E-01    9.356E-27     r       4.5
2.286E+09    1.956E-07    2.542E+30    2.597E+05    1.473E+07    3.906E-03    1.362E-01    1.124E-26     r       4.5
2.285E+09    2.113E-07    2.542E+30    2.643E+05    1.595E+07    4.158E-03    1.351E-01    1.614E-26     r       4.5
2.284E+09    2.196E-07    2.542E+30    2.666E+05    1.658E+07    4.289E-03    1.345E-01    1.929E-26     r       4.5
2.283E+09    2.369E-07    2.542E+30    2.712E+05    1.792E+07    4.558E-03    1.334E-01    2.738E-26     r       4.5
2.282E+09    2.459E-07    2.542E+30    2.736E+05    1.862E+07    4.698E-03    1.328E-01    3.254E-26     r       4.5
2.281E+09    2.648E-07    2.542E+30    2.782E+05    2.009E+07    4.986E-03    1.317E-01    4.573E-26     r       4.5
2.280E+09    2.747E-07    2.542E+30    2.805E+05    2.085E+07    5.135E-03    1.312E-01    5.408E-26     r       4.5
2.279E+09    2.953E-07    2.542E+30    2.852E+05    2.246E+07    5.443E-03    1.302E-01    7.525E-26     r       4.5
2.279E+09    3.061E-07    2.542E+30    2.875E+05    2.329E+07    5.602E-03    1.297E-01    8.855E-26     r       4.5
2.277E+09    3.285E-07    2.542E+30    2.922E+05    2.504E+07    5.931E-03    1.286E-01    1.221E-25     r       4.5
2.277E+09    3.402E-07    2.542E+30    2.946E+05    2.596E+07    6.100E-03    1.282E-01    1.430E-25     r       4.5
2.276E+09    3.646E-07    2.542E+30    2.993E+05    2.787E+07    6.450E-03    1.272E-01    1.954E-25     r       4.5
2.275E+09    3.773E-07    2.542E+30    3.016E+05    2.886E+07    6.630E-03    1.267E-01    2.279E-25     r       4.5
2.274E+09    4.038E-07    2.542E+30    3.063E+05    3.094E+07    7.002E-03    1.258E-01    3.087E-25     r       4.5
2.273E+09    4.175E-07    2.542E+30    3.087E+05    3.202E+07    7.194E-03    1.253E-01    3.586E-25     r       4.5
2.272E+09    4.462E-07    2.542E+30    3.134E+05    3.428E+07    7.589E-03    1.244E-01    4.819E-25     r       4.5
2.271E+09    4.610E-07    2.542E+30    3.157E+05    3.545E+07    7.793E-03    1.240E-01    5.575E-25     r       4.5
2.270E+09    4.920E-07    2.542E+30    3.205E+05    3.789E+07    8.212E-03    1.231E-01    7.435E-25     r       4.5
2.270E+09    5.081E-07    2.542E+30    3.228E+05    3.917E+07    8.427E-03    1.227E-01    8.570E-25     r       4.5
2.269E+09    5.415E-07    2.542E+30    3.276E+05    4.181E+07    8.871E-03    1.218E-01    1.135E-24     r       4.5
2.268E+09    5.588E-07    2.542E+30    3.299E+05    4.319E+07    9.100E-03    1.214E-01    1.303E-24     r       4.5
2.267E+09    5.948E-07    2.542E+30    3.347E+05    4.605E+07    9.570E-03    1.206E-01    1.713E-24     r       4.5
2.266E+09    6.135E-07    2.542E+30    3.371E+05    4.754E+07    9.812E-03    1.202E-01    1.961E-24     r       4.5
2.265E+09    6.522E-07    2.542E+30    3.418E+05    5.063E+07    1.031E-02    1.194E-01    2.560E-24     r       4.5
2.264E+09    6.723E-07    2.542E+30    3.442E+05    5.223E+07    1.056E-02    1.190E-01    2.921E-24     r       4.5
2.263E+09    7.139E-07    2.542E+30    3.490E+05    5.556E+07    1.109E-02    1.182E-01    3.790E-24     r       4.5
2.263E+09    7.354E-07    2.542E+30    3.514E+05    5.729E+07    1.136E-02    1.178E-01    4.310E-24     r       4.5
2.261E+09    7.801E-07    2.542E+30    3.562E+05    6.087E+07    1.191E-02    1.171E-01    5.558E-24     r       4.5
2.261E+09    8.032E-07    2.542E+30    3.586E+05    6.273E+07    1.220E-02    1.167E-01    6.303E-24     r       4.5
2.260E+09    8.510E-07    2.542E+30    3.634E+05    6.658E+07    1.278E-02    1.160E-01    8.080E-24     r       4.5
2.259E+09    8.758E-07    2.542E+30    3.658E+05    6.857E+07    1.308E-02    1.156E-01    9.135E-24     r       4.5
2.258E+09    9.270E-07    2.542E+30    3.706E+05    7.271E+07    1.369E-02    1.149E-01    1.165E-23     r       4.5
2.257E+09    9.535E-07    2.542E+30    3.730E+05    7.485E+07    1.401E-02    1.146E-01    1.313E-23     r       4.5
2.256E+09    1.008E-06    2.542E+30    3.778E+05    7.929E+07    1.466E-02    1.139E-01    1.665E-23     r       4.5
2.255E+09    1.037E-06    2.542E+30    3.802E+05    8.158E+07    1.499E-02    1.135E-01    1.872E-23     r       4.5
2.254E+09    1.095E-06    2.542E+30    3.851E+05    8.633E+07    1.567E-02    1.129E-01    2.361E-23     r       4.5
2.254E+09    1.125E-06    2.542E+30    3.875E+05    8.879E+07    1.602E-02    1.125E-01    2.649E-23     r       4.5
2.252E+09    1.187E-06    2.542E+30    3.923E+05    9.387E+07    1.673E-02    1.119E-01    3.324E-23     r       4.5
2.252E+09    1.220E-06    2.542E+30    3.948E+05    9.650E+07    1.710E-02    1.116E-01    3.720E-23     r       4.5
2.251E+09    1.286E-06    2.542E+30    3.996E+05    1.019E+08    1.785E-02    1.109E-01    4.646E-23     r       4.5
2.250E+09    1.320E-06    2.542E+30    4.021E+05    1.047E+08    1.823E-02    1.106E-01    5.187E-23     r       4.5
2.249E+09    1.391E-06    2.542E+30    4.069E+05    1.105E+08    1.902E-02    1.100E-01    6.448E-23     r       4.5
2.248E+09    1.427E-06    2.542E+30    4.094E+05    1.135E+08    1.942E-02    1.097E-01    7.182E-23     r       4.5
2.247E+09    1.503E-06    2.542E+30    4.143E+05    1.197E+08    2.025E-02    1.091E-01    8.890E-23     r       4.5
2.247E+09    1.541E-06    2.542E+30    4.167E+05    1.229E+08    2.067E-02    1.088E-01    9.879E-23     r       4.5
2.245E+09    1.621E-06    2.542E+30    4.216E+05    1.295E+08    2.153E-02    1.082E-01    1.218E-22     r       4.5
2.245E+09    1.662E-06    2.542E+30    4.240E+05    1.329E+08    2.197E-02    1.079E-01    1.350E-22     r       4.5
2.244E+09    1.747E-06    2.542E+30    4.289E+05    1.399E+08    2.288E-02    1.074E-01    1.657E-22     r       4.5
2.243E+09    1.791E-06    2.542E+30    4.314E+05    1.435E+08    2.334E-02    1.071E-01    1.834E-22     r       4.5
2.242E+09    1.880E-06    2.542E+30    4.363E+05    1.510E+08    2.428E-02    1.065E-01    2.242E-22     r       4.5
2.241E+09    1.927E-06    2.542E+30    4.388E+05    1.548E+08    2.477E-02    1.063E-01    2.477E-22     r       4.5
2.240E+09    2.022E-06    2.542E+30    4.437E+05    1.628E+08    2.575E-02    1.057E-01    3.016E-22     r       4.5
2.239E+09    2.071E-06    2.542E+30    4.462E+05    1.669E+08    2.626E-02    1.055E-01    3.326E-22     r       4.5
2.238E+09    2.171E-06    2.542E+30    4.511E+05    1.753E+08    2.729E-02    1.049E-01    4.035E-22     r       4.5
2.238E+09    2.223E-06    2.542E+30    4.536E+05    1.796E+08    2.782E-02    1.047E-01    4.440E-22     r       4.5
2.236E+09    2.330E-06    2.542E+30    4.585E+05    1.885E+08    2.889E-02    1.042E-01    5.368E-22     r       4.5
2.234E+09    2.554E-06    2.542E+30    4.685E+05    2.075E+08    3.114E-02    1.031E-01    7.792E-22     r       4.5
2.233E+09    2.673E-06    2.542E+30    4.734E+05    2.175E+08    3.231E-02    1.027E-01    9.355E-22     r       4.5
2.231E+09    2.924E-06    2.542E+30    4.834E+05    2.387E+08    3.475E-02    1.017E-01    1.340E-21     r       4.5
2.229E+09    3.056E-06    2.542E+30    4.884E+05    2.499E+08    3.602E-02    1.012E-01    1.599E-21     r       4.5
2.227E+09    3.334E-06    2.542E+30    4.984E+05    2.736E+08    3.867E-02    1.003E-01    2.262E-21     r       4.5
2.226E+09    3.480E-06    2.542E+30    5.034E+05    2.861E+08    4.004E-02    9.986E-02    2.682E-21     r       4.5
2.223E+09    3.788E-06    2.542E+30    5.135E+05    3.125E+08    4.291E-02    9.898E-02    3.751E-21     r       4.5
2.222E+09    3.950E-06    2.542E+30    5.185E+05    3.265E+08    4.439E-02    9.855E-02    4.423E-21     r       4.5
2.220E+09    4.289E-06    2.542E+30    5.286E+05    3.558E+08    4.748E-02    9.770E-02    6.118E-21     r       4.5
2.219E+09    4.468E-06    2.542E+30    5.337E+05    3.713E+08    4.909E-02    9.729E-02    7.177E-21     r       4.5
2.216E+09    4.842E-06    2.542E+30    5.439E+05    4.038E+08    5.242E-02    9.648E-02    9.825E-21     r       4.5
2.215E+09    5.038E-06    2.542E+30    5.489E+05    4.209E+08    5.415E-02    9.609E-02    1.147E-20     r       4.5
2.213E+09    5.449E-06    2.542E+30    5.591E+05    4.568E+08    5.773E-02    9.531E-02    1.555E-20     r       4.5
2.212E+09    5.665E-06    2.542E+30    5.643E+05    4.757E+08    5.959E-02    9.493E-02    1.806E-20     r       4.5
2.209E+09    6.115E-06    2.542E+30    5.745E+05    5.154E+08    6.343E-02    9.419E-02    2.426E-20     r       4.5
2.208E+09    6.351E-06    2.542E+30    5.796E+05    5.362E+08    6.543E-02    9.382E-02    2.806E-20     r       4.5
2.206E+09    6.844E-06    2.542E+30    5.899E+05    5.799E+08    6.955E-02    9.310E-02    3.737E-20     r       4.4
2.204E+09    7.102E-06    2.542E+30    5.951E+05    6.028E+08    7.169E-02    9.275E-02    4.304E-20     r       4.5
2.202E+09    7.640E-06    2.542E+30    6.054E+05    6.508E+08    7.610E-02    9.206E-02    5.685E-20     r       4.4
2.201E+09    7.920E-06    2.542E+30    6.106E+05    6.759E+08    7.839E-02    9.172E-02    6.520E-20     r       4.4
2.198E+09    8.506E-06    2.542E+30    6.209E+05    7.285E+08    8.311E-02    9.106E-02    8.546E-20     r       4.4
2.197E+09    8.812E-06    2.542E+30    6.261E+05    7.560E+08    8.555E-02    9.073E-02    9.765E-20     r       4.4
2.195E+09    9.449E-06    2.542E+30    6.365E+05    8.135E+08    9.059E-02    9.009E-02    1.270E-19     r       4.4
2.194E+09    9.781E-06    2.542E+30    6.418E+05    8.436E+08    9.319E-02    8.977E-02    1.446E-19     r       4.4
2.191E+09    1.047E-05    2.542E+30    6.522E+05    9.064E+08    9.857E-02    8.915E-02    1.869E-19     r       4.4
2.190E+09    1.083E-05    2.542E+30    6.575E+05    9.393E+08    1.013E-01    8.885E-02    2.120E-19     r       4.4
2.188E+09    1.158E-05    2.542E+30    6.680E+05    1.008E+09    1.071E-01    8.825E-02    2.721E-19     r       4.4
2.187E+09    1.197E-05    2.542E+30    6.732E+05    1.044E+09    1.100E-01    8.796E-02    3.077E-19     r       4.4
2.184E+09    1.278E-05    2.542E+30    6.838E+05    1.118E+09    1.161E-01    8.738E-02    3.923E-19     r       4.4
2.183E+09    1.320E-05    2.542E+30    6.891E+05    1.157E+09    1.192E-01    8.709E-02    4.423E-19     r       4.4
2.181E+09    1.408E-05    2.542E+30    6.997E+05    1.238E+09    1.257E-01    8.653E-02    5.605E-19     r       4.4
2.179E+09    1.453E-05    2.542E+30    7.050E+05    1.280E+09    1.290E-01    8.626E-02    6.301E-19     r       4.4
2.177E+09    1.547E-05    2.542E+30    7.156E+05    1.368E+09    1.359E-01    8.572E-02    7.939E-19     r       4.4
2.176E+09    1.596E-05    2.542E+30    7.209E+05    1.414E+09    1.394E-01    8.545E-02    8.899E-19     r       4.4
2.174E+09    1.698E-05    2.542E+30    7.316E+05    1.509E+09    1.467E-01    8.493E-02    1.115E-18     r       4.4
2.172E+09    1.750E-05    2.542E+30    7.370E+05    1.559E+09    1.505E-01    8.467E-02    1.246E-18     r       4.4
2.170E+09    1.859E-05    2.542E+30    7.477E+05    1.662E+09    1.582E-01    8.416E-02    1.554E-18     r       4.4
2.169E+09    1.916E-05    2.542E+30    7.531E+05    1.716E+09    1.621E-01    8.391E-02    1.732E-18     r       4.4
2.166E+09    2.033E-05    2.542E+30    7.638E+05    1.827E+09    1.703E-01    8.342E-02    2.148E-18     r       4.4
2.165E+09    2.094E-05    2.542E+30    7.692E+05    1.885E+09    1.745E-01    8.317E-02    2.389E-18     r       4.4
2.163E+09    2.219E-05    2.542E+30    7.800E+05    2.006E+09    1.831E-01    8.269E-02    2.948E-18     r       4.4
2.162E+09    2.284E-05    2.542E+30    7.855E+05    2.068E+09    1.875E-01    8.246E-02    3.271E-18     r       4.4
2.159E+09    2.419E-05    2.542E+30    7.963E+05    2.198E+09    1.966E-01    8.199E-02    4.018E-18     r       4.4
2.158E+09    2.488E-05    2.542E+30    8.018E+05    2.265E+09    2.013E-01    8.177E-02    4.448E-18     r       4.4
2.156E+09    2.632E-05    2.542E+30    8.127E+05    2.405E+09    2.109E-01    8.132E-02    5.439E-18     r       4.4
2.155E+09    2.706E-05    2.542E+30    8.181E+05    2.477E+09    2.158E-01    8.109E-02    6.008E-18     r       4.4
2.152E+09    2.860E-05    2.542E+30    8.291E+05    2.627E+09    2.259E-01    8.065E-02    7.316E-18     r       4.4
2.151E+09    2.939E-05    2.542E+30    8.346E+05    2.705E+09    2.311E-01    8.044E-02    8.064E-18     r       4.4
2.149E+09    3.103E-05    2.542E+30    8.456E+05    2.866E+09    2.418E-01    8.001E-02    9.778E-18     r       4.4
2.147E+09    3.188E-05    2.542E+30    8.511E+05    2.950E+09    2.472E-01    7.980E-02    1.076E-17     r       4.4
2.145E+09    3.363E-05    2.542E+30    8.621E+05    3.123E+09    2.584E-01    7.939E-02    1.299E-17     r       4.4
2.144E+09    3.453E-05    2.542E+30    8.676E+05    3.212E+09    2.642E-01    7.918E-02    1.426E-17     r       4.4
2.141E+09    3.639E-05    2.542E+30    8.787E+05    3.397E+09    2.760E-01    7.878E-02    1.716E-17     r       4.4
2.140E+09    3.735E-05    2.542E+30    8.843E+05    3.493E+09    2.820E-01    7.858E-02    1.881E-17     r       4.4
2.138E+09    3.932E-05    2.542E+30    8.954E+05    3.692E+09    2.944E-01    7.819E-02    2.255E-17     r       4.4
2.137E+09    4.034E-05    2.542E+30    9.010E+05    3.795E+09    3.008E-01    7.800E-02    2.466E-17     r       4.4
2.134E+09    4.245E-05    2.542E+30    9.121E+05    4.007E+09    3.138E-01    7.761E-02    2.946E-17     r       4.4
2.133E+09    4.353E-05    2.542E+30    9.177E+05    4.117E+09    3.205E-01    7.742E-02    3.217E-17     r       4.4
2.131E+09    4.576E-05    2.542E+30    9.290E+05    4.344E+09    3.341E-01    7.705E-02    3.830E-17     r       4.4
2.130E+09    4.691E-05    2.542E+30    9.346E+05    4.461E+09    3.411E-01    7.687E-02    4.175E-17     r       4.4
2.127E+09    4.928E-05    2.542E+30    9.458E+05    4.703E+09    3.554E-01    7.651E-02    4.954E-17     r       4.4
2.126E+09    5.050E-05    2.542E+30    9.515E+05    4.828E+09    3.628E-01    7.633E-02    5.392E-17     r       4.4
2.124E+09    5.300E-05    2.542E+30    9.628E+05    5.087E+09    3.778E-01    7.597E-02    6.378E-17     r       4.4
2.122E+09    5.429E-05    2.542E+30    9.685E+05    5.220E+09    3.855E-01    7.580E-02    6.931E-17     r       4.4
2.120E+09    5.695E-05    2.542E+30    9.798E+05    5.496E+09    4.012E-01    7.545E-02    8.173E-17     r       4.4
2.119E+09    5.831E-05    2.542E+30    9.855E+05    5.638E+09    4.092E-01    7.528E-02    8.869E-17     r       4.4
2.117E+09    6.112E-05    2.542E+30    9.969E+05    5.931E+09    4.257E-01    7.494E-02    1.043E-16     r       4.4
2.115E+09    6.257E-05    2.542E+30    1.003E+06    6.082E+09    4.341E-01    7.478E-02    1.130E-16     r       4.4
2.113E+09    6.553E-05    2.542E+30    1.014E+06    6.394E+09    4.513E-01    7.445E-02    1.325E-16     r       4.4
2.112E+09    6.706E-05    2.542E+30    1.020E+06    6.555E+09    4.601E-01    7.429E-02    1.433E-16     r       4.4
2.109E+09    7.019E-05    2.542E+30    1.031E+06    6.887E+09    4.781E-01    7.396E-02    1.675E-16     r       4.4
2.108E+09    7.180E-05    2.542E+30    1.037E+06    7.058E+09    4.873E-01    7.381E-02    1.810E-16     r       4.4
2.106E+09    7.511E-05    2.542E+30    1.049E+06    7.411E+09    5.061E-01    7.349E-02    2.111E-16     r       4.4
2.101E+09    8.209E-05    2.542E+30    1.072E+06    8.160E+09    5.454E-01    7.288E-02    2.855E-16     r       4.4
2.099E+09    8.576E-05    2.542E+30    1.083E+06    8.557E+09    5.659E-01    7.258E-02    3.312E-16     r       4.4
2.094E+09    9.351E-05    2.542E+30    1.107E+06    9.399E+09    6.087E-01    7.199E-02    4.435E-16     r       4.4
2.092E+09    9.758E-05    2.542E+30    1.118E+06    9.845E+09    6.310E-01    7.170E-02    5.121E-16     r       4.4
2.087E+09    1.061E-04    2.542E+30    1.142E+06    1.079E+10    6.776E-01    7.114E-02    6.795E-16     r       4.4
2.084E+09    1.106E-04    2.542E+30    1.154E+06    1.129E+10    7.018E-01    7.087E-02    7.810E-16     r       4.4
2.080E+09    1.201E-04    2.542E+30    1.178E+06    1.235E+10    7.523E-01    7.033E-02    1.027E-15     r       4.4
2.077E+09    1.251E-04    2.542E+30    1.189E+06    1.290E+10    7.785E-01    7.007E-02    1.176E-15     r       4.4
2.073E+09    1.355E-04    2.542E+30    1.213E+06    1.408E+10    8.332E-01    6.955E-02    1.534E-15     r       4.4
2.070E+09    1.409E-04    2.542E+30    1.225E+06    1.471E+10    8.616E-01    6.930E-02    1.748E-15     r       4.4
2.065E+09    1.524E-04    2.542E+30    1.250E+06    1.602E+10    9.208E-01    6.880E-02    2.263E-15     r       4.4
2.063E+09    1.583E-04    2.542E+30    1.262E+06    1.671E+10    9.515E-01    6.856E-02    2.570E-15     r       4.4
2.058E+09    1.709E-04    2.542E+30    1.286E+06    1.817E+10    1.015E+00    6.809E-02    3.303E-15     r       4.4
2.056E+09    1.774E-04    2.542E+30    1.298E+06    1.894E+10    1.048E+00    6.785E-02    3.738E-15     r       4.4
2.051E+09    1.911E-04    2.542E+30    1.323E+06    2.056E+10    1.117E+00    6.739E-02    4.770E-15     r       4.4
2.049E+09    1.983E-04    2.542E+30    1.335E+06    2.141E+10    1.153E+00    6.717E-02    5.380E-15     r       4.4
2.044E+09    2.132E-04    2.542E+30    1.360E+06    2.320E+10    1.227E+00    6.673E-02    6.820E-15     r       4.4
2.042E+09    2.210E-04    2.542E+30    1.372E+06    2.414E+10    1.265E+00    6.651E-02    7.667E-15     r       4.4
2.037E+09    2.373E-04    2.542E+30    1.397E+06    2.612E+10    1.345E+00    6.609E-02    9.661E-15     r       4.4
2.035E+09    2.458E-04    2.542E+30    1.409E+06    2.715E+10    1.386E+00    6.588E-02    1.083E-14     r       4.4
2.030E+09    2.635E-04    2.542E+30    1.434E+06    2.933E+10    1.472E+00    6.547E-02    1.356E-14     r       4.4
2.027E+09    2.727E-04    2.542E+30    1.447E+06    3.048E+10    1.516E+00    6.527E-02    1.516E-14     r       4.4
2.023E+09    2.919E-04    2.542E+30    1.472E+06    3.288E+10    1.608E+00    6.487E-02    1.888E-14     r       4.4
2.020E+09    3.019E-04    2.542E+30    1.485E+06    3.414E+10    1.655E+00    6.468E-02    2.104E-14     r       4.4
2.016E+09    3.227E-04    2.542E+30    1.511E+06    3.677E+10    1.753E+00    6.430E-02    2.606E-14     r       4.4
2.013E+09    3.336E-04    2.542E+30    1.523E+06    3.815E+10    1.804E+00    6.411E-02    2.897E-14     r       4.4
2.008E+09    3.561E-04    2.542E+30    1.549E+06    4.105E+10    1.909E+00    6.374E-02    3.570E-14     r       4.4
2.006E+09    3.678E-04    2.542E+30    1.562E+06    4.256E+10    1.963E+00    6.356E-02    3.959E-14     r       4.4
2.001E+09    3.921E-04    2.542E+30    1.588E+06    4.573E+10    2.075E+00    6.320E-02    4.856E-14     r       4.4
1.999E+09    4.047E-04    2.542E+30    1.601E+06    4.738E+10    2.133E+00    6.303E-02    5.371E-14     r       4.4
1.994E+09    4.310E-04    2.542E+30    1.627E+06    5.085E+10    2.253E+00    6.268E-02    6.557E-14     r       4.4
1.992E+09    4.446E-04    2.542E+30    1.640E+06    5.266E+10    2.315E+00    6.251E-02    7.237E-14     r       4.4
1.987E+09    4.728E-04    2.542E+30    1.666E+06    5.645E+10    2.443E+00    6.218E-02    8.796E-14     r       4.4
1.985E+09    4.875E-04    2.542E+30    1.680E+06    5.843E+10    2.509E+00    6.201E-02    9.687E-14     r       4.4
1.980E+09    5.178E-04    2.542E+30    1.706E+06    6.256E+10    2.645E+00    6.169E-02    1.172E-13     r       4.4
1.978E+09    5.336E-04    2.542E+30    1.720E+06    6.471E+10    2.715E+00    6.153E-02    1.288E-13     r       4.4
1.973E+09    5.662E-04    2.542E+30    1.746E+06    6.921E+10    2.860E+00    6.121E-02    1.553E-13     r       4.4
1.971E+09    5.831E-04    2.542E+30    1.760E+06    7.156E+10    2.934E+00    6.106E-02    1.703E-13     r       4.4
1.966E+09    6.181E-04    2.542E+30    1.787E+06    7.646E+10    3.089E+00    6.075E-02    2.045E-13     r       4.4
1.963E+09    6.362E-04    2.542E+30    1.800E+06    7.901E+10    3.168E+00    6.060E-02    2.239E-13     r       4.4
1.959E+09    6.737E-04    2.542E+30    1.827E+06    8.433E+10    3.332E+00    6.031E-02    2.678E-13     r       4.3
1.956E+09    6.931E-04    2.542E+30    1.841E+06    8.711E+10    3.416E+00    6.016E-02    2.926E-13     r       4.3
1.952E+09    7.332E-04    2.542E+30    1.868E+06    9.289E+10    3.590E+00    5.987E-02    3.488E-13     r       4.3
1.949E+09    7.539E-04    2.542E+30    1.882E+06    9.590E+10    3.679E+00    5.973E-02    3.804E-13     r       4.3
1.944E+09    7.968E-04    2.542E+30    1.910E+06    1.022E+11    3.864E+00    5.945E-02    4.519E-13     r       4.3
1.942E+09    8.190E-04    2.542E+30    1.924E+06    1.054E+11    3.959E+00    5.932E-02    4.921E-13     r       4.3
1.937E+09    8.648E-04    2.542E+30    1.952E+06    1.122E+11    4.154E+00    5.904E-02    5.825E-13     r       4.3
1.935E+09    8.884E-04    2.542E+30    1.966E+06    1.157E+11    4.255E+00    5.891E-02    6.333E-13     r       4.3
1.930E+09    9.372E-04    2.542E+30    1.994E+06    1.231E+11    4.462E+00    5.865E-02    7.474E-13     r       4.3
1.928E+09    9.624E-04    2.542E+30    2.008E+06    1.269E+11    4.569E+00    5.852E-02    8.113E-13     r       4.3
1.923E+09    1.014E-03    2.542E+30    2.036E+06    1.349E+11    4.788E+00    5.826E-02    9.545E-13     r       4.3
1.921E+09    1.041E-03    2.542E+30    2.050E+06    1.390E+11    4.901E+00    5.813E-02    1.035E-12     r       4.3
1.916E+09    1.097E-03    2.542E+30    2.079E+06    1.476E+11    5.133E+00    5.788E-02    1.214E-12     r       4.3
1.914E+09    1.125E-03    2.542E+30    2.093E+06    1.520E+11    5.252E+00    5.776E-02    1.313E-12     r       4.3
1.909E+09    1.184E-03    2.542E+30    2.122E+06    1.613E+11    5.497E+00    5.751E-02    1.536E-12     r       4.3
1.906E+09    1.214E-03    2.542E+30    2.136E+06    1.661E+11    5.624E+00    5.739E-02    1.661E-12     r       4.3
1.902E+09    1.277E-03    2.542E+30    2.165E+06    1.761E+11    5.883E+00    5.716E-02    1.937E-12     r       4.3
1.899E+09    1.309E-03    2.542E+30    2.180E+06    1.813E+11    6.016E+00    5.704E-02    2.091E-12     r       4.3
1.895E+09    1.376E-03    2.542E+30    2.209E+06    1.921E+11    6.290E+00    5.681E-02    2.433E-12     r       4.3
1.892E+09    1.410E-03    2.542E+30    2.224E+06    1.976E+11    6.430E+00    5.669E-02    2.622E-12     r       4.3
1.887E+09    1.480E-03    2.542E+30    2.253E+06    2.092E+11    6.719E+00    5.647E-02    3.043E-12     r       4.3
1.885E+09    1.517E-03    2.542E+30    2.268E+06    2.152E+11    6.867E+00    5.635E-02    3.276E-12     r       4.3
1.880E+09    1.591E-03    2.542E+30    2.298E+06    2.277E+11    7.172E+00    5.613E-02    3.793E-12     r       4.3
1.878E+09    1.630E-03    2.542E+30    2.313E+06    2.342E+11    7.328E+00    5.603E-02    4.078E-12     r       4.3
1.873E+09    1.709E-03    2.542E+30    2.343E+06    2.476E+11    7.650E+00    5.581E-02    4.710E-12     r       4.3
1.871E+09    1.749E-03    2.542E+30    2.358E+06    2.545E+11    7.814E+00    5.570E-02    5.059E-12     r       4.3
1.866E+09    1.833E-03    2.542E+30    2.388E+06    2.689E+11    8.153E+00    5.549E-02    5.829E-12     r       4.3
1.864E+09    1.876E-03    2.542E+30    2.403E+06    2.763E+11    8.327E+00    5.539E-02    6.254E-12     r       4.3
1.859E+09    1.964E-03    2.542E+30    2.434E+06    2.918E+11    8.683E+00    5.519E-02    7.190E-12     r       4.3
1.857E+09    2.010E-03    2.542E+30    2.449E+06    2.998E+11    8.866E+00    5.508E-02    7.705E-12     r       4.3
1.852E+09    2.103E-03    2.542E+30    2.480E+06    3.163E+11    9.241E+00    5.488E-02    8.840E-12     r       4.3
1.849E+09    2.151E-03    2.542E+30    2.495E+06    3.249E+11    9.433E+00    5.479E-02    9.464E-12     r       4.3
1.845E+09    2.250E-03    2.542E+30    2.526E+06    3.427E+11    9.828E+00    5.459E-02    1.083E-11     r       4.3
1.842E+09    2.300E-03    2.542E+30    2.542E+06    3.519E+11    1.003E+01    5.449E-02    1.159E-11     r       4.3
1.838E+09    2.404E-03    2.542E+30    2.573E+06    3.709E+11    1.045E+01    5.430E-02    1.324E-11     r       4.3
1.835E+09    2.458E-03    2.542E+30    2.589E+06    3.807E+11    1.066E+01    5.421E-02    1.414E-11     r       4.3
1.830E+09    2.567E-03    2.542E+30    2.620E+06    4.011E+11    1.109E+01    5.402E-02    1.613E-11     r       4.3
1.828E+09    2.623E-03    2.542E+30    2.636E+06    4.116E+11    1.132E+01    5.393E-02    1.722E-11     r       4.3
1.823E+09    2.739E-03    2.542E+30    2.668E+06    4.334E+11    1.178E+01    5.374E-02    1.960E-11     r       4.3
1.821E+09    2.798E-03    2.542E+30    2.684E+06    4.446E+11    1.201E+01    5.365E-02    2.090E-11     r       4.3
1.816E+09    2.920E-03    2.542E+30    2.716E+06    4.679E+11    1.249E+01    5.347E-02    2.374E-11     r       4.3
1.814E+09    2.982E-03    2.542E+30    2.732E+06    4.800E+11    1.274E+01    5.339E-02    2.530E-11     r       4.3
1.809E+09    3.110E-03    2.542E+30    2.764E+06    5.048E+11    1.324E+01    5.321E-02    2.869E-11     r       4.3
1.807E+09    3.175E-03    2.542E+30    2.780E+06    5.177E+11    1.350E+01    5.312E-02    3.054E-11     r       4.3
1.802E+09    3.310E-03    2.542E+30    2.813E+06    5.443E+11    1.403E+01    5.295E-02    3.457E-11     r       4.3
1.800E+09    3.379E-03    2.542E+30    2.829E+06    5.580E+11    1.430E+01    5.287E-02    3.677E-11     r       4.3
1.795E+09    3.520E-03    2.542E+30    2.862E+06    5.864E+11    1.486E+01    5.270E-02    4.156E-11     r       4.3
1.792E+09    3.593E-03    2.542E+30    2.878E+06    6.010E+11    1.514E+01    5.262E-02    4.417E-11     r       4.3
1.788E+09    3.741E-03    2.542E+30    2.912E+06    6.313E+11    1.573E+01    5.245E-02    4.984E-11     r       4.3
1.785E+09    3.817E-03    2.542E+30    2.928E+06    6.469E+11    1.603E+01    5.237E-02    5.293E-11     r       4.3
1.781E+09    3.973E-03    2.542E+30    2.962E+06    6.791E+11    1.664E+01    5.221E-02    5.963E-11     r       4.3
1.771E+09    4.299E-03    2.542E+30    3.029E+06    7.479E+11    1.792E+01    5.189E-02    7.546E-11     r       4.3
1.766E+09    4.471E-03    2.542E+30    3.063E+06    7.845E+11    1.859E+01    5.174E-02    8.477E-11     r       4.3
1.757E+09    4.830E-03    2.542E+30    3.132E+06    8.625E+11    1.999E+01    5.143E-02    1.066E-10     r       4.3
1.752E+09    5.018E-03    2.542E+30    3.166E+06    9.040E+11    2.073E+01    5.128E-02    1.195E-10     r       4.3
1.743E+09    5.411E-03    2.542E+30    3.236E+06    9.923E+11    2.226E+01    5.099E-02    1.495E-10     r       4.3
1.738E+09    5.617E-03    2.542E+30    3.271E+06    1.039E+12    2.307E+01    5.085E-02    1.669E-10     r       4.3
1.728E+09    6.048E-03    2.542E+30    3.342E+06    1.139E+12    2.475E+01    5.057E-02    2.078E-10     r       4.3
1.724E+09    6.273E-03    2.542E+30    3.378E+06    1.192E+12    2.563E+01    5.043E-02    2.315E-10     r       4.3
1.714E+09    6.744E-03    2.542E+30    3.450E+06    1.304E+12    2.747E+01    5.016E-02    2.867E-10     r       4.3
1.709E+09    6.989E-03    2.542E+30    3.486E+06    1.364E+12    2.843E+01    5.002E-02    3.187E-10     r       4.3
1.700E+09    7.502E-03    2.542E+30    3.560E+06    1.491E+12    3.043E+01    4.976E-02    3.928E-10     r       4.3
1.695E+09    7.770E-03    2.542E+30    3.597E+06    1.558E+12    3.148E+01    4.963E-02    4.356E-10     r       4.3
1.686E+09    8.328E-03    2.542E+30    3.671E+06    1.701E+12    3.366E+01    4.938E-02    5.344E-10     r       4.3
1.681E+09    8.619E-03    2.542E+30    3.709E+06    1.776E+12    3.481E+01    4.926E-02    5.913E-10     r       4.3
1.671E+09    9.226E-03    2.542E+30    3.785E+06    1.936E+12    3.719E+01    4.901E-02    7.225E-10     r       4.3
1.667E+09    9.541E-03    2.542E+30    3.823E+06    2.021E+12    3.843E+01    4.889E-02    7.978E-10     r       4.3
1.657E+09    1.020E-02    2.542E+30    3.901E+06    2.201E+12    4.102E+01    4.865E-02    9.707E-10     r       4.2
1.652E+09    1.054E-02    2.542E+30    3.940E+06    2.296E+12    4.237E+01    4.854E-02    1.070E-09     r       4.2
1.643E+09    1.125E-02    2.542E+30    4.018E+06    2.497E+12    4.518E+01    4.831E-02    1.297E-09     r       4.2
1.638E+09    1.163E-02    2.542E+30    4.058E+06    2.603E+12    4.665E+01    4.820E-02    1.426E-09     r       4.2
1.629E+09    1.240E-02    2.542E+30    4.138E+06    2.828E+12    4.970E+01    4.798E-02    1.722E-09     r       4.2
1.624E+09    1.280E-02    2.542E+30    4.179E+06    2.947E+12    5.129E+01    4.787E-02    1.891E-09     r       4.2
1.614E+09    1.363E-02    2.542E+30    4.260E+06    3.198E+12    5.461E+01    4.765E-02    2.275E-09     r       4.2
1.610E+09    1.406E-02    2.542E+30    4.301E+06    3.331E+12    5.633E+01    4.755E-02    2.493E-09     r       4.2
1.600E+09    1.496E-02    2.542E+30    4.384E+06    3.611E+12    5.992E+01    4.734E-02    2.990E-09     r       4.2
1.595E+09    1.543E-02    2.542E+30    4.426E+06    3.759E+12    6.179E+01    4.723E-02    3.272E-09     r       4.2
1.586E+09    1.639E-02    2.542E+30    4.511E+06    4.071E+12    6.568E+01    4.703E-02    3.910E-09     r       4.2
1.581E+09    1.690E-02    2.542E+30    4.553E+06    4.236E+12    6.771E+01    4.693E-02    4.272E-09     r       4.2
1.572E+09    1.794E-02    2.542E+30    4.639E+06    4.584E+12    7.192E+01    4.674E-02    5.090E-09     r       4.2
1.567E+09    1.848E-02    2.542E+30    4.683E+06    4.768E+12    7.411E+01    4.664E-02    5.552E-09     r       4.2
1.557E+09    1.959E-02    2.542E+30    4.770E+06    5.155E+12    7.866E+01    4.645E-02    6.596E-09     r       4.2
1.553E+09    2.017E-02    2.542E+30    4.815E+06    5.359E+12    8.103E+01    4.635E-02    7.185E-09     r       4.2
1.543E+09    2.137E-02    2.542E+30    4.904E+06    5.789E+12    8.595E+01    4.617E-02    8.511E-09     r       4.2
1.538E+09    2.199E-02    2.542E+30    4.949E+06    6.016E+12    8.850E+01    4.608E-02    9.257E-09     r       4.2
1.529E+09    2.328E-02    2.542E+30    5.040E+06    6.493E+12    9.381E+01    4.590E-02    1.094E-08     r       4.2
1.524E+09    2.394E-02    2.542E+30    5.086E+06    6.745E+12    9.657E+01    4.581E-02    1.188E-08     r       4.2
1.515E+09    2.532E-02    2.542E+30    5.178E+06    7.274E+12    1.023E+02    4.563E-02    1.399E-08     r       4.2
1.510E+09    2.603E-02    2.542E+30    5.225E+06    7.553E+12    1.053E+02    4.554E-02    1.518E-08     r       4.2
1.500E+09    2.751E-02    2.542E+30    5.319E+06    8.140E+12    1.115E+02    4.537E-02    1.784E-08     r       4.2
1.496E+09    2.827E-02    2.542E+30    5.367E+06    8.449E+12    1.147E+02    4.529E-02    1.933E-08     r       4.2
1.486E+09    2.984E-02    2.542E+30    5.463E+06    9.099E+12    1.213E+02    4.512E-02    2.266E-08     r       4.2
1.481E+09    3.065E-02    2.542E+30    5.511E+06    9.440E+12    1.248E+02    4.504E-02    2.452E-08     r       4.2
1.472E+09    3.233E-02    2.542E+30    5.609E+06    1.016E+13    1.319E+02    4.488E-02    2.867E-08     r       4.2
1.467E+09    3.320E-02    2.542E+30    5.658E+06    1.054E+13    1.357E+02    4.479E-02    3.099E-08     r       4.2
1.458E+09    3.499E-02    2.542E+30    5.758E+06    1.133E+13    1.434E+02    4.464E-02    3.616E-08     r       4.2
1.453E+09    3.591E-02    2.542E+30    5.808E+06    1.175E+13    1.474E+02    4.456E-02    3.904E-08     r       4.2
1.443E+09    3.782E-02    2.542E+30    5.910E+06    1.263E+13    1.557E+02    4.440E-02    4.545E-08     r       4.2
1.439E+09    3.880E-02    2.542E+30    5.961E+06    1.309E+13    1.600E+02    4.433E-02    4.902E-08     r       4.2
1.429E+09    4.083E-02    2.542E+30    6.064E+06    1.405E+13    1.689E+02    4.417E-02    5.695E-08     r       4.1
1.424E+09    4.188E-02    2.542E+30    6.116E+06    1.456E+13    1.735E+02    4.410E-02    6.135E-08     r       4.1
1.415E+09    4.403E-02    2.542E+30    6.222E+06    1.563E+13    1.831E+02    4.395E-02    7.113E-08     r       4.1
1.410E+09    4.514E-02    2.542E+30    6.275E+06    1.619E+13    1.880E+02    4.388E-02    7.655E-08     r       4.1
1.401E+09    4.743E-02    2.542E+30    6.382E+06    1.737E+13    1.983E+02    4.373E-02    8.857E-08     r       4.1
1.396E+09    4.861E-02    2.542E+30    6.437E+06    1.798E+13    2.036E+02    4.366E-02    9.522E-08     r       4.1
1.386E+09    5.104E-02    2.542E+30    6.546E+06    1.928E+13    2.147E+02    4.352E-02    1.100E-07     r       4.1
1.382E+09    5.229E-02    2.542E+30    6.601E+06    1.996E+13    2.204E+02    4.345E-02    1.181E-07     r       4.1
1.372E+09    5.486E-02    2.542E+30    6.713E+06    2.138E+13    2.322E+02    4.331E-02    1.361E-07     r       4.1
1.367E+09    5.619E-02    2.542E+30    6.769E+06    2.213E+13    2.383E+02    4.324E-02    1.461E-07     r       4.1
1.358E+09    5.891E-02    2.542E+30    6.883E+06    2.369E+13    2.510E+02    4.311E-02    1.681E-07     r       4.1
1.353E+09    6.031E-02    2.542E+30    6.940E+06    2.451E+13    2.575E+02    4.304E-02    1.802E-07     r       4.1
1.344E+09    6.320E-02    2.542E+30    7.056E+06    2.623E+13    2.711E+02    4.291E-02    2.069E-07     r       4.1
1.339E+09    6.468E-02    2.542E+30    7.114E+06    2.713E+13    2.781E+02    4.284E-02    2.216E-07     r       4.1
1.329E+09    6.772E-02    2.542E+30    7.232E+06    2.902E+13    2.926E+02    4.271E-02    2.541E-07     r       4.1
1.325E+09    6.929E-02    2.542E+30    7.292E+06    3.001E+13    3.001E+02    4.265E-02    2.720E-07     r       4.1
1.315E+09    7.251E-02    2.542E+30    7.412E+06    3.208E+13    3.156E+02    4.252E-02    3.112E-07     r       4.1
1.310E+09    7.416E-02    2.542E+30    7.473E+06    3.316E+13    3.236E+02    4.246E-02    3.328E-07     r       4.1
1.301E+09    7.755E-02    2.542E+30    7.595E+06    3.543E+13    3.401E+02    4.233E-02    3.803E-07     r       4.1
1.296E+09    7.929E-02    2.542E+30    7.657E+06    3.662E+13    3.487E+02    4.227E-02    4.063E-07     r       4.1
1.287E+09    8.287E-02    2.542E+30    7.782E+06    3.910E+13    3.664E+02    4.214E-02    4.635E-07     r       4.1
1.282E+09    8.471E-02    2.542E+30    7.845E+06    4.040E+13    3.755E+02    4.208E-02    4.949E-07     r       4.0
1.272E+09    8.847E-02    2.542E+30    7.972E+06    4.312E+13    3.944E+02    4.196E-02    5.636E-07     r       4.0
1.268E+09    9.040E-02    2.542E+30    8.037E+06    4.454E+13    4.041E+02    4.190E-02    6.013E-07     r       4.0
1.258E+09    9.437E-02    2.542E+30    8.166E+06    4.751E+13    4.242E+02    4.178E-02    6.838E-07     r       4.0
1.253E+09    9.640E-02    2.542E+30    8.232E+06    4.906E+13    4.346E+02    4.173E-02    7.289E-07     r       4.0
1.244E+09    1.006E-01    2.542E+30    8.364E+06    5.231E+13    4.560E+02    4.161E-02    8.277E-07     r       4.0
1.239E+09    1.027E-01    2.542E+30    8.431E+06    5.400E+13    4.671E+02    4.155E-02    8.816E-07     r       4.0
1.230E+09    1.071E-01    2.542E+30    8.566E+06    5.755E+13    4.899E+02    4.144E-02    9.996E-07     r       4.0
1.225E+09    1.093E-01    2.542E+30    8.634E+06    5.940E+13    5.017E+02    4.138E-02    1.064E-06     r       4.0
1.215E+09    1.139E-01    2.542E+30    8.771E+06    6.326E+13    5.259E+02    4.127E-02    1.205E-06     r       4.0
1.211E+09    1.163E-01    2.542E+30    8.841E+06    6.528E+13    5.385E+02    4.121E-02    1.281E-06     r       4.0
1.201E+09    1.211E-01    2.542E+30    8.981E+06    6.949E+13    5.643E+02    4.110E-02    1.449E-06     r       4.0
1.196E+09    1.235E-01    2.542E+30    9.052E+06    7.169E+13    5.776E+02    4.105E-02    1.540E-06     r       4.0
1.187E+09    1.286E-01    2.542E+30    9.194E+06    7.628E+13    6.050E+02    4.094E-02    1.738E-06     r       4.0
1.182E+09    1.311E-01    2.542E+30    9.266E+06    7.867E+13    6.191E+02    4.088E-02    1.846E-06     r       4.0
1.173E+09    1.364E-01    2.542E+30    9.412E+06    8.366E+13    6.482E+02    4.078E-02    2.082E-06     r       3.9
1.168E+09    1.391E-01    2.542E+30    9.485E+06    8.627E+13    6.632E+02    4.072E-02    2.210E-06     r       3.9
1.158E+09    1.446E-01    2.542E+30    9.634E+06    9.169E+13    6.940E+02    4.062E-02    2.488E-06     r       3.9
1.154E+09    1.474E-01    2.542E+30    9.709E+06    9.452E+13    7.099E+02    4.057E-02    2.639E-06     r       3.9
1.144E+09    1.532E-01    2.542E+30    9.860E+06    1.004E+14    7.425E+02    4.046E-02    2.968E-06     r       3.9
1.139E+09    1.561E-01    2.542E+30    9.936E+06    1.035E+14    7.594E+02    4.041E-02    3.146E-06     r       3.9
1.130E+09    1.621E-01    2.542E+30    1.009E+07    1.099E+14    7.939E+02    4.031E-02    3.533E-06     r       3.9
1.125E+09    1.652E-01    2.542E+30    1.017E+07    1.132E+14    8.117E+02    4.026E-02    3.743E-06     r       3.9
1.116E+09    1.714E-01    2.542E+30    1.032E+07    1.201E+14    8.483E+02    4.016E-02    4.199E-06     r       3.9
1.111E+09    1.746E-01    2.542E+30    1.040E+07    1.237E+14    8.671E+02    4.011E-02    4.446E-06     r       3.9
1.101E+09    1.811E-01    2.542E+30    1.056E+07    1.313E+14    9.058E+02    4.001E-02    4.980E-06     r       3.9
1.097E+09    1.844E-01    2.542E+30    1.064E+07    1.352E+14    9.256E+02    3.996E-02    5.270E-06     r       3.9
1.087E+09    1.912E-01    2.542E+30    1.081E+07    1.433E+14    9.664E+02    3.986E-02    5.896E-06     r       3.8
1.082E+09    1.947E-01    2.542E+30    1.089E+07    1.475E+14    9.873E+02    3.981E-02    6.235E-06     r       3.8
1.073E+09    2.017E-01    2.542E+30    1.106E+07    1.563E+14    1.030E+03    3.972E-02    6.969E-06     r       3.8
1.068E+09    2.053E-01    2.542E+30    1.114E+07    1.609E+14    1.052E+03    3.967E-02    7.366E-06     r       3.8
1.059E+09    2.126E-01    2.542E+30    1.131E+07    1.703E+14    1.098E+03    3.957E-02    8.223E-06     r       3.8
1.054E+09    2.163E-01    2.542E+30    1.139E+07    1.753E+14    1.121E+03    3.952E-02    8.686E-06     r       3.8
1.044E+09    2.238E-01    2.542E+30    1.157E+07    1.855E+14    1.169E+03    3.943E-02    9.686E-06     r       3.8
1.040E+09    2.277E-01    2.542E+30    1.165E+07    1.908E+14    1.193E+03    3.938E-02    1.023E-05     r       3.8
1.030E+09    2.355E-01    2.542E+30    1.183E+07    2.018E+14    1.243E+03    3.929E-02    1.139E-05     r       3.8
1.025E+09    2.395E-01    2.542E+30    1.192E+07    2.075E+14    1.269E+03    3.925E-02    1.202E-05     r       3.7
1.016E+09    2.476E-01    2.542E+30    1.210E+07    2.194E+14    1.321E+03    3.915E-02    1.338E-05     r       3.7
1.011E+09    2.517E-01    2.542E+30    1.219E+07    2.255E+14    1.348E+03    3.911E-02    1.411E-05     r       3.7
1.002E+09    2.600E-01    2.542E+30    1.237E+07    2.383E+14    1.403E+03    3.902E-02    1.569E-05     r       3.7
9.969E+08    2.643E-01    2.542E+30    1.246E+07    2.449E+14    1.431E+03    3.897E-02    1.654E-05     r       3.7
9.874E+08    2.729E-01    2.542E+30    1.265E+07    2.585E+14    1.489E+03    3.888E-02    1.837E-05     r       3.7
9.827E+08    2.773E-01    2.542E+30    1.274E+07    2.656E+14    1.518E+03    3.884E-02    1.936E-05     r       3.7
9.732E+08    2.862E-01    2.542E+30    1.293E+07    2.803E+14    1.578E+03    3.875E-02    2.149E-05     r       3.7
9.684E+08    2.907E-01    2.542E+30    1.302E+07    2.879E+14    1.609E+03    3.871E-02    2.264E-05     r       3.6
9.589E+08    2.998E-01    2.542E+30    1.322E+07    3.036E+14    1.672E+03    3.862E-02    2.512E-05     r       3.6
9.542E+08    3.045E-01    2.542E+30    1.331E+07    3.117E+14    1.704E+03    3.858E-02    2.645E-05     r       3.6
9.447E+08    3.138E-01    2.542E+30    1.351E+07    3.285E+14    1.770E+03    3.849E-02    2.932E-05     r       3.6
9.399E+08    3.186E-01    2.542E+30    1.361E+07    3.371E+14    1.803E+03    3.845E-02    3.087E-05     r       3.6
9.304E+08    3.282E-01    2.542E+30    1.381E+07    3.551E+14    1.871E+03    3.837E-02    3.422E-05     r       3.6
9.257E+08    3.331E-01    2.542E+30    1.391E+07    3.643E+14    1.906E+03    3.833E-02    3.602E-05     r       3.6
9.162E+08    3.430E-01    2.541E+30    1.411E+07    3.834E+14    1.977E+03    3.824E-02    3.991E-05     r       3.5
9.114E+08    3.480E-01    2.541E+30    1.421E+07    3.933E+14    2.013E+03    3.820E-02    4.202E-05     r       3.5
9.019E+08    3.581E-01    2.541E+30    1.442E+07    4.136E+14    2.086E+03    3.812E-02    4.656E-05     r       3.5
8.972E+08    3.632E-01    2.541E+30    1.452E+07    4.241E+14    2.123E+03    3.808E-02    4.902E-05     r       3.5
8.877E+08    3.735E-01    2.541E+30    1.473E+07    4.457E+14    2.199E+03    3.800E-02    5.434E-05     r       3.5
8.829E+08    3.788E-01    2.541E+30    1.484E+07    4.568E+14    2.238E+03    3.796E-02    5.722E-05     r       3.5
8.734E+08    3.893E-01    2.541E+30    1.505E+07    4.798E+14    2.317E+03    3.788E-02    6.348E-05     r       3.4
8.687E+08    3.946E-01    2.541E+30    1.516E+07    4.916E+14    2.357E+03    3.784E-02    6.688E-05     r       3.4
8.592E+08    4.054E-01    2.541E+30    1.537E+07    5.159E+14    2.438E+03    3.776E-02    7.429E-05     r       3.4
8.402E+08    4.272E-01    2.541E+30    1.581E+07    5.672E+14    2.604E+03    3.760E-02    9.199E-05     r       3.4
8.307E+08    4.383E-01    2.541E+30    1.604E+07    5.944E+14    2.690E+03    3.753E-02    1.026E-04     r       3.3
8.117E+08    4.608E-01    2.541E+30    1.649E+07    6.515E+14    2.866E+03    3.738E-02    1.285E-04     r       3.3
8.022E+08    4.721E-01    2.541E+30    1.673E+07    6.816E+14    2.956E+03    3.730E-02    1.444E-04     r       3.2
7.832E+08    4.951E-01    2.541E+30    1.720E+07    7.448E+14    3.139E+03    3.715E-02    1.843E-04     r       3.2
7.737E+08    5.067E-01    2.541E+30    1.743E+07    7.778E+14    3.232E+03    3.708E-02    2.094E-04     r       3.2
7.547E+08    5.300E-01    2.541E+30    1.792E+07    8.470E+14    3.422E+03    3.694E-02    2.745E-04     r       3.1
7.452E+08    5.417E-01    2.541E+30    1.817E+07    8.831E+14    3.518E+03    3.687E-02    3.168E-04     r       3.1
7.262E+08    5.652E-01    2.541E+30    1.867E+07    9.583E+14    3.712E+03    3.673E-02    4.293E-04     r       3.0
7.167E+08    5.769E-01    2.541E+30    1.892E+07    9.974E+14    3.810E+03    3.667E-02    5.044E-04     r       3.0
6.977E+08    6.004E-01    2.540E+30    1.943E+07    1.078E+15    4.006E+03    3.653E-02    7.093E-04     r       2.9
6.882E+08    6.121E-01    2.540E+30    1.970E+07    1.120E+15    4.105E+03    3.647E-02    8.487E-04     r       2.9
6.692E+08    6.353E-01    2.540E+30    2.023E+07    1.207E+15    4.301E+03    3.634E-02    1.235E-03     r       2.8
6.597E+08    6.468E-01    2.539E+30    2.050E+07    1.252E+15    4.398E+03    3.628E-02    1.501E-03     r       2.7
6.407E+08    6.696E-01    2.539E+30    2.104E+07    1.343E+15    4.592E+03    3.616E-02    2.245E-03     r       2.7
6.312E+08    6.809E-01    2.538E+30    2.132E+07    1.390E+15    4.688E+03    3.610E-02    2.759E-03     r       2.6
6.122E+08    7.031E-01    2.537E+30    2.188E+07    1.486E+15    4.876E+03    3.598E-02    4.199E-03     r       2.6
6.027E+08    7.140E-01    2.536E+30    2.216E+07    1.535E+15    4.968E+03    3.593E-02    5.196E-03     r       2.5
5.837E+08    7.353E-01    2.533E+30    2.275E+07    1.635E+15    5.146E+03    3.581E-02    8.022E-03     r       2.4
5.742E+08    7.458E-01    2.531E+30    2.304E+07    1.686E+15    5.233E+03    3.576E-02    9.944E-03     r       2.4
5.552E+08    7.661E-01    2.526E+30    2.362E+07    1.788E+15    5.407E+03    3.566E-02    1.514E-02     r       2.4
5.457E+08    7.760E-01    2.523E+30    2.390E+07    1.840E+15    5.492E+03    3.561E-02    1.859E-02     r       2.4
5.267E+08    7.953E-01    2.514E+30    2.446E+07    1.945E+15    5.662E+03    3.553E-02    2.771E-02     r       2.4
5.172E+08    8.046E-01    2.508E+30    2.474E+07    1.998E+15    5.745E+03    3.549E-02    3.364E-02     r       2.4
4.982E+08    8.226E-01    2.494E+30    2.528E+07    2.104E+15    5.910E+03    3.541E-02    4.898E-02     r       2.4
4.887E+08    8.313E-01    2.484E+30    2.555E+07    2.157E+15    5.991E+03    3.538E-02    5.874E-02     r       2.4
4.697E+08    8.481E-01    2.461E+30    2.608E+07    2.264E+15    6.150E+03    3.531E-02    8.344E-02     r       2.4
4.602E+08    8.561E-01    2.446E+30    2.633E+07    2.317E+15    6.228E+03    3.528E-02    9.884E-02     r       2.4
4.555E+08    8.600E-01    2.438E+30    2.646E+07    2.344E+15    6.266E+03    3.527E-02    1.074E-01     r       2.4
4.460E+08    8.677E-01    2.420E+30    2.671E+07    2.397E+15    6.343E+03    3.524E-02    1.264E-01     r       2.4
4.412E+08    8.715E-01    2.411E+30    2.684E+07    2.424E+15    6.380E+03    3.522E-02    1.370E-01     r       2.4
4.317E+08    8.788E-01    2.389E+30    2.709E+07    2.477E+15    6.455E+03    3.520E-02    1.603E-01     r       2.4
4.270E+08    8.824E-01    2.377E+30    2.721E+07    2.503E+15    6.492E+03    3.518E-02    1.731E-01     r       2.4
4.175E+08    8.894E-01    2.351E+30    2.745E+07    2.556E+15    6.565E+03    3.516E-02    2.013E-01     r       2.4
4.127E+08    8.928E-01    2.337E+30    2.757E+07    2.582E+15    6.601E+03    3.515E-02    2.167E-01     r       2.4
4.032E+08    8.994E-01    2.306E+30    2.780E+07    2.634E+15    6.672E+03    3.512E-02    2.505E-01     r       2.4
3.985E+08    9.026E-01    2.290E+30    2.792E+07    2.660E+15    6.707E+03    3.511E-02    2.689E-01     r       2.4
3.890E+08    9.089E-01    2.254E+30    2.815E+07    2.712E+15    6.776E+03    3.509E-02    3.090E-01     r       2.4
3.842E+08    9.119E-01    2.234E+30    2.826E+07    2.738E+15    6.810E+03    3.508E-02    3.307E-01     r       2.4
3.747E+08    9.179E-01    2.193E+30    2.848E+07    2.789E+15    6.877E+03    3.506E-02    3.778E-01     r       2.4
3.700E+08    9.207E-01    2.170E+30    2.859E+07    2.814E+15    6.910E+03    3.505E-02    4.032E-01     r       2.4
3.605E+08    9.263E-01    2.123E+30    2.881E+07    2.864E+15    6.974E+03    3.503E-02    4.579E-01     r       2.3
3.558E+08    9.290E-01    2.098E+30    2.891E+07    2.889E+15    7.006E+03    3.502E-02    4.873E-01     r       2.3
3.463E+08    9.342E-01    2.044E+30    2.912E+07    2.938E+15    7.069E+03    3.500E-02    5.502E-01     r       2.3
3.415E+08    9.367E-01    2.016E+30    2.923E+07    2.963E+15    7.100E+03    3.500E-02    5.839E-01     r       2.3
3.320E+08    9.415E-01    1.956E+30    2.943E+07    3.011E+15    7.161E+03    3.498E-02    6.556E-01     r       2.3
3.273E+08    9.439E-01    1.924E+30    2.953E+07    3.035E+15    7.190E+03    3.497E-02    6.938E-01     r       2.3
3.178E+08    9.484E-01    1.859E+30    2.972E+07    3.082E+15    7.249E+03    3.496E-02    7.747E-01     r       2.3
3.130E+08    9.506E-01    1.824E+30    2.982E+07    3.105E+15    7.277E+03    3.495E-02    8.176E-01     r       2.3
3.035E+08    9.547E-01    1.753E+30    3.001E+07    3.151E+15    7.334E+03    3.493E-02    9.080E-01     r       2.3
2.988E+08    9.567E-01    1.716E+30    3.010E+07    3.174E+15    7.361E+03    3.493E-02    9.556E-01     r       2.3
2.893E+08    9.605E-01    1.639E+30    3.028E+07    3.218E+15    7.415E+03    3.491E-02    1.056E+00     r       2.3
2.845E+08    9.624E-01    1.600E+30    3.037E+07    3.240E+15    7.441E+03    3.491E-02    1.108E+00     r       2.3
2.750E+08    9.659E-01    1.519E+30    3.054E+07    3.283E+15    7.492E+03    3.489E-02    1.217E+00     r       2.3
2.703E+08    9.676E-01    1.477E+30    3.062E+07    3.304E+15    7.518E+03    3.489E-02    1.274E+00     r       2.3
2.608E+08    9.708E-01    1.393E+30    3.079E+07    3.346E+15    7.566E+03    3.488E-02    1.393E+00     r       2.3
2.560E+08    9.723E-01    1.350E+30    3.087E+07    3.366E+15    7.590E+03    3.487E-02    1.455E+00     r       2.3
2.536E+08    9.730E-01    1.328E+30    3.091E+07    3.376E+15    7.602E+03    3.487E-02    1.486E+00     r       2.3
2.489E+08    9.745E-01    1.285E+30    3.099E+07    3.396E+15    7.625E+03    3.486E-02    1.549E+00     r       2.3
2.465E+08    9.752E-01    1.263E+30    3.103E+07    3.406E+15    7.637E+03    3.486E-02    1.582E+00     r       2.3
2.418E+08    9.765E-01    1.219E+30    3.110E+07    3.426E+15    7.659E+03    3.486E-02    1.647E+00     r       2.3
2.394E+08    9.772E-01    1.197E+30    3.114E+07    3.435E+15    7.671E+03    3.485E-02    1.681E+00     r       2.3
2.346E+08    9.785E-01    1.153E+30    3.121E+07    3.454E+15    7.693E+03    3.485E-02    1.748E+00     r       2.3
2.323E+08    9.791E-01    1.131E+30    3.125E+07    3.464E+15    7.704E+03    3.485E-02    1.782E+00     r       2.3
2.275E+08    9.803E-01    1.086E+30    3.132E+07    3.483E+15    7.725E+03    3.484E-02    1.851E+00     r       2.3
2.251E+08    9.809E-01    1.064E+30    3.136E+07    3.492E+15    7.735E+03    3.484E-02    1.886E+00     r       2.3
2.204E+08    9.821E-01    1.020E+30    3.143E+07    3.510E+15    7.756E+03    3.483E-02    1.957E+00     r       2.3
2.180E+08    9.826E-01    9.983E+29    3.146E+07    3.519E+15    7.766E+03    3.483E-02    1.993E+00     r       2.3
2.133E+08    9.837E-01    9.545E+29    3.153E+07    3.537E+15    7.787E+03    3.483E-02    2.065E+00     r       2.3
2.109E+08    9.843E-01    9.327E+29    3.156E+07    3.545E+15    7.796E+03    3.482E-02    2.101E+00     r       2.3
2.061E+08    9.853E-01    8.894E+29    3.163E+07    3.563E+15    7.816E+03    3.482E-02    2.175E+00     r       2.3
2.038E+08    9.858E-01    8.679E+29    3.166E+07    3.571E+15    7.825E+03    3.482E-02    2.212E+00     r       2.3
1.990E+08    9.867E-01    8.252E+29    3.173E+07    3.588E+15    7.844E+03    3.481E-02    2.286E+00     r       2.3
1.966E+08    9.872E-01    8.041E+29    3.176E+07    3.596E+15    7.854E+03    3.481E-02    2.324E+00     r       2.3
1.919E+08    9.881E-01    7.623E+29    3.182E+07    3.612E+15    7.872E+03    3.481E-02    2.399E+00     r       2.3
1.895E+08    9.885E-01    7.416E+29    3.185E+07    3.620E+15    7.881E+03    3.481E-02    2.437E+00     r       2.3
1.848E+08    9.893E-01    7.008E+29    3.191E+07    3.636E+15    7.898E+03    3.480E-02    2.512E+00     r       2.3
1.824E+08    9.897E-01    6.807E+29    3.194E+07    3.644E+15    7.907E+03    3.480E-02    2.550E+00     r       2.3
1.777E+08    9.905E-01    6.411E+29    3.200E+07    3.659E+15    7.924E+03    3.480E-02    2.627E+00     r       2.3
1.753E+08    9.909E-01    6.216E+29    3.202E+07    3.666E+15    7.932E+03    3.480E-02    2.665E+00     r       2.3
1.705E+08    9.916E-01    5.833E+29    3.208E+07    3.681E+15    7.948E+03    3.479E-02    2.741E+00     r       2.3
1.682E+08    9.919E-01    5.645E+29    3.211E+07    3.688E+15    7.956E+03    3.479E-02    2.779E+00     r       2.3
1.634E+08    9.926E-01    5.277E+29    3.216E+07    3.702E+15    7.972E+03    3.479E-02    2.855E+00     r       2.3
1.610E+08    9.929E-01    5.097E+29    3.219E+07    3.709E+15    7.980E+03    3.479E-02    2.893E+00     r       2.3
1.563E+08    9.935E-01    4.746E+29    3.224E+07    3.723E+15    7.994E+03    3.478E-02    2.969E+00     r       2.3
1.539E+08    9.938E-01    4.574E+29    3.226E+07    3.730E+15    8.002E+03    3.478E-02    3.006E+00     r       2.3
1.492E+08    9.943E-01    4.240E+29    3.231E+07    3.743E+15    8.016E+03    3.478E-02    3.081E+00     r       2.3
1.468E+08    9.946E-01    4.078E+29    3.233E+07    3.749E+15    8.023E+03    3.478E-02    3.118E+00     r       2.3
1.420E+08    9.951E-01    3.762E+29    3.238E+07    3.762E+15    8.037E+03    3.477E-02    3.192E+00     r       2.3
1.397E+08    9.953E-01    3.610E+29    3.240E+07    3.768E+15    8.043E+03    3.477E-02    3.229E+00     r       2.3
1.349E+08    9.958E-01    3.314E+29    3.245E+07    3.780E+15    8.056E+03    3.477E-02    3.301E+00     r       2.3
1.325E+08    9.960E-01    3.171E+29    3.247E+07    3.785E+15    8.063E+03    3.477E-02    3.337E+00     r       2.3
1.313E+08    9.961E-01    3.101E+29    3.248E+07    3.788E+15    8.066E+03    3.477E-02    3.355E+00     r       2.3
1.290E+08    9.963E-01    2.964E+29    3.250E+07    3.794E+15    8.072E+03    3.477E-02    3.391E+00     r       2.3
1.278E+08    9.964E-01    2.896E+29    3.251E+07    3.797E+15    8.075E+03    3.477E-02    3.408E+00     r       2.3
1.254E+08    9.966E-01    2.764E+29    3.253E+07    3.802E+15    8.081E+03    3.477E-02    3.443E+00     r       2.3
1.242E+08    9.967E-01    2.699E+29    3.254E+07    3.805E+15    8.084E+03    3.477E-02    3.461E+00     r       2.3
1.218E+08    9.969E-01    2.572E+29    3.256E+07    3.810E+15    8.090E+03    3.476E-02    3.495E+00     r       2.3
1.207E+08    9.970E-01    2.510E+29    3.257E+07    3.813E+15    8.092E+03    3.476E-02    3.512E+00     r       2.3
1.183E+08    9.972E-01    2.388E+29    3.259E+07    3.818E+15    8.098E+03    3.476E-02    3.546E+00     r       2.3
1.171E+08    9.972E-01    2.328E+29    3.260E+07    3.821E+15    8.101E+03    3.476E-02    3.563E+00     r       2.3
1.147E+08    9.974E-01    2.212E+29    3.262E+07    3.826E+15    8.106E+03    3.476E-02    3.597E+00     r       2.3
1.135E+08    9.975E-01    2.155E+29    3.263E+07    3.828E+15    8.109E+03    3.476E-02    3.613E+00     r       2.3
1.112E+08    9.976E-01    2.044E+29    3.265E+07    3.833E+15    8.114E+03    3.476E-02    3.646E+00     r       2.3
1.100E+08    9.977E-01    1.990E+29    3.265E+07    3.836E+15    8.117E+03    3.476E-02    3.663E+00     r       2.3
1.076E+08    9.979E-01    1.885E+29    3.267E+07    3.840E+15    8.122E+03    3.476E-02    3.695E+00     r       2.3
1.064E+08    9.979E-01    1.833E+29    3.268E+07    3.843E+15    8.125E+03    3.476E-02    3.711E+00     r       2.3
1.040E+08    9.981E-01    1.733E+29    3.270E+07    3.847E+15    8.130E+03    3.476E-02    3.742E+00     r       2.3
1.029E+08    9.981E-01    1.685E+29    3.271E+07    3.850E+15    8.132E+03    3.476E-02    3.758E+00     r       2.3
1.005E+08    9.983E-01    1.590E+29    3.272E+07    3.854E+15    8.137E+03    3.475E-02    3.789E+00     r       2.3
9.929E+07    9.983E-01    1.544E+29    3.273E+07    3.856E+15    8.139E+03    3.475E-02    3.804E+00     r       2.3
9.691E+07    9.984E-01    1.455E+29    3.275E+07    3.861E+15    8.144E+03    3.475E-02    3.834E+00     r       2.3
9.573E+07    9.985E-01    1.411E+29    3.275E+07    3.863E+15    8.146E+03    3.475E-02    3.849E+00     r       2.3
9.335E+07    9.986E-01    1.327E+29    3.277E+07    3.867E+15    8.151E+03    3.475E-02    3.878E+00     r       2.3
9.217E+07    9.987E-01    1.287E+29    3.278E+07    3.869E+15    8.153E+03    3.475E-02    3.893E+00     r       2.3
8.979E+07    9.988E-01    1.208E+29    3.279E+07    3.873E+15    8.157E+03    3.475E-02    3.921E+00     r       2.3
8.860E+07    9.988E-01    1.170E+29    3.280E+07    3.875E+15    8.159E+03    3.475E-02    3.935E+00     r       2.3
8.623E+07    9.989E-01    1.096E+29    3.281E+07    3.879E+15    8.163E+03    3.475E-02    3.963E+00     r       2.3
8.504E+07    9.989E-01    1.061E+29    3.282E+07    3.881E+15    8.165E+03    3.475E-02    3.976E+00     r       2.3
8.267E+07    9.990E-01    9.927E+28    3.283E+07    3.885E+15    8.169E+03    3.475E-02    4.003E+00     r       2.3
8.148E+07    9.991E-01    9.597E+28    3.284E+07    3.886E+15    8.171E+03    3.475E-02    4.016E+00     r       2.3
7.911E+07    9.991E-01    8.964E+28    3.285E+07    3.890E+15    8.175E+03    3.475E-02    4.042E+00     r       2.3
7.792E+07    9.992E-01    8.659E+28    3.286E+07    3.892E+15    8.177E+03    3.475E-02    4.055E+00     r       2.3
7.554E+07    9.993E-01    8.075E+28    3.287E+07    3.895E+15    8.181E+03    3.475E-02    4.080E+00     r       2.3
7.436E+07    9.993E-01    7.795E+28    3.288E+07    3.897E+15    8.182E+03    3.475E-02    4.092E+00     r       2.3
7.198E+07    9.994E-01    7.258E+28    3.289E+07    3.900E+15    8.186E+03    3.475E-02    4.116E+00     r       2.3
7.079E+07    9.994E-01    7.001E+28    3.290E+07    3.902E+15    8.187E+03    3.474E-02    4.128E+00     r       2.3
6.842E+07    9.995E-01    6.511E+28    3.291E+07    3.905E+15    8.191E+03    3.474E-02    4.151E+00     r       2.3
6.723E+07    9.995E-01    6.277E+28    3.291E+07    3.906E+15    8.192E+03    3.474E-02    4.162E+00     r       2.3
6.664E+07    9.995E-01    6.163E+28    3.292E+07    3.907E+15    8.193E+03    3.474E-02    4.168E+00     r       2.3
6.545E+07    9.995E-01    5.941E+28    3.292E+07    3.908E+15    8.195E+03    3.474E-02    4.179E+00     r       2.3
6.486E+07    9.995E-01    5.832E+28    3.292E+07    3.909E+15    8.195E+03    3.474E-02    4.184E+00     r       2.3
6.367E+07    9.996E-01    5.621E+28    3.293E+07    3.911E+15    8.197E+03    3.474E-02    4.195E+00     r       2.3
6.308E+07    9.996E-01    5.518E+28    3.293E+07    3.911E+15    8.198E+03    3.474E-02    4.200E+00     r       2.3
6.189E+07    9.996E-01    5.317E+28    3.294E+07    3.913E+15    8.199E+03    3.474E-02    4.211E+00     r       2.3
6.130E+07    9.996E-01    5.219E+28    3.294E+07    3.913E+15    8.200E+03    3.474E-02    4.216E+00     r       2.3
6.011E+07    9.996E-01    5.029E+28    3.294E+07    3.915E+15    8.201E+03    3.474E-02    4.226E+00     r       2.3
5.951E+07    9.996E-01    4.936E+28    3.295E+07    3.915E+15    8.202E+03    3.474E-02    4.231E+00     r       2.3
5.833E+07    9.997E-01    4.756E+28    3.295E+07    3.917E+15    8.203E+03    3.474E-02    4.241E+00     r       2.3
5.773E+07    9.997E-01    4.669E+28    3.295E+07    3.917E+15    8.204E+03    3.474E-02    4.246E+00     r       2.3
5.655E+07    9.997E-01    4.499E+28    3.296E+07    3.918E+15    8.205E+03    3.474E-02    4.255E+00     r       2.3
5.595E+07    9.997E-01    4.416E+28    3.296E+07    3.919E+15    8.206E+03    3.474E-02    4.260E+00     r       2.3
5.477E+07    9.997E-01    4.256E+28    3.296E+07    3.920E+15    8.207E+03    3.474E-02    4.269E+00     r       2.3
5.417E+07    9.997E-01    4.179E+28    3.297E+07    3.921E+15    8.208E+03    3.474E-02    4.274E+00     r       2.3
5.298E+07    9.997E-01    4.028E+28    3.297E+07    3.922E+15    8.209E+03    3.474E-02    4.283E+00     r       2.3
5.239E+07    9.998E-01    3.955E+28    3.297E+07    3.923E+15    8.210E+03    3.474E-02    4.288E+00     r       2.3
5.120E+07    9.998E-01    3.814E+28    3.298E+07    3.924E+15    8.211E+03    3.474E-02    4.296E+00     r       2.3
5.061E+07    9.998E-01    3.746E+28    3.298E+07    3.924E+15    8.212E+03    3.474E-02    4.301E+00     r       2.3
4.942E+07    9.998E-01    3.614E+28    3.298E+07    3.926E+15    8.213E+03    3.474E-02    4.309E+00     r       2.3
4.883E+07    9.998E-01    3.550E+28    3.298E+07    3.926E+15    8.213E+03    3.474E-02    4.313E+00     r       2.3
4.764E+07    9.998E-01    3.427E+28    3.299E+07    3.927E+15    8.215E+03    3.474E-02    4.321E+00     r       2.3
4.705E+07    9.998E-01    3.368E+28    3.299E+07    3.928E+15    8.215E+03    3.474E-02    4.325E+00     r       2.3
4.586E+07    9.998E-01    3.253E+28    3.299E+07    3.929E+15    8.216E+03    3.474E-02    4.333E+00     r       2.3
4.527E+07    9.998E-01    3.198E+28    3.300E+07    3.929E+15    8.217E+03    3.474E-02    4.337E+00     r       2.3
4.408E+07    9.999E-01    3.092E+28    3.300E+07    3.930E+15    8.218E+03    3.474E-02    4.345E+00     r       2.3
4.349E+07    9.999E-01    3.041E+28    3.300E+07    3.931E+15    8.218E+03    3.474E-02    4.348E+00     r       2.3
4.230E+07    9.999E-01    2.943E+28    3.300E+07    3.932E+15    8.219E+03    3.474E-02    4.356E+00     r       2.3
4.170E+07    9.999E-01    2.896E+28    3.301E+07    3.932E+15    8.220E+03    3.474E-02    4.359E+00     r       2.3
4.052E+07    9.999E-01    2.805E+28    3.301E+07    3.933E+15    8.221E+03    3.474E-02    4.366E+00     r       2.3
3.992E+07    9.999E-01    2.762E+28    3.301E+07    3.933E+15    8.221E+03    3.474E-02    4.370E+00     r       2.3
3.874E+07    9.999E-01    2.679E+28    3.301E+07    3.934E+15    8.222E+03    3.474E-02    4.376E+00     r       2.3
3.814E+07    9.999E-01    2.639E+28    3.302E+07    3.935E+15    8.223E+03    3.474E-02    4.380E+00     r       2.3
3.696E+07    9.999E-01    2.563E+28    3.302E+07    3.935E+15    8.223E+03    3.474E-02    4.386E+00     r       2.3
3.636E+07    9.999E-01    2.527E+28    3.302E+07    3.936E+15    8.224E+03    3.474E-02    4.389E+00     r       2.3
3.517E+07    9.999E-01    2.458E+28    3.302E+07    3.937E+15    8.225E+03    3.474E-02    4.395E+00     r       2.3
3.458E+07    9.999E-01    2.425E+28    3.302E+07    3.937E+15    8.225E+03    3.474E-02    4.398E+00     r       2.3
3.428E+07    9.999E-01    2.409E+28    3.302E+07    3.937E+15    8.225E+03    3.474E-02    4.399E+00     r       2.3
3.369E+07    9.999E-01    2.378E+28    3.303E+07    3.937E+15    8.226E+03    3.474E-02    4.402E+00     r       2.3
3.339E+07    9.999E-01    2.363E+28    3.303E+07    3.938E+15    8.226E+03    3.474E-02    4.403E+00     r       2.3
3.280E+07    9.999E-01    2.333E+28    3.303E+07    3.938E+15    8.226E+03    3.474E-02    4.406E+00     r       2.3
3.250E+07    9.999E-01    2.319E+28    3.303E+07    3.938E+15    8.226E+03    3.474E-02    4.408E+00     r       2.3
3.191E+07    9.999E-01    2.291E+28    3.303E+07    3.938E+15    8.227E+03    3.474E-02    4.410E+00     r       2.3
3.161E+07    9.999E-01    2.277E+28    3.303E+07    3.939E+15    8.227E+03    3.474E-02    4.411E+00     r       2.3
3.102E+07    1.000E+00    2.251E+28    3.303E+07    3.939E+15    8.227E+03    3.474E-02    4.414E+00     r       2.3
3.072E+07    1.000E+00    2.238E+28    3.303E+07    3.939E+15    8.227E+03    3.474E-02    4.415E+00     r       2.3
3.013E+07    1.000E+00    2.213E+28    3.303E+07    3.939E+15    8.228E+03    3.474E-02    4.418E+00     r       2.3
2.983E+07    1.000E+00    2.201E+28    3.303E+07    3.940E+15    8.228E+03    3.474E-02    4.419E+00     r       2.3
2.924E+07    1.000E+00    2.177E+28    3.304E+07    3.940E+15    8.228E+03    3.474E-02    4.421E+00     r       2.3
2.894E+07    1.000E+00    2.165E+28    3.304E+07    3.940E+15    8.228E+03    3.474E-02    4.423E+00     r       2.3
2.835E+07    1.000E+00    2.143E+28    3.304E+07    3.940E+15    8.229E+03    3.474E-02    4.425E+00     r       2.3
2.805E+07    1.000E+00    2.132E+28    3.304E+07    3.941E+15    8.229E+03    3.474E-02    4.426E+00     r       2.3
2.746E+07    1.000E+00    2.111E+28    3.304E+07    3.941E+15    8.229E+03    3.474E-02    4.428E+00     r       2.3
2.716E+07    1.000E+00    2.101E+28    3.304E+07    3.941E+15    8.229E+03    3.474E-02    4.429E+00     r       2.3
2.657E+07    1.000E+00    2.082E+28    3.304E+07    3.941E+15    8.230E+03    3.474E-02    4.431E+00     r       2.3
2.627E+07    1.000E+00    2.072E+28    3.304E+07    3.941E+15    8.230E+03    3.474E-02    4.432E+00     r       2.3
2.568E+07    1.000E+00    2.054E+28    3.304E+07    3.942E+15    8.230E+03    3.474E-02    4.434E+00     r       2.3
2.538E+07    1.000E+00    2.045E+28    3.304E+07    3.942E+15    8.230E+03    3.474E-02    4.435E+00     r       2.3
2.479E+07    1.000E+00    2.028E+28    3.304E+07    3.942E+15    8.230E+03    3.474E-02    4.437E+00     r       2.3
2.449E+07    1.000E+00    2.019E+28    3.304E+07    3.942E+15    8.230E+03    3.474E-02    4.438E+00     r       2.3
2.389E+07    1.000E+00    2.004E+28    3.304E+07    3.942E+15    8.231E+03    3.474E-02    4.440E+00     r       2.3
2.360E+07    1.000E+00    1.996E+28    3.304E+07    3.942E+15    8.231E+03    3.474E-02    4.441E+00     r       2.3
