   r        Qm       L_r       T        P        rho      kap      eps     fl   dlnPdlnT
6.862E+08    0.000E+00    1.018E+26    4.173E+03    2.347E+01    0.000E+00    6.405E+00    0.000E+00     *      99.9
6.855E+08    3.930E-14    1.018E+26    2.722E+03    5.766E-01    1.544E-08    4.028E+01    6.897E-113     r       4.5
6.848E+08    2.036E-13    1.018E+26    5.383E+03    1.060E+01    1.442E-07    2.216E+01    9.745E-91     r       2.7
6.845E+08    5.036E-13    1.018E+26    6.055E+03    2.896E+01    3.531E-07    3.008E+01    3.636E-87     r       7.9
6.843E+08    7.765E-13    1.018E+26    6.565E+03    4.569E+01    5.144E-07    3.062E+01    7.013E-85     r       5.5
6.842E+08    9.548E-13    1.018E+26    6.844E+03    5.662E+01    6.118E-07    3.041E+01    9.766E-84     r       5.1
6.842E+08    1.056E-12    1.018E+26    6.988E+03    6.283E+01    6.651E-07    3.024E+01    3.571E-83     r       5.0
6.842E+08    1.110E-12    1.018E+26    7.060E+03    6.613E+01    6.929E-07    3.014E+01    6.784E-83     r       5.0
6.842E+08    1.138E-12    1.018E+26    7.097E+03    6.784E+01    7.072E-07    3.009E+01    9.333E-83     r       4.9
6.841E+08    1.195E-12    1.018E+26    7.170E+03    7.135E+01    7.362E-07    2.998E+01    1.760E-82     r       4.9
6.841E+08    1.224E-12    1.018E+26    7.207E+03    7.316E+01    7.511E-07    2.992E+01    2.412E-82     r       4.9
6.841E+08    1.285E-12    1.018E+26    7.281E+03    7.688E+01    7.814E-07    2.980E+01    4.512E-82     r       4.9
6.841E+08    1.316E-12    1.018E+26    7.318E+03    7.880E+01    7.969E-07    2.974E+01    6.158E-82     r       4.9
6.841E+08    1.381E-12    1.018E+26    7.392E+03    8.276E+01    8.285E-07    2.962E+01    1.142E-81     r       4.8
6.841E+08    1.414E-12    1.018E+26    7.429E+03    8.479E+01    8.447E-07    2.955E+01    1.553E-81     r       4.8
6.841E+08    1.482E-12    1.018E+26    7.504E+03    8.898E+01    8.776E-07    2.942E+01    2.856E-81     r       4.8
6.840E+08    1.626E-12    1.018E+26    7.655E+03    9.786E+01    9.463E-07    2.915E+01    9.489E-81     r       4.8
6.840E+08    1.703E-12    1.018E+26    7.730E+03    1.025E+02    9.821E-07    2.902E+01    1.714E-80     r       4.8
6.839E+08    1.864E-12    1.018E+26    7.882E+03    1.125E+02    1.056E-06    2.874E+01    5.494E-80     r       4.7
6.839E+08    1.950E-12    1.018E+26    7.958E+03    1.177E+02    1.095E-06    2.860E+01    9.747E-80     r       4.7
6.839E+08    2.129E-12    1.018E+26    8.111E+03    1.288E+02    1.175E-06    2.832E+01    3.013E-79     r       4.7
6.839E+08    2.224E-12    1.018E+26    8.188E+03    1.346E+02    1.217E-06    2.818E+01    5.249E-79     r       4.7
6.838E+08    2.424E-12    1.018E+26    8.342E+03    1.469E+02    1.304E-06    2.790E+01    1.566E-78     r       4.7
6.838E+08    2.529E-12    1.018E+26    8.419E+03    1.533E+02    1.349E-06    2.776E+01    2.680E-78     r       4.7
6.838E+08    2.750E-12    1.018E+26    8.573E+03    1.669E+02    1.442E-06    2.749E+01    7.719E-78     r       4.7
6.837E+08    2.866E-12    1.018E+26    8.650E+03    1.740E+02    1.490E-06    2.735E+01    1.299E-77     r       4.7
6.837E+08    3.110E-12    1.018E+26    8.805E+03    1.890E+02    1.591E-06    2.708E+01    3.617E-77     r       4.7
6.837E+08    3.238E-12    1.018E+26    8.883E+03    1.969E+02    1.643E-06    2.694E+01    5.987E-77     r       4.7
6.836E+08    3.506E-12    1.018E+26    9.038E+03    2.134E+02    1.750E-06    2.668E+01    1.614E-76     r       4.6
6.836E+08    3.647E-12    1.018E+26    9.116E+03    2.221E+02    1.805E-06    2.655E+01    2.630E-76     r       4.6
6.836E+08    3.941E-12    1.018E+26    9.271E+03    2.403E+02    1.920E-06    2.629E+01    6.873E-76     r       4.6
6.835E+08    4.096E-12    1.018E+26    9.349E+03    2.498E+02    1.980E-06    2.616E+01    1.103E-75     r       4.6
6.835E+08    4.419E-12    1.018E+26    9.505E+03    2.697E+02    2.103E-06    2.591E+01    2.798E-75     r       4.6
6.835E+08    4.588E-12    1.018E+26    9.583E+03    2.801E+02    2.166E-06    2.579E+01    4.425E-75     r       4.6
6.834E+08    4.940E-12    1.018E+26    9.739E+03    3.018E+02    2.297E-06    2.554E+01    1.091E-74     r       4.6
6.834E+08    5.125E-12    1.018E+26    9.817E+03    3.132E+02    2.365E-06    2.542E+01    1.702E-74     r       4.6
6.834E+08    5.510E-12    1.018E+26    9.973E+03    3.369E+02    2.504E-06    2.519E+01    4.086E-74     r       4.6
6.833E+08    5.711E-12    1.018E+26    1.005E+04    3.493E+02    2.576E-06    2.507E+01    6.290E-74     r       4.6
6.833E+08    6.130E-12    1.018E+26    1.021E+04    3.751E+02    2.725E-06    2.484E+01    1.472E-73     r       4.6
6.833E+08    6.348E-12    1.018E+26    1.029E+04    3.886E+02    2.801E-06    2.473E+01    2.237E-73     r       4.6
6.832E+08    6.804E-12    1.018E+26    1.044E+04    4.167E+02    2.959E-06    2.451E+01    5.107E-73     r       4.6
6.832E+08    7.041E-12    1.018E+26    1.052E+04    4.313E+02    3.040E-06    2.440E+01    7.670E-73     r       4.6
6.832E+08    7.534E-12    1.018E+26    1.068E+04    4.618E+02    3.207E-06    2.419E+01    1.710E-72     r       4.6
6.832E+08    7.791E-12    1.018E+26    1.076E+04    4.777E+02    3.293E-06    2.408E+01    2.540E-72     r       4.6
6.831E+08    8.325E-12    1.018E+26    1.091E+04    5.107E+02    3.470E-06    2.387E+01    5.539E-72     r       4.6
6.831E+08    8.603E-12    1.018E+26    1.099E+04    5.278E+02    3.561E-06    2.377E+01    8.136E-72     r       4.6
6.830E+08    9.181E-12    1.018E+26    1.115E+04    5.635E+02    3.749E-06    2.357E+01    1.737E-71     r       4.6
6.830E+08    9.481E-12    1.018E+26    1.123E+04    5.820E+02    3.845E-06    2.347E+01    2.525E-71     r       4.6
6.830E+08    1.010E-11    1.018E+26    1.138E+04    6.205E+02    4.043E-06    2.327E+01    5.282E-71     r       4.6
6.830E+08    1.043E-11    1.018E+26    1.146E+04    6.405E+02    4.145E-06    2.318E+01    7.602E-71     r       4.6
6.829E+08    1.110E-11    1.018E+26    1.162E+04    6.820E+02    4.354E-06    2.299E+01    1.560E-70     r       4.6
6.829E+08    1.145E-11    1.018E+26    1.170E+04    7.035E+02    4.461E-06    2.290E+01    2.224E-70     r       4.6
6.828E+08    1.217E-11    1.018E+26    1.186E+04    7.482E+02    4.682E-06    2.271E+01    4.479E-70     r       4.6
6.828E+08    1.254E-11    1.018E+26    1.193E+04    7.713E+02    4.795E-06    2.262E+01    6.328E-70     r       4.6
6.828E+08    1.332E-11    1.018E+26    1.209E+04    8.193E+02    5.027E-06    2.244E+01    1.252E-69     r       4.6
6.828E+08    1.372E-11    1.018E+26    1.217E+04    8.441E+02    5.146E-06    2.236E+01    1.754E-69     r       4.6
6.827E+08    1.455E-11    1.018E+26    1.233E+04    8.956E+02    5.391E-06    2.218E+01    3.412E-69     r       4.6
6.827E+08    1.498E-11    1.018E+26    1.241E+04    9.222E+02    5.516E-06    2.210E+01    4.739E-69     r       4.6
6.827E+08    1.587E-11    1.018E+26    1.256E+04    9.774E+02    5.773E-06    2.193E+01    9.070E-69     r       4.6
6.826E+08    1.633E-11    1.018E+26    1.264E+04    1.006E+03    5.905E-06    2.185E+01    1.250E-68     r       4.6
6.826E+08    1.729E-11    1.018E+26    1.280E+04    1.065E+03    6.175E-06    2.169E+01    2.355E-68     r       4.6
6.826E+08    1.778E-11    1.018E+26    1.288E+04    1.095E+03    6.313E-06    2.161E+01    3.221E-68     r       4.6
6.825E+08    1.880E-11    1.018E+26    1.304E+04    1.159E+03    6.596E-06    2.145E+01    5.980E-68     r       4.6
6.825E+08    1.932E-11    1.018E+26    1.311E+04    1.191E+03    6.741E-06    2.137E+01    8.119E-68     r       4.6
6.825E+08    2.041E-11    1.018E+26    1.327E+04    1.258E+03    7.038E-06    2.122E+01    1.486E-67     r       4.6
6.824E+08    2.097E-11    1.018E+26    1.335E+04    1.293E+03    7.190E-06    2.114E+01    2.003E-67     r       4.6
6.824E+08    2.213E-11    1.018E+26    1.351E+04    1.365E+03    7.501E-06    2.099E+01    3.616E-67     r       4.6
6.824E+08    2.273E-11    1.018E+26    1.359E+04    1.402E+03    7.660E-06    2.092E+01    4.842E-67     r       4.6
6.823E+08    2.396E-11    1.018E+26    1.374E+04    1.479E+03    7.986E-06    2.077E+01    8.626E-67     r       4.6
6.823E+08    2.460E-11    1.018E+26    1.382E+04    1.518E+03    8.153E-06    2.070E+01    1.148E-66     r       4.6
6.823E+08    2.591E-11    1.018E+26    1.398E+04    1.600E+03    8.493E-06    2.056E+01    2.019E-66     r       4.6
6.822E+08    2.659E-11    1.018E+26    1.406E+04    1.642E+03    8.668E-06    2.049E+01    2.669E-66     r       4.6
6.822E+08    2.798E-11    1.018E+26    1.422E+04    1.728E+03    9.024E-06    2.035E+01    4.638E-66     r       4.6
6.822E+08    2.870E-11    1.018E+26    1.430E+04    1.773E+03    9.206E-06    2.028E+01    6.095E-66     r       4.6
6.821E+08    3.018E-11    1.018E+26    1.445E+04    1.865E+03    9.578E-06    2.015E+01    1.047E-65     r       4.6
6.821E+08    3.094E-11    1.018E+26    1.453E+04    1.912E+03    9.768E-06    2.008E+01    1.368E-65     r       4.6
6.821E+08    3.251E-11    1.018E+26    1.469E+04    2.009E+03    1.016E-05    1.995E+01    2.322E-65     r       4.6
6.821E+08    3.332E-11    1.018E+26    1.477E+04    2.060E+03    1.035E-05    1.989E+01    3.018E-65     r       4.6
6.820E+08    3.498E-11    1.018E+26    1.493E+04    2.163E+03    1.076E-05    1.976E+01    5.068E-65     r       4.6
6.820E+08    3.584E-11    1.018E+26    1.501E+04    2.216E+03    1.097E-05    1.970E+01    6.551E-65     r       4.6
6.819E+08    3.760E-11    1.018E+26    1.516E+04    2.326E+03    1.139E-05    1.957E+01    1.089E-64     r       4.6
6.819E+08    4.132E-11    1.018E+26    1.548E+04    2.557E+03    1.227E-05    1.933E+01    2.947E-64     r       4.6
6.818E+08    4.329E-11    1.018E+26    1.564E+04    2.680E+03    1.273E-05    1.921E+01    4.800E-64     r       4.6
6.817E+08    4.744E-11    1.018E+26    1.595E+04    2.938E+03    1.368E-05    1.898E+01    1.250E-63     r       4.6
6.817E+08    4.964E-11    1.018E+26    1.611E+04    3.075E+03    1.417E-05    1.887E+01    1.999E-63     r       4.6
6.816E+08    5.426E-11    1.018E+26    1.643E+04    3.362E+03    1.520E-05    1.865E+01    5.022E-63     r       4.6
6.816E+08    5.669E-11    1.018E+26    1.659E+04    3.514E+03    1.574E-05    1.854E+01    7.892E-63     r       4.6
6.815E+08    6.182E-11    1.018E+26    1.690E+04    3.834E+03    1.685E-05    1.833E+01    1.917E-62     r       4.6
6.814E+08    6.451E-11    1.018E+26    1.706E+04    4.002E+03    1.742E-05    1.823E+01    2.964E-62     r       4.6
6.813E+08    7.018E-11    1.018E+26    1.738E+04    4.355E+03    1.862E-05    1.803E+01    6.976E-62     r       4.6
6.813E+08    7.315E-11    1.018E+26    1.753E+04    4.541E+03    1.924E-05    1.793E+01    1.062E-61     r       4.6
6.812E+08    7.940E-11    1.018E+26    1.785E+04    4.931E+03    2.052E-05    1.773E+01    2.427E-61     r       4.6
6.812E+08    8.268E-11    1.018E+26    1.801E+04    5.135E+03    2.119E-05    1.764E+01    3.643E-61     r       4.6
6.811E+08    8.955E-11    1.018E+26    1.833E+04    5.565E+03    2.256E-05    1.745E+01    8.095E-61     r       4.6
6.810E+08    9.315E-11    1.018E+26    1.848E+04    5.790E+03    2.327E-05    1.736E+01    1.199E-60     r       4.6
6.810E+08    1.007E-10    1.018E+26    1.880E+04    6.261E+03    2.475E-05    1.719E+01    2.595E-60     r       4.6
6.809E+08    1.046E-10    1.018E+26    1.896E+04    6.508E+03    2.551E-05    1.710E+01    3.794E-60     r       4.6
6.808E+08    1.129E-10    1.018E+26    1.928E+04    7.025E+03    2.708E-05    1.693E+01    8.011E-60     r       4.6
6.808E+08    1.172E-10    1.018E+26    1.944E+04    7.295E+03    2.789E-05    1.685E+01    1.157E-59     r       4.6
6.807E+08    1.262E-10    1.018E+26    1.975E+04    7.859E+03    2.957E-05    1.668E+01    2.388E-59     r       4.6
6.807E+08    1.309E-10    1.018E+26    1.991E+04    8.154E+03    3.044E-05    1.660E+01    3.410E-59     r       4.6
6.806E+08    1.408E-10    1.018E+26    2.023E+04    8.770E+03    3.222E-05    1.644E+01    6.881E-59     r       4.6
6.805E+08    1.459E-10    1.018E+26    2.039E+04    9.091E+03    3.314E-05    1.637E+01    9.723E-59     r       4.6
6.804E+08    1.566E-10    1.018E+26    2.070E+04    9.762E+03    3.504E-05    1.621E+01    1.921E-58     r       4.6
6.804E+08    1.622E-10    1.018E+26    2.086E+04    1.011E+04    3.602E-05    1.614E+01    2.687E-58     r       4.6
6.803E+08    1.738E-10    1.018E+26    2.118E+04    1.084E+04    3.804E-05    1.599E+01    5.206E-58     r       4.6
6.803E+08    1.798E-10    1.018E+26    2.134E+04    1.122E+04    3.908E-05    1.592E+01    7.211E-58     r       4.6
6.802E+08    1.924E-10    1.018E+26    2.166E+04    1.201E+04    4.122E-05    1.578E+01    1.371E-57     r       4.6
6.801E+08    1.989E-10    1.018E+26    2.182E+04    1.242E+04    4.232E-05    1.571E+01    1.881E-57     r       4.6
6.801E+08    2.126E-10    1.018E+26    2.213E+04    1.328E+04    4.459E-05    1.557E+01    3.513E-57     r       4.6
6.800E+08    2.196E-10    1.018E+26    2.229E+04    1.372E+04    4.576E-05    1.550E+01    4.780E-57     r       4.6
6.799E+08    2.343E-10    1.018E+26    2.261E+04    1.465E+04    4.816E-05    1.537E+01    8.774E-57     r       4.6
6.799E+08    2.420E-10    1.018E+26    2.277E+04    1.513E+04    4.939E-05    1.531E+01    1.184E-56     r       4.6
6.798E+08    2.578E-10    1.018E+26    2.309E+04    1.612E+04    5.193E-05    1.518E+01    2.138E-56     r       4.6
6.798E+08    2.661E-10    1.018E+26    2.325E+04    1.664E+04    5.323E-05    1.512E+01    2.862E-56     r       4.6
6.797E+08    2.831E-10    1.018E+26    2.357E+04    1.772E+04    5.591E-05    1.499E+01    5.090E-56     r       4.6
6.796E+08    2.920E-10    1.018E+26    2.373E+04    1.828E+04    5.728E-05    1.493E+01    6.762E-56     r       4.6
6.795E+08    3.103E-10    1.018E+26    2.404E+04    1.943E+04    6.010E-05    1.481E+01    1.185E-55     r       4.6
6.795E+08    3.199E-10    1.018E+26    2.420E+04    2.003E+04    6.155E-05    1.475E+01    1.563E-55     r       4.6
6.794E+08    3.396E-10    1.018E+26    2.452E+04    2.128E+04    6.453E-05    1.464E+01    2.700E-55     r       4.6
6.794E+08    3.498E-10    1.018E+26    2.468E+04    2.192E+04    6.605E-05    1.458E+01    3.537E-55     r       4.6
6.793E+08    3.709E-10    1.018E+26    2.500E+04    2.326E+04    6.918E-05    1.447E+01    6.029E-55     r       4.6
6.792E+08    3.818E-10    1.018E+26    2.516E+04    2.395E+04    7.078E-05    1.441E+01    7.845E-55     r       4.6
6.792E+08    4.045E-10    1.018E+26    2.548E+04    2.538E+04    7.407E-05    1.430E+01    1.320E-54     r       4.6
6.791E+08    4.162E-10    1.018E+26    2.564E+04    2.612E+04    7.576E-05    1.425E+01    1.707E-54     r       4.6
6.790E+08    4.404E-10    1.018E+26    2.596E+04    2.765E+04    7.922E-05    1.414E+01    2.837E-54     r       4.6
6.790E+08    4.529E-10    1.018E+26    2.612E+04    2.844E+04    8.099E-05    1.409E+01    3.646E-54     r       4.6
6.789E+08    4.787E-10    1.018E+26    2.644E+04    3.007E+04    8.461E-05    1.399E+01    5.987E-54     r       4.6
6.789E+08    4.921E-10    1.018E+26    2.660E+04    3.092E+04    8.647E-05    1.394E+01    7.651E-54     r       4.6
6.788E+08    5.197E-10    1.018E+26    2.691E+04    3.267E+04    9.028E-05    1.384E+01    1.242E-53     r       4.6
6.787E+08    5.339E-10    1.018E+26    2.707E+04    3.357E+04    9.222E-05    1.379E+01    1.579E-53     r       4.6
6.786E+08    5.633E-10    1.018E+26    2.739E+04    3.543E+04    9.621E-05    1.369E+01    2.535E-53     r       4.6
6.786E+08    5.785E-10    1.018E+26    2.755E+04    3.639E+04    9.825E-05    1.364E+01    3.204E-53     r       4.6
6.785E+08    6.098E-10    1.018E+26    2.787E+04    3.838E+04    1.024E-04    1.355E+01    5.093E-53     r       4.6
6.785E+08    6.259E-10    1.018E+26    2.803E+04    3.940E+04    1.046E-04    1.350E+01    6.404E-53     r       4.6
6.784E+08    6.592E-10    1.018E+26    2.835E+04    4.151E+04    1.089E-04    1.341E+01    1.008E-52     r       4.6
6.783E+08    6.763E-10    1.018E+26    2.851E+04    4.260E+04    1.112E-04    1.336E+01    1.261E-52     r       4.6
6.783E+08    7.117E-10    1.018E+26    2.883E+04    4.485E+04    1.157E-04    1.327E+01    1.964E-52     r       4.6
6.782E+08    7.299E-10    1.018E+26    2.899E+04    4.600E+04    1.180E-04    1.323E+01    2.446E-52     r       4.6
6.781E+08    7.674E-10    1.018E+26    2.931E+04    4.839E+04    1.228E-04    1.314E+01    3.776E-52     r       4.6
6.781E+08    7.867E-10    1.018E+26    2.947E+04    4.962E+04    1.252E-04    1.310E+01    4.681E-52     r       4.6
6.780E+08    8.265E-10    1.018E+26    2.979E+04    5.215E+04    1.302E-04    1.301E+01    7.160E-52     r       4.6
6.780E+08    8.470E-10    1.018E+26    2.995E+04    5.345E+04    1.328E-04    1.297E+01    8.837E-52     r       4.6
6.779E+08    8.891E-10    1.018E+26    3.027E+04    5.613E+04    1.380E-04    1.289E+01    1.340E-51     r       4.6
6.778E+08    9.108E-10    1.018E+26    3.043E+04    5.751E+04    1.406E-04    1.285E+01    1.647E-51     r       4.6
6.777E+08    9.554E-10    1.018E+26    3.075E+04    6.035E+04    1.460E-04    1.277E+01    2.477E-51     r       4.6
6.776E+08    1.050E-09    1.018E+26    3.139E+04    6.637E+04    1.573E-04    1.261E+01    5.513E-51     r       4.6
6.775E+08    1.100E-09    1.018E+26    3.172E+04    6.955E+04    1.632E-04    1.253E+01    8.161E-51     r       4.6
6.773E+08    1.205E-09    1.018E+26    3.236E+04    7.627E+04    1.754E-04    1.238E+01    1.762E-50     r       4.6
6.772E+08    1.260E-09    1.018E+26    3.268E+04    7.981E+04    1.818E-04    1.231E+01    2.569E-50     r       4.6
6.771E+08    1.377E-09    1.018E+26    3.332E+04    8.729E+04    1.950E-04    1.216E+01    5.390E-50     r       4.6
6.770E+08    1.439E-09    1.018E+26    3.364E+04    9.123E+04    2.018E-04    1.209E+01    7.754E-50     r       4.6
6.768E+08    1.568E-09    1.018E+26    3.428E+04    9.954E+04    2.161E-04    1.196E+01    1.584E-49     r       4.6
6.767E+08    1.637E-09    1.018E+26    3.461E+04    1.039E+05    2.235E-04    1.189E+01    2.249E-49     r       4.6
6.765E+08    1.780E-09    1.018E+26    3.525E+04    1.131E+05    2.388E-04    1.176E+01    4.479E-49     r       4.6
6.765E+08    1.855E-09    1.018E+26    3.557E+04    1.179E+05    2.468E-04    1.169E+01    6.283E-49     r       4.6
6.763E+08    2.013E-09    1.018E+26    3.621E+04    1.281E+05    2.633E-04    1.157E+01    1.222E-48     r       4.6
6.762E+08    2.096E-09    1.018E+26    3.654E+04    1.334E+05    2.718E-04    1.151E+01    1.695E-48     r       4.6
6.760E+08    2.270E-09    1.018E+26    3.718E+04    1.446E+05    2.895E-04    1.139E+01    3.226E-48     r       4.6
6.759E+08    2.361E-09    1.018E+26    3.750E+04    1.505E+05    2.986E-04    1.133E+01    4.426E-48     r       4.6
6.758E+08    2.551E-09    1.018E+26    3.815E+04    1.627E+05    3.176E-04    1.121E+01    8.247E-48     r       4.6
6.757E+08    2.651E-09    1.018E+26    3.847E+04    1.692E+05    3.274E-04    1.115E+01    1.120E-47     r       4.6
6.755E+08    2.860E-09    1.018E+26    3.912E+04    1.826E+05    3.476E-04    1.104E+01    2.047E-47     r       4.6
6.754E+08    2.969E-09    1.018E+26    3.944E+04    1.897E+05    3.580E-04    1.099E+01    2.753E-47     r       4.6
6.753E+08    3.197E-09    1.018E+26    4.008E+04    2.044E+05    3.796E-04    1.088E+01    4.937E-47     r       4.6
6.752E+08    3.316E-09    1.018E+26    4.041E+04    2.121E+05    3.908E-04    1.083E+01    6.582E-47     r       4.6
6.750E+08    3.564E-09    1.018E+26    4.105E+04    2.282E+05    4.138E-04    1.073E+01    1.160E-46     r       4.6
6.749E+08    3.694E-09    1.018E+26    4.138E+04    2.366E+05    4.257E-04    1.068E+01    1.533E-46     r       4.6
6.747E+08    3.964E-09    1.018E+26    4.202E+04    2.541E+05    4.502E-04    1.058E+01    2.656E-46     r       4.6
6.747E+08    4.104E-09    1.018E+26    4.235E+04    2.632E+05    4.628E-04    1.053E+01    3.483E-46     r       4.6
6.745E+08    4.398E-09    1.018E+26    4.300E+04    2.823E+05    4.888E-04    1.043E+01    5.940E-46     r       4.6
6.744E+08    4.550E-09    1.018E+26    4.332E+04    2.922E+05    5.022E-04    1.039E+01    7.729E-46     r       4.6
6.742E+08    4.868E-09    1.018E+26    4.397E+04    3.129E+05    5.298E-04    1.029E+01    1.299E-45     r       4.6
6.741E+08    5.034E-09    1.018E+26    4.429E+04    3.236E+05    5.440E-04    1.025E+01    1.677E-45     r       4.6
6.740E+08    5.377E-09    1.018E+26    4.494E+04    3.460E+05    5.733E-04    1.016E+01    2.778E-45     r       4.6
6.739E+08    5.556E-09    1.018E+26    4.527E+04    3.577E+05    5.884E-04    1.011E+01    3.563E-45     r       4.6
6.737E+08    5.927E-09    1.018E+26    4.591E+04    3.819E+05    6.194E-04    1.003E+01    5.821E-45     r       4.6
6.736E+08    6.120E-09    1.018E+26    4.624E+04    3.945E+05    6.353E-04    9.986E+00    7.416E-45     r       4.6
6.735E+08    6.521E-09    1.018E+26    4.689E+04    4.206E+05    6.681E-04    9.903E+00    1.196E-44     r       4.6
6.734E+08    6.729E-09    1.018E+26    4.721E+04    4.342E+05    6.849E-04    9.862E+00    1.514E-44     r       4.6
6.732E+08    7.160E-09    1.018E+26    4.786E+04    4.624E+05    7.195E-04    9.781E+00    2.412E-44     r       4.6
6.731E+08    7.383E-09    1.018E+26    4.819E+04    4.771E+05    7.373E-04    9.741E+00    3.036E-44     r       4.6
6.729E+08    7.847E-09    1.018E+26    4.884E+04    5.075E+05    7.738E-04    9.663E+00    4.779E-44     r       4.6
6.729E+08    8.087E-09    1.018E+26    4.917E+04    5.232E+05    7.926E-04    9.624E+00    5.979E-44     r       4.6
6.727E+08    8.585E-09    1.018E+26    4.982E+04    5.559E+05    8.310E-04    9.549E+00    9.308E-44     r       4.6
6.726E+08    8.843E-09    1.018E+26    5.014E+04    5.728E+05    8.508E-04    9.511E+00    1.158E-43     r       4.6
6.724E+08    9.376E-09    1.018E+26    5.079E+04    6.079E+05    8.913E-04    9.438E+00    1.783E-43     r       4.6
6.723E+08    9.652E-09    1.018E+26    5.112E+04    6.261E+05    9.121E-04    9.402E+00    2.207E-43     r       4.6
6.722E+08    1.022E-08    1.018E+26    5.177E+04    6.637E+05    9.548E-04    9.330E+00    3.364E-43     r       4.6
6.721E+08    1.052E-08    1.018E+26    5.210E+04    6.832E+05    9.766E-04    9.295E+00    4.143E-43     r       4.6
6.719E+08    1.113E-08    1.018E+26    5.275E+04    7.235E+05    1.021E-03    9.226E+00    6.253E-43     r       4.6
6.718E+08    1.145E-08    1.018E+26    5.308E+04    7.443E+05    1.044E-03    9.192E+00    7.663E-43     r       4.6
6.717E+08    1.210E-08    1.018E+26    5.373E+04    7.874E+05    1.092E-03    9.124E+00    1.145E-42     r       4.6
6.716E+08    1.244E-08    1.018E+26    5.406E+04    8.097E+05    1.116E-03    9.091E+00    1.397E-42     r       4.6
6.714E+08    1.313E-08    1.018E+26    5.471E+04    8.558E+05    1.165E-03    9.026E+00    2.070E-42     r       4.6
6.713E+08    1.349E-08    1.018E+26    5.504E+04    8.796E+05    1.190E-03    8.994E+00    2.514E-42     r       4.6
6.711E+08    1.423E-08    1.018E+26    5.570E+04    9.287E+05    1.242E-03    8.930E+00    3.691E-42     r       4.6
6.711E+08    1.462E-08    1.018E+26    5.602E+04    9.541E+05    1.269E-03    8.899E+00    4.463E-42     r       4.6
6.709E+08    1.541E-08    1.018E+26    5.668E+04    1.007E+06    1.323E-03    8.837E+00    6.500E-42     r       4.6
6.708E+08    1.582E-08    1.018E+26    5.701E+04    1.034E+06    1.351E-03    8.806E+00    7.827E-42     r       4.6
6.706E+08    1.666E-08    1.018E+26    5.766E+04    1.089E+06    1.407E-03    8.746E+00    1.131E-41     r       4.6
6.705E+08    1.709E-08    1.018E+26    5.799E+04    1.118E+06    1.437E-03    8.717E+00    1.356E-41     r       4.6
6.704E+08    1.798E-08    1.018E+26    5.865E+04    1.178E+06    1.496E-03    8.658E+00    1.944E-41     r       4.6
6.703E+08    1.844E-08    1.018E+26    5.897E+04    1.208E+06    1.526E-03    8.629E+00    2.323E-41     r       4.6
6.701E+08    1.939E-08    1.018E+26    5.963E+04    1.271E+06    1.588E-03    8.572E+00    3.304E-41     r       4.6
6.700E+08    1.988E-08    1.018E+26    5.996E+04    1.304E+06    1.620E-03    8.544E+00    3.934E-41     r       4.6
6.699E+08    2.088E-08    1.018E+26    6.062E+04    1.371E+06    1.685E-03    8.488E+00    5.556E-41     r       4.6
6.698E+08    2.140E-08    1.018E+26    6.094E+04    1.406E+06    1.718E-03    8.461E+00    6.591E-41     r       4.6
6.696E+08    2.246E-08    1.018E+26    6.160E+04    1.477E+06    1.786E-03    8.406E+00    9.245E-41     r       4.6
6.695E+08    2.301E-08    1.018E+26    6.193E+04    1.513E+06    1.821E-03    8.379E+00    1.093E-40     r       4.6
6.693E+08    2.414E-08    1.018E+26    6.259E+04    1.589E+06    1.891E-03    8.327E+00    1.523E-40     r       4.6
6.690E+08    2.652E-08    1.018E+26    6.391E+04    1.749E+06    2.039E-03    8.223E+00    2.918E-40     r       4.6
6.688E+08    2.778E-08    1.018E+26    6.457E+04    1.833E+06    2.115E-03    8.173E+00    4.014E-40     r       4.6
6.685E+08    3.044E-08    1.018E+26    6.589E+04    2.012E+06    2.275E-03    8.074E+00    7.506E-40     r       4.6
6.683E+08    3.184E-08    1.018E+26    6.655E+04    2.107E+06    2.359E-03    8.026E+00    1.020E-39     r       4.6
6.680E+08    3.480E-08    1.018E+26    6.787E+04    2.306E+06    2.532E-03    7.932E+00    1.865E-39     r       4.6
6.678E+08    3.635E-08    1.018E+26    6.853E+04    2.411E+06    2.622E-03    7.886E+00    2.507E-39     r       4.6
6.675E+08    3.963E-08    1.018E+26    6.985E+04    2.633E+06    2.809E-03    7.797E+00    4.483E-39     r       4.6
6.673E+08    4.136E-08    1.018E+26    7.052E+04    2.750E+06    2.906E-03    7.753E+00    5.965E-39     r       4.6
6.669E+08    4.498E-08    1.018E+26    7.184E+04    2.996E+06    3.108E-03    7.667E+00    1.046E-38     r       4.6
6.668E+08    4.688E-08    1.018E+26    7.251E+04    3.125E+06    3.212E-03    7.625E+00    1.378E-38     r       4.6
6.664E+08    5.088E-08    1.018E+26    7.384E+04    3.398E+06    3.429E-03    7.542E+00    2.370E-38     r       4.6
6.663E+08    5.298E-08    1.018E+26    7.450E+04    3.541E+06    3.542E-03    7.502E+00    3.094E-38     r       4.6
6.659E+08    5.737E-08    1.018E+26    7.583E+04    3.841E+06    3.775E-03    7.423E+00    5.229E-38     r       4.6
6.657E+08    5.968E-08    1.018E+26    7.650E+04    3.999E+06    3.895E-03    7.384E+00    6.768E-38     r       4.6
6.654E+08    6.450E-08    1.018E+26    7.783E+04    4.329E+06    4.145E-03    7.309E+00    1.125E-37     r       4.6
6.652E+08    6.703E-08    1.018E+26    7.850E+04    4.502E+06    4.275E-03    7.271E+00    1.444E-37     r       4.6
6.649E+08    7.231E-08    1.018E+26    7.983E+04    4.866E+06    4.542E-03    7.199E+00    2.362E-37     r       4.6
6.647E+08    7.507E-08    1.018E+26    8.050E+04    5.056E+06    4.681E-03    7.163E+00    3.009E-37     r       4.6
6.644E+08    8.084E-08    1.018E+26    8.184E+04    5.453E+06    4.967E-03    7.093E+00    4.848E-37     r       4.6
6.642E+08    8.385E-08    1.018E+26    8.250E+04    5.662E+06    5.114E-03    7.058E+00    6.132E-37     r       4.6
6.639E+08    9.014E-08    1.018E+26    8.384E+04    6.097E+06    5.420E-03    6.991E+00    9.741E-37     r       4.6
6.637E+08    9.343E-08    1.018E+26    8.451E+04    6.324E+06    5.577E-03    6.958E+00    1.224E-36     r       4.6
6.633E+08    1.003E-07    1.018E+26    8.586E+04    6.799E+06    5.902E-03    6.893E+00    1.918E-36     r       4.6
6.632E+08    1.038E-07    1.018E+26    8.653E+04    7.047E+06    6.070E-03    6.861E+00    2.393E-36     r       4.6
6.628E+08    1.113E-07    1.018E+26    8.787E+04    7.564E+06    6.416E-03    6.798E+00    3.704E-36     r       4.6
6.626E+08    1.151E-07    1.018E+26    8.854E+04    7.834E+06    6.595E-03    6.767E+00    4.594E-36     r       4.6
6.623E+08    1.232E-07    1.018E+26    8.989E+04    8.397E+06    6.963E-03    6.706E+00    7.024E-36     r       4.6
6.621E+08    1.274E-07    1.018E+26    9.056E+04    8.690E+06    7.152E-03    6.677E+00    8.661E-36     r       4.6
6.618E+08    1.361E-07    1.018E+26    9.191E+04    9.301E+06    7.543E-03    6.618E+00    1.309E-35     r       4.6
6.616E+08    1.407E-07    1.018E+26    9.258E+04    9.619E+06    7.744E-03    6.589E+00    1.605E-35     r       4.6
6.613E+08    1.501E-07    1.018E+26    9.393E+04    1.028E+07    8.158E-03    6.533E+00    2.400E-35     r       4.6
6.611E+08    1.550E-07    1.018E+26    9.461E+04    1.062E+07    8.371E-03    6.505E+00    2.926E-35     r       4.6
6.608E+08    1.651E-07    1.018E+26    9.596E+04    1.134E+07    8.810E-03    6.450E+00    4.330E-35     r       4.6
6.606E+08    1.704E-07    1.018E+26    9.664E+04    1.171E+07    9.036E-03    6.423E+00    5.253E-35     r       4.6
6.602E+08    1.814E-07    1.018E+26    9.799E+04    1.249E+07    9.500E-03    6.370E+00    7.696E-35     r       4.6
6.601E+08    1.870E-07    1.018E+26    9.867E+04    1.289E+07    9.738E-03    6.344E+00    9.292E-35     r       4.6
6.597E+08    1.988E-07    1.018E+26    1.000E+05    1.372E+07    1.023E-02    6.293E+00    1.348E-34     r       4.6
6.596E+08    2.049E-07    1.018E+26    1.007E+05    1.416E+07    1.048E-02    6.267E+00    1.620E-34     r       4.6
6.592E+08    2.176E-07    1.018E+26    1.021E+05    1.506E+07    1.100E-02    6.218E+00    2.330E-34     r       4.6
6.590E+08    2.241E-07    1.018E+26    1.027E+05    1.552E+07    1.126E-02    6.193E+00    2.788E-34     r       4.6
6.587E+08    2.377E-07    1.018E+26    1.041E+05    1.649E+07    1.181E-02    6.145E+00    3.974E-34     r       4.6
6.585E+08    2.447E-07    1.018E+26    1.048E+05    1.699E+07    1.209E-02    6.121E+00    4.735E-34     r       4.6
6.582E+08    2.593E-07    1.018E+26    1.062E+05    1.804E+07    1.267E-02    6.074E+00    6.693E-34     r       4.6
6.580E+08    2.668E-07    1.018E+26    1.068E+05    1.857E+07    1.296E-02    6.051E+00    7.942E-34     r       4.6
6.577E+08    2.823E-07    1.018E+26    1.082E+05    1.969E+07    1.357E-02    6.006E+00    1.114E-33     r       4.6
6.575E+08    2.904E-07    1.018E+26    1.089E+05    2.027E+07    1.388E-02    5.983E+00    1.316E-33     r       4.6
6.572E+08    3.070E-07    1.018E+26    1.102E+05    2.147E+07    1.452E-02    5.939E+00    1.832E-33     r       4.6
6.570E+08    3.156E-07    1.018E+26    1.109E+05    2.209E+07    1.484E-02    5.917E+00    2.157E-33     r       4.6
6.566E+08    3.333E-07    1.018E+26    1.123E+05    2.337E+07    1.551E-02    5.874E+00    2.981E-33     r       4.6
6.565E+08    3.425E-07    1.018E+26    1.130E+05    2.403E+07    1.586E-02    5.853E+00    3.497E-33     r       4.6
6.561E+08    3.614E-07    1.018E+26    1.144E+05    2.540E+07    1.656E-02    5.811E+00    4.798E-33     r       4.6
6.560E+08    3.711E-07    1.018E+26    1.150E+05    2.611E+07    1.692E-02    5.791E+00    5.610E-33     r       4.6
6.556E+08    3.913E-07    1.018E+26    1.164E+05    2.757E+07    1.766E-02    5.750E+00    7.644E-33     r       4.6
6.554E+08    4.017E-07    1.018E+26    1.171E+05    2.833E+07    1.804E-02    5.730E+00    8.908E-33     r       4.6
6.551E+08    4.231E-07    1.018E+26    1.185E+05    2.989E+07    1.881E-02    5.690E+00    1.206E-32     r       4.6
6.549E+08    4.342E-07    1.018E+26    1.192E+05    3.070E+07    1.921E-02    5.671E+00    1.401E-32     r       4.6
6.546E+08    4.569E-07    1.018E+26    1.206E+05    3.237E+07    2.002E-02    5.632E+00    1.885E-32     r       4.6
6.544E+08    4.687E-07    1.018E+26    1.212E+05    3.323E+07    2.043E-02    5.613E+00    2.183E-32     r       4.6
6.541E+08    4.929E-07    1.018E+26    1.226E+05    3.500E+07    2.128E-02    5.576E+00    2.919E-32     r       4.6
6.539E+08    5.053E-07    1.018E+26    1.233E+05    3.592E+07    2.172E-02    5.557E+00    3.370E-32     r       4.6
6.536E+08    5.310E-07    1.018E+26    1.247E+05    3.781E+07    2.261E-02    5.520E+00    4.480E-32     r       4.6
6.534E+08    5.442E-07    1.018E+26    1.254E+05    3.878E+07    2.306E-02    5.502E+00    5.159E-32     r       4.6
6.530E+08    5.714E-07    1.018E+26    1.268E+05    4.079E+07    2.399E-02    5.467E+00    6.820E-32     r       4.6
6.529E+08    5.854E-07    1.018E+26    1.275E+05    4.183E+07    2.447E-02    5.449E+00    7.831E-32     r       4.6
6.525E+08    6.142E-07    1.018E+26    1.289E+05    4.396E+07    2.544E-02    5.414E+00    1.030E-31     r       4.6
6.524E+08    6.290E-07    1.018E+26    1.296E+05    4.506E+07    2.593E-02    5.397E+00    1.179E-31     r       4.6
6.520E+08    6.595E-07    1.018E+26    1.309E+05    4.732E+07    2.695E-02    5.363E+00    1.542E-31     r       4.6
6.518E+08    6.751E-07    1.018E+26    1.316E+05    4.849E+07    2.747E-02    5.346E+00    1.762E-31     r       4.6
6.515E+08    7.073E-07    1.018E+26    1.330E+05    5.089E+07    2.853E-02    5.313E+00    2.293E-31     r       4.6
6.508E+08    7.754E-07    1.018E+26    1.358E+05    5.598E+07    3.074E-02    5.248E+00    3.846E-31     r       4.6
6.505E+08    8.113E-07    1.018E+26    1.372E+05    5.868E+07    3.189E-02    5.216E+00    4.958E-31     r       4.6
6.498E+08    8.871E-07    1.018E+26    1.400E+05    6.438E+07    3.429E-02    5.154E+00    8.163E-31     r       4.6
6.494E+08    9.270E-07    1.018E+26    1.414E+05    6.739E+07    3.554E-02    5.124E+00    1.043E-30     r       4.6
6.488E+08    1.011E-06    1.018E+26    1.442E+05    7.376E+07    3.814E-02    5.065E+00    1.688E-30     r       4.6
6.484E+08    1.055E-06    1.018E+26    1.456E+05    7.712E+07    3.949E-02    5.036E+00    2.138E-30     r       4.6
6.477E+08    1.148E-06    1.018E+26    1.484E+05    8.422E+07    4.231E-02    4.979E+00    3.404E-30     r       4.6
6.474E+08    1.197E-06    1.018E+26    1.499E+05    8.796E+07    4.377E-02    4.952E+00    4.279E-30     r       4.6
6.467E+08    1.300E-06    1.018E+26    1.527E+05    9.584E+07    4.681E-02    4.897E+00    6.710E-30     r       4.6
6.464E+08    1.354E-06    1.018E+26    1.541E+05    9.998E+07    4.839E-02    4.871E+00    8.371E-30     r       4.6
6.457E+08    1.467E-06    1.018E+26    1.569E+05    1.087E+08    5.166E-02    4.819E+00    1.294E-29     r       4.6
6.453E+08    1.526E-06    1.018E+26    1.584E+05    1.133E+08    5.336E-02    4.793E+00    1.603E-29     r       4.6
6.446E+08    1.651E-06    1.018E+26    1.612E+05    1.230E+08    5.689E-02    4.743E+00    2.444E-29     r       4.6
6.443E+08    1.716E-06    1.018E+26    1.626E+05    1.280E+08    5.872E-02    4.719E+00    3.009E-29     r       4.6
6.436E+08    1.852E-06    1.018E+26    1.655E+05    1.387E+08    6.250E-02    4.670E+00    4.529E-29     r       4.6
6.433E+08    1.923E-06    1.018E+26    1.669E+05    1.443E+08    6.447E-02    4.647E+00    5.540E-29     r       4.6
6.426E+08    2.072E-06    1.018E+26    1.698E+05    1.560E+08    6.853E-02    4.600E+00    8.240E-29     r       4.6
6.422E+08    2.150E-06    1.018E+26    1.712E+05    1.621E+08    7.063E-02    4.578E+00    1.002E-28     r       4.6
6.415E+08    2.312E-06    1.018E+26    1.741E+05    1.750E+08    7.498E-02    4.533E+00    1.473E-28     r       4.6
6.412E+08    2.397E-06    1.018E+26    1.755E+05    1.817E+08    7.723E-02    4.511E+00    1.781E-28     r       4.6
6.405E+08    2.574E-06    1.018E+26    1.784E+05    1.959E+08    8.188E-02    4.468E+00    2.591E-28     r       4.6
6.402E+08    2.666E-06    1.018E+26    1.798E+05    2.032E+08    8.429E-02    4.447E+00    3.116E-28     r       4.6
6.395E+08    2.859E-06    1.018E+26    1.827E+05    2.187E+08    8.926E-02    4.406E+00    4.486E-28     r       4.6
6.391E+08    2.959E-06    1.018E+26    1.842E+05    2.267E+08    9.182E-02    4.385E+00    5.369E-28     r       4.6
6.385E+08    3.168E-06    1.018E+26    1.871E+05    2.436E+08    9.713E-02    4.345E+00    7.653E-28     r       4.6
6.381E+08    3.277E-06    1.018E+26    1.885E+05    2.524E+08    9.986E-02    4.325E+00    9.116E-28     r       4.6
6.374E+08    3.503E-06    1.018E+26    1.915E+05    2.708E+08    1.055E-01    4.287E+00    1.287E-27     r       4.6
6.371E+08    3.621E-06    1.018E+26    1.929E+05    2.804E+08    1.084E-01    4.268E+00    1.526E-27     r       4.6
6.364E+08    3.865E-06    1.018E+26    1.958E+05    3.004E+08    1.144E-01    4.230E+00    2.137E-27     r       4.6
6.361E+08    3.993E-06    1.018E+26    1.973E+05    3.109E+08    1.175E-01    4.212E+00    2.523E-27     r       4.6
6.354E+08    4.257E-06    1.018E+26    2.002E+05    3.326E+08    1.239E-01    4.176E+00    3.501E-27     r       4.6
6.350E+08    4.394E-06    1.018E+26    2.017E+05    3.440E+08    1.272E-01    4.158E+00    4.116E-27     r       4.6
6.343E+08    4.679E-06    1.018E+26    2.046E+05    3.676E+08    1.340E-01    4.123E+00    5.668E-27     r       4.6
6.340E+08    4.827E-06    1.018E+26    2.061E+05    3.799E+08    1.375E-01    4.105E+00    6.637E-27     r       4.6
6.333E+08    5.134E-06    1.018E+26    2.091E+05    4.055E+08    1.447E-01    4.071E+00    9.068E-27     r       4.6
6.330E+08    5.293E-06    1.018E+26    2.105E+05    4.188E+08    1.484E-01    4.055E+00    1.058E-26     r       4.6
6.323E+08    5.623E-06    1.018E+26    2.135E+05    4.465E+08    1.560E-01    4.022E+00    1.435E-26     r       4.6
6.319E+08    5.794E-06    1.018E+26    2.150E+05    4.609E+08    1.599E-01    4.005E+00    1.668E-26     r       4.6
6.313E+08    6.149E-06    1.018E+26    2.179E+05    4.909E+08    1.680E-01    3.973E+00    2.246E-26     r       4.6
6.309E+08    6.332E-06    1.018E+26    2.194E+05    5.064E+08    1.722E-01    3.958E+00    2.602E-26     r       4.6
6.302E+08    6.712E-06    1.018E+26    2.224E+05    5.388E+08    1.807E-01    3.926E+00    3.480E-26     r       4.6
6.299E+08    6.909E-06    1.018E+26    2.239E+05    5.555E+08    1.851E-01    3.911E+00    4.019E-26     r       4.6
6.292E+08    7.316E-06    1.018E+26    2.269E+05    5.904E+08    1.941E-01    3.881E+00    5.341E-26     r       4.6
6.289E+08    7.527E-06    1.018E+26    2.284E+05    6.085E+08    1.988E-01    3.866E+00    6.147E-26     r       4.6
6.282E+08    7.962E-06    1.018E+26    2.314E+05    6.460E+08    2.083E-01    3.837E+00    8.118E-26     r       4.6
6.278E+08    8.188E-06    1.018E+26    2.329E+05    6.655E+08    2.132E-01    3.822E+00    9.316E-26     r       4.6
6.271E+08    8.653E-06    1.018E+26    2.359E+05    7.059E+08    2.232E-01    3.794E+00    1.223E-25     r       4.6
6.268E+08    8.894E-06    1.018E+26    2.374E+05    7.268E+08    2.284E-01    3.780E+00    1.399E-25     r       4.6
6.261E+08    9.391E-06    1.018E+26    2.404E+05    7.702E+08    2.390E-01    3.752E+00    1.827E-25     r       4.6
6.258E+08    9.647E-06    1.018E+26    2.419E+05    7.926E+08    2.444E-01    3.738E+00    2.084E-25     r       4.6
6.251E+08    1.018E-05    1.018E+26    2.450E+05    8.392E+08    2.556E-01    3.711E+00    2.706E-25     r       4.6
6.247E+08    1.045E-05    1.018E+26    2.465E+05    8.633E+08    2.613E-01    3.698E+00    3.079E-25     r       4.6
6.240E+08    1.101E-05    1.018E+26    2.495E+05    9.132E+08    2.730E-01    3.672E+00    3.976E-25     r       4.6
6.237E+08    1.131E-05    1.018E+26    2.511E+05    9.391E+08    2.791E-01    3.659E+00    4.512E-25     r       4.6
6.230E+08    1.191E-05    1.018E+26    2.541E+05    9.926E+08    2.914E-01    3.633E+00    5.798E-25     r       4.6
6.227E+08    1.222E-05    1.018E+26    2.556E+05    1.020E+09    2.977E-01    3.620E+00    6.564E-25     r       4.6
6.220E+08    1.285E-05    1.018E+26    2.587E+05    1.077E+09    3.107E-01    3.595E+00    8.392E-25     r       4.6
6.216E+08    1.318E-05    1.018E+26    2.602E+05    1.107E+09    3.174E-01    3.583E+00    9.477E-25     r       4.6
6.210E+08    1.386E-05    1.018E+26    2.633E+05    1.168E+09    3.310E-01    3.559E+00    1.206E-24     r       4.6
6.206E+08    1.421E-05    1.018E+26    2.648E+05    1.200E+09    3.380E-01    3.547E+00    1.359E-24     r       4.6
6.199E+08    1.493E-05    1.018E+26    2.679E+05    1.265E+09    3.523E-01    3.523E+00    1.721E-24     r       4.6
6.196E+08    1.530E-05    1.018E+26    2.695E+05    1.299E+09    3.597E-01    3.511E+00    1.935E-24     r       4.6
6.189E+08    1.606E-05    1.018E+26    2.726E+05    1.369E+09    3.747E-01    3.488E+00    2.441E-24     r       4.6
6.186E+08    1.646E-05    1.018E+26    2.741E+05    1.405E+09    3.824E-01    3.476E+00    2.738E-24     r       4.6
6.179E+08    1.726E-05    1.018E+26    2.772E+05    1.479E+09    3.981E-01    3.454E+00    3.438E-24     r       4.6
6.175E+08    1.768E-05    1.018E+26    2.788E+05    1.518E+09    4.062E-01    3.443E+00    3.849E-24     r       4.6
6.168E+08    1.854E-05    1.018E+26    2.819E+05    1.597E+09    4.227E-01    3.421E+00    4.814E-24     r       4.6
6.165E+08    1.898E-05    1.018E+26    2.834E+05    1.638E+09    4.311E-01    3.410E+00    5.378E-24     r       4.6
6.158E+08    1.988E-05    1.018E+26    2.866E+05    1.722E+09    4.484E-01    3.388E+00    6.700E-24     r       4.6
6.155E+08    2.035E-05    1.018E+26    2.881E+05    1.766E+09    4.572E-01    3.377E+00    7.470E-24     r       4.6
6.148E+08    2.130E-05    1.018E+26    2.913E+05    1.855E+09    4.753E-01    3.356E+00    9.271E-24     r       4.6
6.144E+08    2.179E-05    1.018E+26    2.928E+05    1.902E+09    4.846E-01    3.346E+00    1.032E-23     r       4.6
6.138E+08    2.280E-05    1.018E+26    2.960E+05    1.997E+09    5.035E-01    3.325E+00    1.276E-23     r       4.6
6.134E+08    2.332E-05    1.018E+26    2.976E+05    2.046E+09    5.131E-01    3.315E+00    1.417E-23     r       4.6
6.127E+08    2.439E-05    1.018E+26    3.007E+05    2.148E+09    5.329E-01    3.295E+00    1.746E-23     r       4.6
6.114E+08    2.663E-05    1.018E+26    3.070E+05    2.363E+09    5.742E-01    3.255E+00    2.631E-23     r       4.6
6.107E+08    2.782E-05    1.018E+26    3.102E+05    2.477E+09    5.958E-01    3.236E+00    3.220E-23     r       4.6
6.093E+08    3.031E-05    1.018E+26    3.166E+05    2.719E+09    6.409E-01    3.198E+00    4.789E-23     r       4.6
6.086E+08    3.162E-05    1.018E+26    3.198E+05    2.848E+09    6.644E-01    3.180E+00    5.822E-23     r       4.6
6.072E+08    3.438E-05    1.018E+26    3.262E+05    3.119E+09    7.134E-01    3.143E+00    8.553E-23     r       4.6
6.066E+08    3.583E-05    1.018E+26    3.294E+05    3.263E+09    7.390E-01    3.126E+00    1.034E-22     r       4.6
6.052E+08    3.887E-05    1.018E+26    3.359E+05    3.567E+09    7.923E-01    3.091E+00    1.501E-22     r       4.6
6.045E+08    4.047E-05    1.018E+26    3.392E+05    3.727E+09    8.200E-01    3.074E+00    1.803E-22     r       4.6
6.031E+08    4.382E-05    1.018E+26    3.457E+05    4.066E+09    8.778E-01    3.040E+00    2.589E-22     r       4.6
6.024E+08    4.558E-05    1.018E+26    3.489E+05    4.245E+09    9.079E-01    3.024E+00    3.095E-22     r       4.6
6.011E+08    4.927E-05    1.018E+26    3.555E+05    4.623E+09    9.705E-01    2.992E+00    4.398E-22     r       4.6
6.004E+08    5.120E-05    1.018E+26    3.588E+05    4.823E+09    1.003E+00    2.976E+00    5.229E-22     r       4.6
5.990E+08    5.524E-05    1.018E+26    3.654E+05    5.243E+09    1.071E+00    2.945E+00    7.358E-22     r       4.6
5.983E+08    5.735E-05    1.018E+26    3.687E+05    5.464E+09    1.106E+00    2.929E+00    8.708E-22     r       4.6
5.969E+08    6.177E-05    1.018E+26    3.753E+05    5.930E+09    1.179E+00    2.900E+00    1.214E-21     r       4.6
5.963E+08    6.408E-05    1.018E+26    3.787E+05    6.175E+09    1.217E+00    2.885E+00    1.430E-21     r       4.6
5.949E+08    6.891E-05    1.018E+26    3.854E+05    6.691E+09    1.296E+00    2.856E+00    1.976E-21     r       4.6
5.942E+08    7.143E-05    1.018E+26    3.887E+05    6.962E+09    1.336E+00    2.842E+00    2.318E-21     r       4.6
5.928E+08    7.669E-05    1.018E+26    3.955E+05    7.532E+09    1.421E+00    2.814E+00    3.176E-21     r       4.6
5.921E+08    7.944E-05    1.018E+26    3.989E+05    7.832E+09    1.465E+00    2.800E+00    3.710E-21     r       4.6
5.908E+08    8.516E-05    1.018E+26    4.057E+05    8.461E+09    1.557E+00    2.773E+00    5.043E-21     r       4.6
5.901E+08    8.815E-05    1.018E+26    4.091E+05    8.791E+09    1.604E+00    2.760E+00    5.869E-21     r       4.6
5.887E+08    9.437E-05    1.018E+26    4.159E+05    9.485E+09    1.702E+00    2.734E+00    7.917E-21     r       4.6
5.880E+08    9.761E-05    1.018E+26    4.193E+05    9.848E+09    1.753E+00    2.721E+00    9.178E-21     r       4.6
5.867E+08    1.044E-04    1.018E+26    4.262E+05    1.061E+10    1.858E+00    2.696E+00    1.229E-20     r       4.6
5.860E+08    1.079E-04    1.018E+26    4.297E+05    1.101E+10    1.912E+00    2.684E+00    1.420E-20     r       4.6
5.846E+08    1.152E-04    1.018E+26    4.366E+05    1.185E+10    2.025E+00    2.659E+00    1.889E-20     r       4.6
5.839E+08    1.190E-04    1.018E+26    4.401E+05    1.229E+10    2.083E+00    2.647E+00    2.175E-20     r       4.6
5.825E+08    1.269E-04    1.018E+26    4.471E+05    1.320E+10    2.204E+00    2.624E+00    2.874E-20     r       4.6
5.818E+08    1.310E-04    1.018E+26    4.506E+05    1.368E+10    2.266E+00    2.612E+00    3.298E-20     r       4.6
5.805E+08    1.395E-04    1.018E+26    4.576E+05    1.469E+10    2.395E+00    2.589E+00    4.331E-20     r       4.6
5.798E+08    1.439E-04    1.018E+26    4.612E+05    1.522E+10    2.462E+00    2.578E+00    4.955E-20     r       4.6
5.784E+08    1.531E-04    1.018E+26    4.683E+05    1.631E+10    2.600E+00    2.555E+00    6.468E-20     r       4.6
5.777E+08    1.579E-04    1.018E+26    4.718E+05    1.689E+10    2.671E+00    2.544E+00    7.379E-20     r       4.6
5.764E+08    1.678E-04    1.018E+26    4.790E+05    1.809E+10    2.819E+00    2.523E+00    9.576E-20     r       4.6
5.757E+08    1.730E-04    1.018E+26    4.826E+05    1.872E+10    2.895E+00    2.512E+00    1.089E-19     r       4.6
5.743E+08    1.836E-04    1.018E+26    4.897E+05    2.003E+10    3.052E+00    2.491E+00    1.406E-19     r       4.6
5.736E+08    1.891E-04    1.018E+26    4.934E+05    2.071E+10    3.133E+00    2.481E+00    1.595E-19     r       4.6
5.722E+08    2.006E-04    1.018E+26    5.006E+05    2.214E+10    3.301E+00    2.460E+00    2.048E-19     r       4.6
5.716E+08    2.065E-04    1.018E+26    5.042E+05    2.288E+10    3.387E+00    2.450E+00    2.318E-19     r       4.6
5.702E+08    2.188E-04    1.018E+26    5.115E+05    2.444E+10    3.566E+00    2.430E+00    2.961E-19     r       4.6
5.695E+08    2.251E-04    1.018E+26    5.152E+05    2.525E+10    3.658E+00    2.421E+00    3.342E-19     r       4.6
5.681E+08    2.383E-04    1.018E+26    5.226E+05    2.694E+10    3.847E+00    2.401E+00    4.249E-19     r       4.6
5.674E+08    2.451E-04    1.018E+26    5.262E+05    2.782E+10    3.945E+00    2.392E+00    4.785E-19     r       4.6
5.661E+08    2.592E-04    1.018E+26    5.337E+05    2.965E+10    4.147E+00    2.373E+00    6.054E-19     r       4.6
5.654E+08    2.665E-04    1.018E+26    5.374E+05    3.061E+10    4.251E+00    2.364E+00    6.802E-19     r       4.6
5.640E+08    2.815E-04    1.018E+26    5.448E+05    3.260E+10    4.466E+00    2.345E+00    8.569E-19     r       4.6
5.633E+08    2.893E-04    1.018E+26    5.486E+05    3.364E+10    4.576E+00    2.336E+00    9.607E-19     r       4.6
5.619E+08    3.054E-04    1.018E+26    5.561E+05    3.580E+10    4.804E+00    2.318E+00    1.205E-18     r       4.6
5.613E+08    3.137E-04    1.018E+26    5.599E+05    3.692E+10    4.922E+00    2.310E+00    1.348E-18     r       4.6
5.599E+08    3.309E-04    1.018E+26    5.674E+05    3.926E+10    5.163E+00    2.292E+00    1.684E-18     r       4.6
5.592E+08    3.397E-04    1.018E+26    5.712E+05    4.047E+10    5.288E+00    2.284E+00    1.880E-18     r       4.6
5.578E+08    3.580E-04    1.018E+26    5.789E+05    4.300E+10    5.544E+00    2.267E+00    2.339E-18     r       4.6
5.571E+08    3.675E-04    1.018E+26    5.827E+05    4.432E+10    5.676E+00    2.258E+00    2.606E-18     r       4.6
5.558E+08    3.870E-04    1.018E+26    5.904E+05    4.705E+10    5.948E+00    2.242E+00    3.230E-18     r       4.6
5.551E+08    3.970E-04    1.018E+26    5.943E+05    4.847E+10    6.088E+00    2.233E+00    3.592E-18     r       4.6
5.537E+08    4.178E-04    1.018E+26    6.020E+05    5.142E+10    6.376E+00    2.217E+00    4.436E-18     r       4.6
5.530E+08    4.285E-04    1.018E+26    6.059E+05    5.296E+10    6.524E+00    2.209E+00    4.924E-18     r       4.6
5.517E+08    4.506E-04    1.018E+26    6.137E+05    5.614E+10    6.828E+00    2.193E+00    6.059E-18     r       4.6
5.510E+08    4.620E-04    1.018E+26    6.176E+05    5.780E+10    6.985E+00    2.186E+00    6.714E-18     r       4.6
5.496E+08    4.854E-04    1.018E+26    6.255E+05    6.124E+10    7.307E+00    2.170E+00    8.233E-18     r       4.6
5.489E+08    4.975E-04    1.018E+26    6.294E+05    6.302E+10    7.473E+00    2.163E+00    9.108E-18     r       4.6
5.475E+08    5.224E-04    1.018E+26    6.373E+05    6.673E+10    7.814E+00    2.147E+00    1.113E-17     r       4.6
5.469E+08    5.352E-04    1.018E+26    6.413E+05    6.865E+10    7.989E+00    2.140E+00    1.229E-17     r       4.6
5.455E+08    5.616E-04    1.018E+26    6.493E+05    7.264E+10    8.350E+00    2.125E+00    1.498E-17     r       4.6
5.448E+08    5.752E-04    1.018E+26    6.533E+05    7.470E+10    8.535E+00    2.118E+00    1.652E-17     r       4.6
5.434E+08    6.032E-04    1.018E+26    6.614E+05    7.900E+10    8.915E+00    2.104E+00    2.006E-17     r       4.6
5.427E+08    6.176E-04    1.018E+26    6.654E+05    8.122E+10    9.111E+00    2.096E+00    2.208E-17     r       4.6
5.414E+08    6.472E-04    1.018E+26    6.735E+05    8.584E+10    9.513E+00    2.082E+00    2.674E-17     r       4.6
5.407E+08    6.625E-04    1.018E+26    6.776E+05    8.823E+10    9.719E+00    2.075E+00    2.940E-17     r       4.6
5.393E+08    6.939E-04    1.018E+26    6.857E+05    9.319E+10    1.014E+01    2.061E+00    3.549E-17     r       4.6
5.386E+08    7.100E-04    1.018E+26    6.898E+05    9.576E+10    1.036E+01    2.055E+00    3.896E-17     r       4.6
5.372E+08    7.432E-04    1.018E+26    6.981E+05    1.011E+11    1.081E+01    2.041E+00    4.690E-17     r       4.6
5.366E+08    7.603E-04    1.018E+26    7.022E+05    1.038E+11    1.104E+01    2.034E+00    5.143E-17     r       4.6
5.352E+08    7.953E-04    1.018E+26    7.105E+05    1.096E+11    1.151E+01    2.021E+00    6.174E-17     r       4.6
5.345E+08    8.134E-04    1.018E+26    7.147E+05    1.125E+11    1.175E+01    2.015E+00    6.760E-17     r       4.6
5.331E+08    8.504E-04    1.018E+26    7.230E+05    1.187E+11    1.225E+01    2.002E+00    8.094E-17     r       4.6
5.324E+08    8.695E-04    1.018E+26    7.272E+05    1.218E+11    1.250E+01    1.995E+00    8.851E-17     r       4.6
5.311E+08    9.086E-04    1.018E+26    7.357E+05    1.284E+11    1.303E+01    1.982E+00    1.057E-16     r       4.6
5.304E+08    9.287E-04    1.018E+26    7.399E+05    1.318E+11    1.330E+01    1.976E+00    1.155E-16     r       4.6
5.290E+08    9.699E-04    1.018E+26    7.484E+05    1.388E+11    1.385E+01    1.964E+00    1.375E-16     r       4.6
5.283E+08    9.911E-04    1.018E+26    7.527E+05    1.425E+11    1.413E+01    1.957E+00    1.500E-16     r       4.6
5.270E+08    1.035E-03    1.018E+26    7.612E+05    1.500E+11    1.471E+01    1.945E+00    1.783E-16     r       4.6
5.263E+08    1.057E-03    1.018E+26    7.655E+05    1.539E+11    1.501E+01    1.939E+00    1.943E-16     r       4.6
5.249E+08    1.103E-03    1.018E+26    7.742E+05    1.620E+11    1.562E+01    1.927E+00    2.304E-16     r       4.6
5.242E+08    1.126E-03    1.018E+26    7.785E+05    1.662E+11    1.593E+01    1.921E+00    2.507E-16     r       4.6
5.228E+08    1.175E-03    1.018E+26    7.872E+05    1.748E+11    1.658E+01    1.909E+00    2.966E-16     r       4.6
5.221E+08    1.199E-03    1.018E+26    7.915E+05    1.793E+11    1.690E+01    1.903E+00    3.224E-16     r       4.6
5.208E+08    1.250E-03    1.018E+26    8.003E+05    1.885E+11    1.758E+01    1.892E+00    3.806E-16     r       4.6
5.201E+08    1.276E-03    1.018E+26    8.047E+05    1.933E+11    1.793E+01    1.886E+00    4.133E-16     r       4.6
5.187E+08    1.330E-03    1.018E+26    8.136E+05    2.031E+11    1.864E+01    1.875E+00    4.868E-16     r       4.6
5.180E+08    1.357E-03    1.018E+26    8.180E+05    2.082E+11    1.900E+01    1.869E+00    5.281E-16     r       4.6
5.167E+08    1.413E-03    1.018E+26    8.269E+05    2.188E+11    1.975E+01    1.858E+00    6.207E-16     r       4.6
5.160E+08    1.442E-03    1.018E+26    8.314E+05    2.242E+11    2.013E+01    1.853E+00    6.726E-16     r       4.6
5.146E+08    1.501E-03    1.018E+26    8.404E+05    2.354E+11    2.091E+01    1.842E+00    7.891E-16     r       4.6
5.139E+08    1.531E-03    1.018E+26    8.449E+05    2.413E+11    2.131E+01    1.836E+00    8.543E-16     r       4.6
5.125E+08    1.593E-03    1.018E+26    8.539E+05    2.533E+11    2.214E+01    1.825E+00    1.000E-15     r       4.6
5.098E+08    1.724E-03    1.018E+26    8.722E+05    2.789E+11    2.387E+01    1.804E+00    1.366E-15     r       4.6
5.084E+08    1.792E-03    1.018E+26    8.814E+05    2.925E+11    2.477E+01    1.794E+00    1.593E-15     r       4.6
5.057E+08    1.935E-03    1.018E+26    8.999E+05    3.216E+11    2.668E+01    1.773E+00    2.160E-15     r       4.5
5.043E+08    2.010E-03    1.018E+26    9.093E+05    3.371E+11    2.767E+01    1.763E+00    2.511E-15     r       4.6
5.016E+08    2.168E-03    1.018E+26    9.281E+05    3.701E+11    2.977E+01    1.744E+00    3.380E-15     r       4.5
5.002E+08    2.250E-03    1.018E+26    9.377E+05    3.877E+11    3.086E+01    1.734E+00    3.915E-15     r       4.5
4.974E+08    2.423E-03    1.018E+26    9.568E+05    4.251E+11    3.316E+01    1.715E+00    5.237E-15     r       4.5
4.961E+08    2.513E-03    1.018E+26    9.665E+05    4.450E+11    3.437E+01    1.705E+00    6.047E-15     r       4.5
4.933E+08    2.702E-03    1.018E+26    9.860E+05    4.873E+11    3.689E+01    1.687E+00    8.038E-15     r       4.5
4.920E+08    2.801E-03    1.018E+26    9.958E+05    5.098E+11    3.821E+01    1.678E+00    9.254E-15     r       4.5
4.892E+08    3.007E-03    1.018E+26    1.016E+06    5.576E+11    4.098E+01    1.660E+00    1.223E-14     r       4.5
4.878E+08    3.115E-03    1.018E+26    1.026E+06    5.830E+11    4.243E+01    1.651E+00    1.404E-14     r       4.5
4.851E+08    3.340E-03    1.018E+26    1.046E+06    6.369E+11    4.546E+01    1.633E+00    1.844E-14     r       4.5
4.837E+08    3.458E-03    1.018E+26    1.056E+06    6.655E+11    4.705E+01    1.625E+00    2.111E-14     r       4.5
4.810E+08    3.704E-03    1.018E+26    1.076E+06    7.263E+11    5.037E+01    1.608E+00    2.760E-14     r       4.5
4.796E+08    3.832E-03    1.018E+26    1.087E+06    7.586E+11    5.210E+01    1.600E+00    3.151E-14     r       4.5
4.769E+08    4.099E-03    1.018E+26    1.108E+06    8.270E+11    5.573E+01    1.583E+00    4.097E-14     r       4.5
4.755E+08    4.238E-03    1.018E+26    1.118E+06    8.633E+11    5.763E+01    1.575E+00    4.666E-14     r       4.5
4.727E+08    4.529E-03    1.018E+26    1.139E+06    9.402E+11    6.160E+01    1.559E+00    6.038E-14     r       4.5
4.714E+08    4.680E-03    1.018E+26    1.150E+06    9.810E+11    6.367E+01    1.551E+00    6.860E-14     r       4.5
4.686E+08    4.995E-03    1.018E+26    1.172E+06    1.067E+12    6.801E+01    1.535E+00    8.836E-14     r       4.5
4.672E+08    5.159E-03    1.018E+26    1.183E+06    1.113E+12    7.027E+01    1.528E+00    1.002E-13     r       4.5
4.645E+08    5.501E-03    1.018E+26    1.205E+06    1.210E+12    7.500E+01    1.513E+00    1.285E-13     r       4.5
4.631E+08    5.678E-03    1.018E+26    1.216E+06    1.262E+12    7.747E+01    1.505E+00    1.453E-13     r       4.5
4.604E+08    6.048E-03    1.018E+26    1.238E+06    1.370E+12    8.263E+01    1.490E+00    1.855E-13     r       4.5
4.590E+08    6.240E-03    1.018E+26    1.249E+06    1.428E+12    8.532E+01    1.483E+00    2.094E-13     r       4.5
4.563E+08    6.640E-03    1.018E+26    1.272E+06    1.550E+12    9.094E+01    1.469E+00    2.664E-13     r       4.5
4.549E+08    6.848E-03    1.018E+26    1.284E+06    1.614E+12    9.388E+01    1.461E+00    3.001E-13     r       4.5
4.522E+08    7.280E-03    1.018E+26    1.307E+06    1.751E+12    1.000E+02    1.447E+00    3.802E-13     r       4.5
4.508E+08    7.505E-03    1.018E+26    1.318E+06    1.823E+12    1.032E+02    1.440E+00    4.275E-13     r       4.5
4.480E+08    7.971E-03    1.018E+26    1.342E+06    1.975E+12    1.099E+02    1.427E+00    5.395E-13     r       4.5
4.467E+08    8.213E-03    1.018E+26    1.354E+06    2.056E+12    1.133E+02    1.420E+00    6.056E-13     r       4.5
4.439E+08    8.716E-03    1.018E+26    1.378E+06    2.226E+12    1.206E+02    1.407E+00    7.616E-13     r       4.5
4.425E+08    8.976E-03    1.018E+26    1.390E+06    2.316E+12    1.244E+02    1.400E+00    8.534E-13     r       4.5
4.398E+08    9.518E-03    1.018E+26    1.415E+06    2.507E+12    1.323E+02    1.387E+00    1.070E-12     r       4.5
4.384E+08    9.798E-03    1.018E+26    1.427E+06    2.607E+12    1.364E+02    1.380E+00    1.196E-12     r       4.5
4.357E+08    1.038E-02    1.018E+26    1.452E+06    2.820E+12    1.450E+02    1.367E+00    1.495E-12     r       4.5
4.343E+08    1.068E-02    1.018E+26    1.464E+06    2.932E+12    1.495E+02    1.361E+00    1.669E-12     r       4.5
4.316E+08    1.131E-02    1.018E+26    1.490E+06    3.169E+12    1.588E+02    1.349E+00    2.079E-12     r       4.5
4.302E+08    1.163E-02    1.018E+26    1.503E+06    3.294E+12    1.637E+02    1.342E+00    2.318E-12     r       4.5
4.274E+08    1.231E-02    1.018E+26    1.529E+06    3.558E+12    1.738E+02    1.330E+00    2.878E-12     r       4.5
4.261E+08    1.265E-02    1.018E+26    1.542E+06    3.698E+12    1.791E+02    1.324E+00    3.205E-12     r       4.5
4.233E+08    1.337E-02    1.018E+26    1.568E+06    3.992E+12    1.901E+02    1.312E+00    3.967E-12     r       4.5
4.220E+08    1.375E-02    1.018E+26    1.581E+06    4.147E+12    1.958E+02    1.306E+00    4.411E-12     r       4.5
4.192E+08    1.452E-02    1.018E+26    1.608E+06    4.475E+12    2.077E+02    1.294E+00    5.446E-12     r       4.5
4.178E+08    1.492E-02    1.018E+26    1.622E+06    4.648E+12    2.140E+02    1.288E+00    6.047E-12     r       4.5
4.151E+08    1.575E-02    1.018E+26    1.649E+06    5.012E+12    2.269E+02    1.277E+00    7.445E-12     r       4.5
4.137E+08    1.618E-02    1.018E+26    1.663E+06    5.205E+12    2.337E+02    1.271E+00    8.256E-12     r       4.5
4.110E+08    1.707E-02    1.018E+26    1.691E+06    5.610E+12    2.477E+02    1.260E+00    1.014E-11     r       4.5
4.096E+08    1.752E-02    1.018E+26    1.705E+06    5.824E+12    2.550E+02    1.254E+00    1.123E-11     r       4.5
4.069E+08    1.847E-02    1.018E+26    1.733E+06    6.275E+12    2.703E+02    1.243E+00    1.376E-11     r       4.5
4.055E+08    1.896E-02    1.018E+26    1.748E+06    6.513E+12    2.782E+02    1.238E+00    1.522E-11     r       4.5
4.027E+08    1.998E-02    1.018E+26    1.777E+06    7.014E+12    2.947E+02    1.227E+00    1.859E-11     r       4.5
4.014E+08    2.050E-02    1.018E+26    1.791E+06    7.278E+12    3.033E+02    1.221E+00    2.054E-11     r       4.5
3.986E+08    2.158E-02    1.018E+26    1.821E+06    7.835E+12    3.212E+02    1.210E+00    2.505E-11     r       4.5
3.973E+08    2.214E-02    1.018E+26    1.836E+06    8.128E+12    3.305E+02    1.205E+00    2.764E-11     r       4.5
3.945E+08    2.330E-02    1.018E+26    1.866E+06    8.747E+12    3.499E+02    1.195E+00    3.363E-11     r       4.5
3.931E+08    2.390E-02    1.018E+26    1.881E+06    9.072E+12    3.600E+02    1.189E+00    3.707E-11     r       4.5
3.904E+08    2.513E-02    1.018E+26    1.912E+06    9.758E+12    3.810E+02    1.179E+00    4.500E-11     r       4.5
3.890E+08    2.576E-02    1.018E+26    1.928E+06    1.012E+13    3.920E+02    1.174E+00    4.956E-11     r       4.5
3.863E+08    2.708E-02    1.018E+26    1.959E+06    1.088E+13    4.147E+02    1.164E+00    6.003E-11     r       4.5
3.849E+08    2.775E-02    1.018E+26    1.975E+06    1.128E+13    4.265E+02    1.158E+00    6.604E-11     r       4.5
3.822E+08    2.915E-02    1.018E+26    2.007E+06    1.213E+13    4.511E+02    1.148E+00    7.984E-11     r       4.5
3.808E+08    2.987E-02    1.018E+26    2.023E+06    1.257E+13    4.639E+02    1.143E+00    8.775E-11     r       4.5
3.780E+08    3.136E-02    1.018E+26    2.056E+06    1.351E+13    4.906E+02    1.134E+00    1.059E-10     r       4.5
3.767E+08    3.213E-02    1.018E+26    2.072E+06    1.400E+13    5.044E+02    1.129E+00    1.163E-10     r       4.5
3.739E+08    3.372E-02    1.018E+26    2.106E+06    1.504E+13    5.332E+02    1.119E+00    1.400E-10     r       4.5
3.726E+08    3.453E-02    1.018E+26    2.123E+06    1.559E+13    5.482E+02    1.114E+00    1.536E-10     r       4.5
3.698E+08    3.621E-02    1.018E+26    2.157E+06    1.674E+13    5.794E+02    1.104E+00    1.846E-10     r       4.5
3.684E+08    3.708E-02    1.018E+26    2.174E+06    1.734E+13    5.956E+02    1.100E+00    2.024E-10     r       4.5
3.657E+08    3.887E-02    1.018E+26    2.209E+06    1.862E+13    6.293E+02    1.090E+00    2.428E-10     r       4.5
3.643E+08    3.979E-02    1.018E+26    2.226E+06    1.929E+13    6.468E+02    1.085E+00    2.659E-10     r       4.5
3.616E+08    4.169E-02    1.018E+26    2.262E+06    2.070E+13    6.833E+02    1.076E+00    3.186E-10     r       4.5
3.602E+08    4.267E-02    1.018E+26    2.280E+06    2.144E+13    7.022E+02    1.071E+00    3.485E-10     r       4.5
3.575E+08    4.468E-02    1.018E+26    2.316E+06    2.300E+13    7.416E+02    1.062E+00    4.169E-10     r       4.5
3.561E+08    4.572E-02    1.018E+26    2.334E+06    2.382E+13    7.621E+02    1.058E+00    4.557E-10     r       4.5
3.533E+08    4.786E-02    1.018E+26    2.371E+06    2.555E+13    8.047E+02    1.048E+00    5.442E-10     r       4.5
3.520E+08    4.895E-02    1.018E+26    2.390E+06    2.646E+13    8.268E+02    1.044E+00    5.944E-10     r       4.5
3.492E+08    5.122E-02    1.018E+26    2.428E+06    2.838E+13    8.728E+02    1.035E+00    7.087E-10     r       4.4
3.478E+08    5.238E-02    1.018E+26    2.447E+06    2.938E+13    8.967E+02    1.030E+00    7.735E-10     r       4.4
3.451E+08    5.478E-02    1.018E+26    2.485E+06    3.150E+13    9.464E+02    1.021E+00    9.209E-10     r       4.4
3.437E+08    5.601E-02    1.018E+26    2.505E+06    3.261E+13    9.722E+02    1.017E+00    1.004E-09     r       4.4
3.410E+08    5.855E-02    1.018E+26    2.544E+06    3.496E+13    1.026E+03    1.008E+00    1.194E-09     r       4.4
3.396E+08    5.986E-02    1.018E+26    2.564E+06    3.619E+13    1.054E+03    1.004E+00    1.301E-09     r       4.4
3.369E+08    6.254E-02    1.018E+26    2.604E+06    3.878E+13    1.112E+03    9.951E-01    1.544E-09     r       4.4
3.355E+08    6.392E-02    1.018E+26    2.625E+06    4.014E+13    1.142E+03    9.907E-01    1.682E-09     r       4.4
3.328E+08    6.676E-02    1.018E+26    2.666E+06    4.300E+13    1.204E+03    9.821E-01    1.994E-09     r       4.4
3.314E+08    6.822E-02    1.018E+26    2.687E+06    4.450E+13    1.237E+03    9.778E-01    2.170E-09     r       4.4
3.286E+08    7.121E-02    1.018E+26    2.729E+06    4.767E+13    1.304E+03    9.693E-01    2.568E-09     r       4.4
3.273E+08    7.276E-02    1.018E+26    2.750E+06    4.933E+13    1.339E+03    9.650E-01    2.793E-09     r       4.4
3.245E+08    7.592E-02    1.018E+26    2.793E+06    5.282E+13    1.412E+03    9.565E-01    3.302E-09     r       4.4
3.231E+08    7.755E-02    1.018E+26    2.815E+06    5.466E+13    1.450E+03    9.523E-01    3.589E-09     r       4.4
3.204E+08    8.089E-02    1.018E+26    2.858E+06    5.852E+13    1.529E+03    9.439E-01    4.237E-09     r       4.4
3.190E+08    8.260E-02    1.018E+26    2.881E+06    6.055E+13    1.569E+03    9.397E-01    4.602E-09     r       4.4
3.163E+08    8.613E-02    1.018E+26    2.926E+06    6.481E+13    1.654E+03    9.314E-01    5.426E-09     r       4.4
3.149E+08    8.794E-02    1.018E+26    2.948E+06    6.705E+13    1.698E+03    9.272E-01    5.890E-09     r       4.4
3.122E+08    9.165E-02    1.018E+26    2.994E+06    7.175E+13    1.789E+03    9.189E-01    6.936E-09     r       4.4
3.108E+08    9.356E-02    1.018E+26    3.017E+06    7.422E+13    1.837E+03    9.148E-01    7.524E-09     r       4.4
3.080E+08    9.747E-02    1.018E+26    3.064E+06    7.942E+13    1.935E+03    9.066E-01    8.848E-09     r       4.4
3.067E+08    9.948E-02    1.018E+26    3.088E+06    8.214E+13    1.986E+03    9.025E-01    9.593E-09     r       4.4
3.039E+08    1.036E-01    1.018E+26    3.136E+06    8.787E+13    2.092E+03    8.944E-01    1.127E-08     r       4.4
3.026E+08    1.057E-01    1.018E+26    3.160E+06    9.088E+13    2.147E+03    8.903E-01    1.221E-08     r       4.4
2.998E+08    1.100E-01    1.018E+26    3.209E+06    9.720E+13    2.261E+03    8.822E-01    1.432E-08     r       4.4
2.984E+08    1.123E-01    1.018E+26    3.234E+06    1.005E+14    2.321E+03    8.782E-01    1.551E-08     r       4.4
2.957E+08    1.168E-01    1.018E+26    3.284E+06    1.075E+14    2.444E+03    8.701E-01    1.818E-08     r       4.4
2.943E+08    1.192E-01    1.017E+26    3.309E+06    1.111E+14    2.508E+03    8.661E-01    1.967E-08     r       4.4
2.916E+08    1.239E-01    1.017E+26    3.360E+06    1.188E+14    2.640E+03    8.581E-01    2.302E-08     r       4.3
2.902E+08    1.264E-01    1.017E+26    3.386E+06    1.228E+14    2.709E+03    8.541E-01    2.490E-08     r       4.3
2.875E+08    1.314E-01    1.017E+26    3.439E+06    1.313E+14    2.851E+03    8.461E-01    2.911E-08     r       4.3
2.861E+08    1.340E-01    1.017E+26    3.465E+06    1.357E+14    2.925E+03    8.421E-01    3.147E-08     r       4.3
2.833E+08    1.393E-01    1.017E+26    3.519E+06    1.451E+14    3.078E+03    8.342E-01    3.675E-08     r       4.3
2.820E+08    1.420E-01    1.017E+26    3.546E+06    1.499E+14    3.157E+03    8.302E-01    3.970E-08     r       4.3
2.792E+08    1.475E-01    1.017E+26    3.601E+06    1.602E+14    3.322E+03    8.223E-01    4.631E-08     r       4.3
2.779E+08    1.503E-01    1.017E+26    3.628E+06    1.656E+14    3.407E+03    8.184E-01    5.000E-08     r       4.3
2.751E+08    1.561E-01    1.017E+26    3.684E+06    1.769E+14    3.584E+03    8.105E-01    5.825E-08     r       4.3
2.737E+08    1.591E-01    1.017E+26    3.713E+06    1.828E+14    3.676E+03    8.066E-01    6.286E-08     r       4.3
2.710E+08    1.651E-01    1.017E+26    3.770E+06    1.952E+14    3.866E+03    7.987E-01    7.316E-08     r       4.3
2.696E+08    1.682E-01    1.017E+26    3.799E+06    2.017E+14    3.964E+03    7.948E-01    7.890E-08     r       4.3
2.669E+08    1.746E-01    1.017E+26    3.857E+06    2.153E+14    4.168E+03    7.870E-01    9.172E-08     r       4.3
2.655E+08    1.778E-01    1.017E+26    3.887E+06    2.225E+14    4.274E+03    7.831E-01    9.886E-08     r       4.3
2.628E+08    1.844E-01    1.017E+26    3.947E+06    2.375E+14    4.493E+03    7.753E-01    1.148E-07     r       4.3
2.614E+08    1.878E-01    1.017E+26    3.977E+06    2.454E+14    4.606E+03    7.714E-01    1.237E-07     r       4.3
2.586E+08    1.948E-01    1.017E+26    4.038E+06    2.618E+14    4.841E+03    7.636E-01    1.434E-07     r       4.3
2.573E+08    1.983E-01    1.017E+26    4.069E+06    2.704E+14    4.962E+03    7.597E-01    1.544E-07     r       4.2
2.545E+08    2.055E-01    1.017E+26    4.132E+06    2.885E+14    5.214E+03    7.519E-01    1.789E-07     r       4.2
2.531E+08    2.092E-01    1.017E+26    4.163E+06    2.980E+14    5.344E+03    7.480E-01    1.925E-07     r       4.2
2.504E+08    2.167E-01    1.017E+26    4.227E+06    3.178E+14    5.613E+03    7.403E-01    2.227E-07     r       4.2
2.490E+08    2.206E-01    1.017E+26    4.260E+06    3.282E+14    5.752E+03    7.364E-01    2.395E-07     r       4.2
2.463E+08    2.284E-01    1.017E+26    4.325E+06    3.499E+14    6.041E+03    7.286E-01    2.768E-07     r       4.2
2.449E+08    2.324E-01    1.017E+26    4.358E+06    3.613E+14    6.190E+03    7.247E-01    2.975E-07     r       4.2
2.422E+08    2.406E-01    1.017E+26    4.425E+06    3.851E+14    6.498E+03    7.170E-01    3.435E-07     r       4.2
2.408E+08    2.447E-01    1.017E+26    4.459E+06    3.975E+14    6.657E+03    7.131E-01    3.689E-07     r       4.2
2.381E+08    2.532E-01    1.017E+26    4.527E+06    4.236E+14    6.986E+03    7.053E-01    4.254E-07     r       4.2
2.367E+08    2.575E-01    1.017E+26    4.562E+06    4.372E+14    7.156E+03    7.014E-01    4.567E-07     r       4.2
2.339E+08    2.663E-01    1.017E+26    4.632E+06    4.657E+14    7.507E+03    6.937E-01    5.259E-07     r       4.2
2.326E+08    2.708E-01    1.017E+26    4.667E+06    4.806E+14    7.689E+03    6.898E-01    5.643E-07     r       4.1
2.298E+08    2.799E-01    1.017E+26    4.738E+06    5.117E+14    8.063E+03    6.820E-01    6.490E-07     r       4.1
2.284E+08    2.845E-01    1.017E+26    4.774E+06    5.279E+14    8.256E+03    6.782E-01    6.959E-07     r       4.1
2.257E+08    2.940E-01    1.017E+26    4.847E+06    5.619E+14    8.656E+03    6.704E-01    7.994E-07     r       4.1
2.243E+08    2.988E-01    1.017E+26    4.884E+06    5.796E+14    8.861E+03    6.665E-01    8.566E-07     r       4.1
2.216E+08    3.086E-01    1.017E+26    4.959E+06    6.167E+14    9.286E+03    6.587E-01    9.828E-07     r       4.1
2.202E+08    3.135E-01    1.016E+26    4.996E+06    6.360E+14    9.505E+03    6.548E-01    1.052E-06     r       4.1
2.175E+08    3.236E-01    1.016E+26    5.072E+06    6.764E+14    9.956E+03    6.471E-01    1.206E-06     r       4.1
2.161E+08    3.288E-01    1.016E+26    5.111E+06    6.974E+14    1.019E+04    6.432E-01    1.290E-06     r       4.1
2.133E+08    3.392E-01    1.016E+26    5.189E+06    7.413E+14    1.067E+04    6.354E-01    1.477E-06     r       4.0
2.120E+08    3.445E-01    1.016E+26    5.228E+06    7.642E+14    1.091E+04    6.315E-01    1.579E-06     r       4.0
2.092E+08    3.552E-01    1.016E+26    5.307E+06    8.119E+14    1.142E+04    6.237E-01    1.805E-06     r       4.0
2.079E+08    3.607E-01    1.015E+26    5.347E+06    8.368E+14    1.168E+04    6.198E-01    1.928E-06     r       4.0
2.051E+08    3.717E-01    1.015E+26    5.428E+06    8.886E+14    1.222E+04    6.120E-01    2.201E-06     r       4.0
2.037E+08    3.773E-01    1.015E+26    5.469E+06    9.155E+14    1.250E+04    6.081E-01    2.350E-06     r       4.0
2.010E+08    3.886E-01    1.014E+26    5.552E+06    9.717E+14    1.307E+04    6.003E-01    2.678E-06     r       4.0
1.996E+08    3.944E-01    1.014E+26    5.593E+06    1.001E+15    1.336E+04    5.964E-01    2.858E-06     r       4.0
1.969E+08    4.060E-01    1.014E+26    5.678E+06    1.062E+15    1.396E+04    5.886E-01    3.252E-06     r       3.9
1.955E+08    4.119E-01    1.013E+26    5.720E+06    1.093E+15    1.427E+04    5.847E-01    3.468E-06     r       3.9
1.928E+08    4.238E-01    1.013E+26    5.806E+06    1.159E+15    1.490E+04    5.768E-01    3.940E-06     r       3.9
1.914E+08    4.299E-01    1.012E+26    5.849E+06    1.193E+15    1.523E+04    5.729E-01    4.198E-06     r       3.9
1.886E+08    4.420E-01    1.011E+26    5.937E+06    1.264E+15    1.589E+04    5.651E-01    4.762E-06     r       3.9
1.873E+08    4.482E-01    1.011E+26    5.981E+06    1.301E+15    1.624E+04    5.612E-01    5.070E-06     r       3.9
1.845E+08    4.606E-01    1.010E+26    6.070E+06    1.377E+15    1.694E+04    5.534E-01    5.742E-06     r       3.9
1.832E+08    4.669E-01    1.009E+26    6.115E+06    1.417E+15    1.730E+04    5.495E-01    6.109E-06     r       3.8
1.804E+08    4.795E-01    1.008E+26    6.206E+06    1.499E+15    1.803E+04    5.416E-01    6.908E-06     r       3.8
1.790E+08    4.859E-01    1.007E+26    6.252E+06    1.541E+15    1.840E+04    5.377E-01    7.342E-06     r       3.8
1.763E+08    4.988E-01    1.006E+26    6.344E+06    1.629E+15    1.917E+04    5.299E-01    8.288E-06     r       3.8
1.749E+08    5.052E-01    1.005E+26    6.391E+06    1.675E+15    1.957E+04    5.260E-01    8.802E-06     r       3.8
1.722E+08    5.183E-01    1.003E+26    6.485E+06    1.769E+15    2.037E+04    5.183E-01    9.919E-06     r       3.8
1.708E+08    5.248E-01    1.002E+26    6.532E+06    1.818E+15    2.078E+04    5.144E-01    1.053E-05     r       3.7
1.681E+08    5.380E-01    9.993E+25    6.628E+06    1.919E+15    2.161E+04    5.066E-01    1.184E-05     r       3.7
1.667E+08    5.446E-01    9.980E+25    6.676E+06    1.971E+15    2.204E+04    5.027E-01    1.255E-05     r       3.7
1.639E+08    5.579E-01    9.952E+25    6.773E+06    2.078E+15    2.291E+04    4.950E-01    1.409E-05     r       3.7
1.626E+08    5.646E-01    9.937E+25    6.822E+06    2.134E+15    2.335E+04    4.911E-01    1.493E-05     r       3.7
1.598E+08    5.780E-01    9.903E+25    6.921E+06    2.248E+15    2.426E+04    4.834E-01    1.673E-05     r       3.6
1.585E+08    5.848E-01    9.884E+25    6.970E+06    2.307E+15    2.471E+04    4.796E-01    1.770E-05     r       3.6
1.557E+08    5.982E-01    9.844E+25    7.070E+06    2.429E+15    2.565E+04    4.719E-01    1.980E-05     r       3.6
1.543E+08    6.050E-01    9.822E+25    7.121E+06    2.491E+15    2.612E+04    4.681E-01    2.093E-05     r       3.6
1.516E+08    6.185E-01    9.775E+25    7.222E+06    2.620E+15    2.709E+04    4.605E-01    2.336E-05     r       3.6
1.502E+08    6.252E-01    9.749E+25    7.273E+06    2.686E+15    2.758E+04    4.568E-01    2.466E-05     r       3.5
1.475E+08    6.387E-01    9.693E+25    7.376E+06    2.822E+15    2.857E+04    4.492E-01    2.747E-05     r       3.5
1.461E+08    6.454E-01    9.663E+25    7.427E+06    2.892E+15    2.907E+04    4.455E-01    2.898E-05     r       3.5
1.434E+08    6.588E-01    9.598E+25    7.531E+06    3.035E+15    3.009E+04    4.380E-01    3.221E-05     r       3.5
1.406E+08    6.722E-01    9.525E+25    7.635E+06    3.183E+15    3.113E+04    4.306E-01    3.575E-05     r       3.5
1.379E+08    6.855E-01    9.446E+25    7.740E+06    3.336E+15    3.218E+04    4.233E-01    3.962E-05     r       3.4
1.351E+08    6.987E-01    9.358E+25    7.846E+06    3.493E+15    3.324E+04    4.161E-01    4.384E-05     r       3.4
1.324E+08    7.118E-01    9.262E+25    7.952E+06    3.656E+15    3.432E+04    4.089E-01    4.844E-05     r       3.4
1.296E+08    7.248E-01    9.157E+25    8.059E+06    3.822E+15    3.541E+04    4.018E-01    5.344E-05     r       3.3
1.269E+08    7.376E-01    9.043E+25    8.166E+06    3.994E+15    3.651E+04    3.947E-01    5.885E-05     r       3.3
1.241E+08    7.503E-01    8.918E+25    8.274E+06    4.169E+15    3.762E+04    3.878E-01    6.471E-05     r       3.3
1.214E+08    7.627E-01    8.784E+25    8.382E+06    4.349E+15    3.874E+04    3.810E-01    7.104E-05     r       3.3
1.187E+08    7.750E-01    8.638E+25    8.490E+06    4.533E+15    3.986E+04    3.742E-01    7.785E-05     r       3.2
1.173E+08    7.811E-01    8.562E+25    8.544E+06    4.626E+15    4.043E+04    3.709E-01    8.145E-05     r       3.2
1.159E+08    7.871E-01    8.482E+25    8.598E+06    4.720E+15    4.099E+04    3.676E-01    8.517E-05     r       3.2
1.145E+08    7.930E-01    8.400E+25    8.652E+06    4.815E+15    4.156E+04    3.643E-01    8.903E-05     r       3.2
1.132E+08    7.989E-01    8.315E+25    8.706E+06    4.911E+15    4.212E+04    3.611E-01    9.302E-05     r       3.2
1.118E+08    8.047E-01    8.227E+25    8.760E+06    5.008E+15    4.269E+04    3.579E-01    9.715E-05     r       3.2
1.104E+08    8.104E-01    8.136E+25    8.814E+06    5.106E+15    4.325E+04    3.547E-01    1.014E-04     r       3.1
1.090E+08    8.161E-01    8.042E+25    8.868E+06    5.204E+15    4.382E+04    3.515E-01    1.058E-04     r       3.1
1.077E+08    8.217E-01    7.946E+25    8.922E+06    5.303E+15    4.438E+04    3.484E-01    1.104E-04     r       3.1
1.063E+08    8.273E-01    7.846E+25    8.976E+06    5.403E+15    4.494E+04    3.453E-01    1.151E-04     r       3.1
1.049E+08    8.327E-01    7.744E+25    9.029E+06    5.504E+15    4.551E+04    3.422E-01    1.199E-04     r       3.1
1.036E+08    8.381E-01    7.639E+25    9.083E+06    5.605E+15    4.607E+04    3.392E-01    1.249E-04     r       3.1
1.022E+08    8.434E-01    7.531E+25    9.137E+06    5.706E+15    4.663E+04    3.361E-01    1.300E-04     r       3.1
1.008E+08    8.487E-01    7.421E+25    9.190E+06    5.808E+15    4.719E+04    3.332E-01    1.353E-04     r       3.0
9.944E+07    8.538E-01    7.308E+25    9.244E+06    5.911E+15    4.774E+04    3.302E-01    1.407E-04     r       3.0
9.806E+07    8.589E-01    7.192E+25    9.297E+06    6.014E+15    4.830E+04    3.273E-01    1.463E-04     r       3.0
9.669E+07    8.639E-01    7.073E+25    9.350E+06    6.117E+15    4.885E+04    3.244E-01    1.520E-04     r       3.0
9.532E+07    8.688E-01    6.952E+25    9.403E+06    6.221E+15    4.940E+04    3.216E-01    1.579E-04     r       3.0
9.395E+07    8.736E-01    6.829E+25    9.455E+06    6.325E+15    4.995E+04    3.187E-01    1.640E-04     r       3.0
9.257E+07    8.784E-01    6.703E+25    9.508E+06    6.430E+15    5.049E+04    3.160E-01    1.701E-04     r       3.0
9.120E+07    8.830E-01    6.575E+25    9.560E+06    6.534E+15    5.103E+04    3.132E-01    1.765E-04     r       2.9
8.983E+07    8.876E-01    6.445E+25    9.612E+06    6.639E+15    5.156E+04    3.105E-01    1.830E-04     r       2.9
8.846E+07    8.920E-01    6.312E+25    9.664E+06    6.744E+15    5.210E+04    3.078E-01    1.896E-04     r       2.9
8.709E+07    8.964E-01    6.178E+25    9.716E+06    6.848E+15    5.262E+04    3.052E-01    1.964E-04     r       2.9
8.571E+07    9.007E-01    6.042E+25    9.767E+06    6.953E+15    5.315E+04    3.025E-01    2.033E-04     r       2.9
8.434E+07    9.049E-01    5.904E+25    9.818E+06    7.058E+15    5.367E+04    3.000E-01    2.103E-04     r       2.9
8.297E+07    9.090E-01    5.765E+25    9.869E+06    7.162E+15    5.418E+04    2.974E-01    2.175E-04     r       2.8
8.160E+07    9.130E-01    5.625E+25    9.920E+06    7.267E+15    5.469E+04    2.949E-01    2.249E-04     r       2.8
8.022E+07    9.169E-01    5.483E+25    9.970E+06    7.371E+15    5.519E+04    2.924E-01    2.324E-04     r       2.8
7.885E+07    9.207E-01    5.340E+25    1.002E+07    7.474E+15    5.569E+04    2.899E-01    2.400E-04     r       2.8
7.748E+07    9.244E-01    5.196E+25    1.007E+07    7.578E+15    5.618E+04    2.875E-01    2.477E-04     r       2.8
7.473E+07    9.315E-01    4.907E+25    1.017E+07    7.783E+15    5.715E+04    2.828E-01    2.635E-04     r       2.8
7.336E+07    9.349E-01    4.762E+25    1.022E+07    7.885E+15    5.762E+04    2.804E-01    2.717E-04     r       2.7
7.062E+07    9.414E-01    4.471E+25    1.031E+07    8.087E+15    5.855E+04    2.759E-01    2.882E-04     r       2.7
6.924E+07    9.445E-01    4.326E+25    1.036E+07    8.187E+15    5.900E+04    2.736E-01    2.966E-04     r       2.7
6.856E+07    9.460E-01    4.254E+25    1.038E+07    8.236E+15    5.922E+04    2.725E-01    3.009E-04     r       2.7
6.718E+07    9.490E-01    4.110E+25    1.043E+07    8.335E+15    5.966E+04    2.703E-01    3.095E-04     r       2.6
6.650E+07    9.505E-01    4.038E+25    1.045E+07    8.384E+15    5.988E+04    2.693E-01    3.138E-04     r       2.6
6.513E+07    9.533E-01    3.895E+25    1.050E+07    8.481E+15    6.030E+04    2.671E-01    3.225E-04     r       2.6
6.444E+07    9.547E-01    3.824E+25    1.052E+07    8.530E+15    6.051E+04    2.660E-01    3.269E-04     r       2.6
6.307E+07    9.573E-01    3.683E+25    1.057E+07    8.625E+15    6.093E+04    2.639E-01    3.357E-04     r       2.6
6.238E+07    9.586E-01    3.613E+25    1.059E+07    8.673E+15    6.113E+04    2.629E-01    3.402E-04     r       2.6
6.101E+07    9.612E-01    3.475E+25    1.064E+07    8.767E+15    6.153E+04    2.608E-01    3.491E-04     r       2.5
6.032E+07    9.624E-01    3.406E+25    1.066E+07    8.814E+15    6.173E+04    2.598E-01    3.537E-04     r       2.5
5.895E+07    9.648E-01    3.270E+25    1.070E+07    8.906E+15    6.212E+04    2.577E-01    3.627E-04     r       2.5
5.826E+07    9.659E-01    3.203E+25    1.073E+07    8.952E+15    6.231E+04    2.567E-01    3.672E-04     r       2.5
5.689E+07    9.682E-01    3.070E+25    1.077E+07    9.042E+15    6.268E+04    2.548E-01    3.763E-04     r       2.5
5.621E+07    9.693E-01    3.004E+25    1.079E+07    9.087E+15    6.287E+04    2.538E-01    3.809E-04     r       2.5
5.483E+07    9.714E-01    2.875E+25    1.083E+07    9.176E+15    6.323E+04    2.519E-01    3.900E-04     r       2.5
5.415E+07    9.724E-01    2.811E+25    1.085E+07    9.219E+15    6.341E+04    2.510E-01    3.945E-04     r       2.5
5.277E+07    9.744E-01    2.686E+25    1.090E+07    9.305E+15    6.376E+04    2.492E-01    4.036E-04     r       2.5
5.209E+07    9.753E-01    2.625E+25    1.092E+07    9.348E+15    6.393E+04    2.483E-01    4.082E-04     r       2.4
5.072E+07    9.771E-01    2.504E+25    1.096E+07    9.432E+15    6.427E+04    2.465E-01    4.172E-04     r       2.4
5.003E+07    9.780E-01    2.445E+25    1.098E+07    9.473E+15    6.444E+04    2.457E-01    4.218E-04     r       2.4
4.866E+07    9.797E-01    2.330E+25    1.102E+07    9.555E+15    6.476E+04    2.440E-01    4.308E-04     r       2.4
4.797E+07    9.806E-01    2.273E+25    1.103E+07    9.595E+15    6.492E+04    2.432E-01    4.353E-04     r       2.4
4.660E+07    9.821E-01    2.163E+25    1.107E+07    9.674E+15    6.523E+04    2.415E-01    4.442E-04     r       2.4
4.591E+07    9.829E-01    2.109E+25    1.109E+07    9.713E+15    6.538E+04    2.407E-01    4.487E-04     r       2.4
4.454E+07    9.843E-01    2.004E+25    1.113E+07    9.790E+15    6.567E+04    2.391E-01    4.576E-04     r       2.3
4.385E+07    9.850E-01    1.953E+25    1.115E+07    9.827E+15    6.582E+04    2.383E-01    4.620E-04     r       2.3
4.248E+07    9.864E-01    1.855E+25    1.118E+07    9.901E+15    6.610E+04    2.368E-01    4.708E-04     r       2.3
4.179E+07    9.870E-01    1.807E+25    1.120E+07    9.937E+15    6.623E+04    2.360E-01    4.751E-04     r       2.3
4.042E+07    9.882E-01    1.714E+25    1.124E+07    1.001E+16    6.649E+04    2.345E-01    4.838E-04     r       2.3
3.974E+07    9.888E-01    1.669E+25    1.125E+07    1.004E+16    6.662E+04    2.338E-01    4.881E-04     r       2.2
3.836E+07    9.899E-01    1.583E+25    1.129E+07    1.011E+16    6.687E+04    2.323E-01    4.967E-04     r       2.2
3.768E+07    9.904E-01    1.541E+25    1.130E+07    1.014E+16    6.699E+04    2.316E-01    5.009E-04     r       2.2
3.733E+07    9.907E-01    1.521E+25    1.131E+07    1.016E+16    6.705E+04    2.313E-01    5.028E-04     r       2.5
3.665E+07    9.912E-01    1.481E+25    1.133E+07    1.019E+16    6.717E+04    2.306E-01    5.071E-04     r       2.2
3.631E+07    9.914E-01    1.461E+25    1.134E+07    1.021E+16    6.723E+04    2.304E-01    5.090E-04     r       2.5
3.562E+07    9.919E-01    1.423E+25    1.135E+07    1.024E+16    6.734E+04    2.296E-01    5.131E-04     r       2.1
3.528E+07    9.921E-01    1.404E+25    1.136E+07    1.026E+16    6.740E+04    2.294E-01    5.150E-04     r       2.5
3.459E+07    9.926E-01    1.367E+25    1.138E+07    1.029E+16    6.751E+04    2.287E-01    5.192E-04     r       2.1
3.425E+07    9.928E-01    1.349E+25    1.138E+07    1.030E+16    6.757E+04    2.284E-01    5.210E-04     r       2.5
3.356E+07    9.932E-01    1.314E+25    1.140E+07    1.033E+16    6.767E+04    2.277E-01    5.251E-04     r       2.1
3.322E+07    9.934E-01    1.297E+25    1.140E+07    1.035E+16    6.773E+04    2.275E-01    5.269E-04     r       2.5
3.253E+07    9.938E-01    1.264E+25    1.142E+07    1.038E+16    6.782E+04    2.268E-01    5.310E-04     r       2.0
3.219E+07    9.940E-01    1.247E+25    1.143E+07    1.039E+16    6.788E+04    2.266E-01    5.328E-04     r       2.5
3.150E+07    9.944E-01    1.216E+25    1.144E+07    1.042E+16    6.797E+04    2.258E-01    5.368E-04     r       2.0
3.116E+07    9.946E-01    1.200E+25    1.145E+07    1.043E+16    6.802E+04    2.256E-01    5.385E-04     r       2.5
3.047E+07    9.949E-01    1.170E+25    1.146E+07    1.046E+16    6.813E+04    2.252E-01    5.419E-04     r       2.5
3.013E+07    9.951E-01    1.155E+25    1.147E+07    1.047E+16    6.818E+04    2.250E-01    5.436E-04     r       2.5
2.944E+07    9.954E-01    1.127E+25    1.148E+07    1.050E+16    6.829E+04    2.246E-01    5.469E-04     r       2.5
2.910E+07    9.956E-01    1.113E+25    1.148E+07    1.051E+16    6.834E+04    2.243E-01    5.486E-04     r       2.5
2.841E+07    9.959E-01    1.086E+25    1.150E+07    1.054E+16    6.844E+04    2.239E-01    5.518E-04     r       2.5
2.807E+07    9.960E-01    1.073E+25    1.150E+07    1.055E+16    6.849E+04    2.237E-01    5.534E-04     r       2.5
2.738E+07    9.963E-01    1.048E+25    1.151E+07    1.058E+16    6.859E+04    2.234E-01    5.565E-04     r       2.5
2.704E+07    9.964E-01    1.036E+25    1.152E+07    1.059E+16    6.863E+04    2.232E-01    5.581E-04     r       2.5
2.636E+07    9.967E-01    1.012E+25    1.153E+07    1.061E+16    6.873E+04    2.228E-01    5.611E-04     r       2.5
2.601E+07    9.968E-01    1.001E+25    1.153E+07    1.062E+16    6.877E+04    2.226E-01    5.626E-04     r       2.5
2.533E+07    9.971E-01    9.788E+24    1.154E+07    1.065E+16    6.886E+04    2.223E-01    5.655E-04     r       2.5
2.498E+07    9.972E-01    9.682E+24    1.155E+07    1.066E+16    6.891E+04    2.221E-01    5.670E-04     r       2.5
2.430E+07    9.974E-01    9.477E+24    1.156E+07    1.068E+16    6.899E+04    2.217E-01    5.698E-04     r       2.5
2.395E+07    9.975E-01    9.378E+24    1.156E+07    1.069E+16    6.903E+04    2.216E-01    5.712E-04     r       2.5
2.327E+07    9.977E-01    9.188E+24    1.157E+07    1.071E+16    6.912E+04    2.213E-01    5.739E-04     r       2.5
2.292E+07    9.978E-01    9.096E+24    1.158E+07    1.072E+16    6.916E+04    2.211E-01    5.753E-04     r       2.5
2.224E+07    9.980E-01    8.921E+24    1.158E+07    1.074E+16    6.924E+04    2.208E-01    5.779E-04     r       2.5
2.189E+07    9.981E-01    8.837E+24    1.159E+07    1.075E+16    6.927E+04    2.206E-01    5.792E-04     r       2.5
2.121E+07    9.983E-01    8.676E+24    1.160E+07    1.077E+16    6.935E+04    2.203E-01    5.817E-04     r       2.5
2.087E+07    9.984E-01    8.599E+24    1.160E+07    1.078E+16    6.938E+04    2.202E-01    5.829E-04     r       2.5
2.018E+07    9.985E-01    8.451E+24    1.161E+07    1.080E+16    6.946E+04    2.199E-01    5.853E-04     r       2.5
1.984E+07    9.986E-01    8.381E+24    1.161E+07    1.081E+16    6.949E+04    2.198E-01    5.864E-04     r       2.5
1.966E+07    9.987E-01    8.347E+24    1.161E+07    1.081E+16    6.951E+04    2.197E-01    5.870E-04     r       2.5
1.932E+07    9.987E-01    8.280E+24    1.162E+07    1.082E+16    6.954E+04    2.196E-01    5.881E-04     r       2.5
1.915E+07    9.988E-01    8.247E+24    1.162E+07    1.083E+16    6.956E+04    2.195E-01    5.887E-04     r       2.5
1.881E+07    9.988E-01    8.184E+24    1.162E+07    1.084E+16    6.959E+04    2.194E-01    5.898E-04     r       2.5
1.864E+07    9.989E-01    8.153E+24    1.163E+07    1.084E+16    6.961E+04    2.193E-01    5.903E-04     r       2.5
1.829E+07    9.989E-01    8.092E+24    1.163E+07    1.085E+16    6.964E+04    2.192E-01    5.914E-04     r       2.5
1.812E+07    9.990E-01    8.063E+24    1.163E+07    1.085E+16    6.965E+04    2.192E-01    5.919E-04     r       2.5
1.778E+07    9.990E-01    8.005E+24    1.163E+07    1.086E+16    6.968E+04    2.190E-01    5.930E-04     r       2.5
1.761E+07    9.990E-01    7.978E+24    1.164E+07    1.086E+16    6.970E+04    2.190E-01    5.935E-04     r       2.5
1.726E+07    9.991E-01    7.923E+24    1.164E+07    1.087E+16    6.973E+04    2.189E-01    5.945E-04     r       2.5
1.709E+07    9.991E-01    7.897E+24    1.164E+07    1.088E+16    6.974E+04    2.188E-01    5.950E-04     r       2.5
1.675E+07    9.992E-01    7.846E+24    1.164E+07    1.088E+16    6.977E+04    2.187E-01    5.960E-04     r       2.5
1.658E+07    9.992E-01    7.821E+24    1.165E+07    1.089E+16    6.979E+04    2.187E-01    5.964E-04     r       2.5
1.623E+07    9.993E-01    7.772E+24    1.165E+07    1.089E+16    6.981E+04    2.185E-01    5.974E-04     r       2.5
1.606E+07    9.993E-01    7.749E+24    1.165E+07    1.090E+16    6.983E+04    2.185E-01    5.978E-04     r       2.5
1.572E+07    9.993E-01    7.703E+24    1.165E+07    1.090E+16    6.985E+04    2.184E-01    5.987E-04     r       2.5
1.555E+07    9.994E-01    7.681E+24    1.165E+07    1.091E+16    6.987E+04    2.183E-01    5.992E-04     r       2.5
1.520E+07    9.994E-01    7.639E+24    1.166E+07    1.091E+16    6.989E+04    2.182E-01    6.001E-04     r       2.5
1.503E+07    9.994E-01    7.618E+24    1.166E+07    1.092E+16    6.990E+04    2.182E-01    6.005E-04     r       2.5
1.469E+07    9.995E-01    7.578E+24    1.166E+07    1.092E+16    6.993E+04    2.181E-01    6.013E-04     r       2.5
1.452E+07    9.995E-01    7.559E+24    1.166E+07    1.093E+16    6.994E+04    2.181E-01    6.017E-04     r       2.5
1.417E+07    9.995E-01    7.521E+24    1.167E+07    1.093E+16    6.996E+04    2.180E-01    6.025E-04     r       2.5
1.400E+07    9.995E-01    7.503E+24    1.167E+07    1.094E+16    6.998E+04    2.179E-01    6.029E-04     r       2.5
1.366E+07    9.996E-01    7.468E+24    1.167E+07    1.094E+16    7.000E+04    2.178E-01    6.037E-04     r       2.5
1.349E+07    9.996E-01    7.452E+24    1.167E+07    1.094E+16    7.001E+04    2.178E-01    6.040E-04     r       2.5
1.315E+07    9.996E-01    7.419E+24    1.167E+07    1.095E+16    7.003E+04    2.177E-01    6.048E-04     r       2.5
1.297E+07    9.997E-01    7.404E+24    1.167E+07    1.095E+16    7.004E+04    2.177E-01    6.051E-04     r       2.5
1.263E+07    9.997E-01    7.374E+24    1.168E+07    1.096E+16    7.006E+04    2.176E-01    6.058E-04     r       2.5
1.246E+07    9.997E-01    7.359E+24    1.168E+07    1.096E+16    7.007E+04    2.176E-01    6.061E-04     r       2.5
1.212E+07    9.997E-01    7.332E+24    1.168E+07    1.097E+16    7.009E+04    2.175E-01    6.068E-04     r       2.5
1.194E+07    9.997E-01    7.318E+24    1.168E+07    1.097E+16    7.010E+04    2.175E-01    6.071E-04     r       2.5
1.186E+07    9.997E-01    7.312E+24    1.168E+07    1.097E+16    7.010E+04    2.175E-01    6.072E-04     r       2.5
1.169E+07    9.998E-01    7.299E+24    1.168E+07    1.097E+16    7.011E+04    2.174E-01    6.075E-04     r       2.5
1.160E+07    9.998E-01    7.293E+24    1.168E+07    1.097E+16    7.011E+04    2.174E-01    6.077E-04     r       2.5
1.143E+07    9.998E-01    7.281E+24    1.168E+07    1.097E+16    7.012E+04    2.174E-01    6.080E-04     r       2.5
1.134E+07    9.998E-01    7.275E+24    1.168E+07    1.098E+16    7.013E+04    2.174E-01    6.081E-04     r       2.5
1.117E+07    9.998E-01    7.263E+24    1.168E+07    1.098E+16    7.013E+04    2.173E-01    6.084E-04     r       2.5
1.109E+07    9.998E-01    7.257E+24    1.169E+07    1.098E+16    7.014E+04    2.173E-01    6.085E-04     r       2.5
1.092E+07    9.998E-01    7.246E+24    1.169E+07    1.098E+16    7.015E+04    2.173E-01    6.088E-04     r       2.5
1.083E+07    9.998E-01    7.241E+24    1.169E+07    1.098E+16    7.015E+04    2.173E-01    6.089E-04     r       2.5
1.066E+07    9.998E-01    7.230E+24    1.169E+07    1.098E+16    7.016E+04    2.172E-01    6.092E-04     r       2.5
1.057E+07    9.998E-01    7.225E+24    1.169E+07    1.098E+16    7.016E+04    2.172E-01    6.093E-04     r       2.5
1.040E+07    9.998E-01    7.215E+24    1.169E+07    1.099E+16    7.017E+04    2.172E-01    6.096E-04     r       2.5
1.031E+07    9.999E-01    7.210E+24    1.169E+07    1.099E+16    7.017E+04    2.172E-01    6.097E-04     r       2.5
1.014E+07    9.999E-01    7.200E+24    1.169E+07    1.099E+16    7.018E+04    2.172E-01    6.099E-04     r       2.5
1.006E+07    9.999E-01    7.196E+24    1.169E+07    1.099E+16    7.018E+04    2.171E-01    6.100E-04     r       2.5
9.886E+06    9.999E-01    7.186E+24    1.169E+07    1.099E+16    7.019E+04    2.171E-01    6.102E-04     r       2.5
9.800E+06    9.999E-01    7.182E+24    1.169E+07    1.099E+16    7.019E+04    2.171E-01    6.103E-04     r       2.5
9.628E+06    9.999E-01    7.173E+24    1.169E+07    1.099E+16    7.020E+04    2.171E-01    6.106E-04     r       2.5
9.543E+06    9.999E-01    7.169E+24    1.169E+07    1.099E+16    7.020E+04    2.171E-01    6.107E-04     r       2.5
9.371E+06    9.999E-01    7.161E+24    1.169E+07    1.100E+16    7.020E+04    2.171E-01    6.108E-04     r       2.5
9.285E+06    9.999E-01    7.157E+24    1.169E+07    1.100E+16    7.021E+04    2.170E-01    6.109E-04     r       2.5
9.114E+06    9.999E-01    7.149E+24    1.169E+07    1.100E+16    7.021E+04    2.170E-01    6.111E-04     r       2.5
9.028E+06    9.999E-01    7.145E+24    1.169E+07    1.100E+16    7.021E+04    2.170E-01    6.112E-04     r       2.5
8.856E+06    9.999E-01    7.138E+24    1.169E+07    1.100E+16    7.022E+04    2.170E-01    6.114E-04     r       2.5
8.771E+06    9.999E-01    7.134E+24    1.169E+07    1.100E+16    7.022E+04    2.170E-01    6.114E-04     r       2.5
8.728E+06    9.999E-01    7.132E+24    1.169E+07    1.100E+16    7.022E+04    2.170E-01    6.115E-04     r       2.5
8.642E+06    9.999E-01    7.129E+24    1.169E+07    1.100E+16    7.023E+04    2.170E-01    6.116E-04     r       2.5
8.599E+06    9.999E-01    7.127E+24    1.169E+07    1.100E+16    7.023E+04    2.170E-01    6.116E-04     r       2.5
8.513E+06    9.999E-01    7.124E+24    1.170E+07    1.100E+16    7.023E+04    2.170E-01    6.117E-04     r       2.5
8.470E+06    9.999E-01    7.122E+24    1.170E+07    1.100E+16    7.023E+04    2.170E-01    6.117E-04     r       2.5
8.385E+06    9.999E-01    7.119E+24    1.170E+07    1.100E+16    7.023E+04    2.170E-01    6.118E-04     r       2.5
8.342E+06    9.999E-01    7.117E+24    1.170E+07    1.100E+16    7.023E+04    2.170E-01    6.118E-04     r       2.5
8.256E+06    1.000E+00    7.114E+24    1.170E+07    1.100E+16    7.023E+04    2.169E-01    6.119E-04     r       2.5
8.213E+06    1.000E+00    7.112E+24    1.170E+07    1.100E+16    7.023E+04    2.169E-01    6.119E-04     r       2.5
8.127E+06    1.000E+00    7.109E+24    1.170E+07    1.100E+16    7.024E+04    2.169E-01    6.119E-04     r       2.5
8.084E+06    1.000E+00    7.108E+24    1.170E+07    1.100E+16    7.024E+04    2.169E-01    6.120E-04     r       2.5
7.999E+06    1.000E+00    7.105E+24    1.170E+07    1.100E+16    7.024E+04    2.169E-01    6.120E-04     r       2.5
7.956E+06    1.000E+00    7.103E+24    1.170E+07    1.100E+16    7.024E+04    2.169E-01    6.121E-04     r       2.5
7.870E+06    1.000E+00    7.100E+24    1.170E+07    1.101E+16    7.024E+04    2.169E-01    6.121E-04     r       2.5
7.827E+06    1.000E+00    7.099E+24    1.170E+07    1.101E+16    7.024E+04    2.169E-01    6.121E-04     r       2.5
7.741E+06    1.000E+00    7.096E+24    1.170E+07    1.101E+16    7.024E+04    2.169E-01    6.122E-04     r       2.5
7.698E+06    1.000E+00    7.095E+24    1.170E+07    1.101E+16    7.024E+04    2.169E-01    6.122E-04     r       2.5
7.613E+06    1.000E+00    7.092E+24    1.170E+07    1.101E+16    7.024E+04    2.169E-01    6.122E-04     r       2.5
7.570E+06    1.000E+00    7.091E+24    1.170E+07    1.101E+16    7.025E+04    2.169E-01    6.122E-04     r       2.5
7.548E+06    1.000E+00    7.090E+24    1.170E+07    1.101E+16    7.025E+04    2.169E-01    6.123E-04     r       2.5
7.505E+06    1.000E+00    7.089E+24    1.170E+07    1.101E+16    7.025E+04    2.169E-01    6.123E-04     r       2.5
7.484E+06    1.000E+00    7.088E+24    1.170E+07    1.101E+16    7.025E+04    2.169E-01    6.123E-04     r       2.5
7.441E+06    1.000E+00    7.087E+24    1.170E+07    1.101E+16    7.025E+04    2.169E-01    6.123E-04     r       2.5
7.420E+06    1.000E+00    7.086E+24    1.170E+07    1.101E+16    7.025E+04    2.169E-01    6.123E-04     r       2.5
7.377E+06    1.000E+00    7.085E+24    1.170E+07    1.101E+16    7.025E+04    2.169E-01    6.123E-04     r       2.5
7.355E+06    1.000E+00    7.084E+24    1.170E+07    1.101E+16    7.025E+04    2.169E-01    6.123E-04     r       2.5
7.312E+06    1.000E+00    7.083E+24    1.170E+07    1.101E+16    7.025E+04    2.169E-01    6.123E-04     r       2.5
7.291E+06    1.000E+00    7.082E+24    1.170E+07    1.101E+16    7.025E+04    2.169E-01    6.124E-04     r       2.5
7.248E+06    1.000E+00    7.081E+24    1.170E+07    1.101E+16    7.025E+04    2.169E-01    6.124E-04     r       2.5
7.227E+06    1.000E+00    7.080E+24    1.170E+07    1.101E+16    7.025E+04    2.169E-01    6.124E-04     r       2.5
7.184E+06    1.000E+00    7.079E+24    1.170E+07    1.101E+16    7.025E+04    2.169E-01    6.124E-04     r       2.5
7.162E+06    1.000E+00    7.079E+24    1.170E+07    1.101E+16    7.025E+04    2.169E-01    6.124E-04     r       2.5
7.119E+06    1.000E+00    7.077E+24    1.170E+07    1.101E+16    7.025E+04    2.169E-01    6.124E-04     r       2.5
7.098E+06    1.000E+00    7.077E+24    1.170E+07    1.101E+16    7.025E+04    2.169E-01    6.124E-04     r       2.5
7.087E+06    1.000E+00    7.077E+24    1.170E+07    1.101E+16    7.025E+04    2.169E-01    6.124E-04     r       2.5
7.066E+06    1.000E+00    7.076E+24    1.170E+07    1.101E+16    7.025E+04    2.169E-01    6.124E-04     r       2.5
7.055E+06    1.000E+00    7.076E+24    1.170E+07    1.101E+16    7.025E+04    2.169E-01    6.124E-04     r       2.5
7.034E+06    1.000E+00    7.075E+24    1.170E+07    1.101E+16    7.025E+04    2.169E-01    6.124E-04     r       2.5
7.023E+06    1.000E+00    7.075E+24    1.170E+07    1.101E+16    7.025E+04    2.169E-01    6.124E-04     r       2.5
7.002E+06    1.000E+00    7.074E+24    1.170E+07    1.101E+16    7.025E+04    2.169E-01    6.124E-04     r       2.5
6.991E+06    1.000E+00    7.074E+24    1.170E+07    1.101E+16    7.025E+04    2.169E-01    6.124E-04     r       2.5
6.969E+06    1.000E+00    7.073E+24    1.170E+07    1.101E+16    7.025E+04    2.169E-01    6.124E-04     r       2.5
6.959E+06    1.000E+00    7.073E+24    1.170E+07    1.101E+16    7.025E+04    2.169E-01    6.124E-04     r       2.5
6.937E+06    1.000E+00    7.073E+24    1.170E+07    1.101E+16    7.025E+04    2.169E-01    6.124E-04     r       2.5
6.926E+06    1.000E+00    7.072E+24    1.170E+07    1.101E+16    7.025E+04    2.169E-01    6.124E-04     r       2.5
6.905E+06    1.000E+00    7.072E+24    1.170E+07    1.101E+16    7.025E+04    2.169E-01    6.124E-04     r       2.5
6.894E+06    1.000E+00    7.072E+24    1.170E+07    1.101E+16    7.025E+04    2.169E-01    6.124E-04     r       2.5
6.889E+06    1.000E+00    7.071E+24    1.170E+07    1.101E+16    7.025E+04    2.169E-01    6.124E-04     r       2.5
6.878E+06    1.000E+00    7.071E+24    1.170E+07    1.101E+16    7.025E+04    2.169E-01    6.124E-04     r       2.5
6.873E+06    1.000E+00    7.071E+24    1.170E+07    1.101E+16    7.025E+04    2.169E-01    6.124E-04     r       2.5
6.862E+06    1.000E+00    7.071E+24    1.170E+07    1.101E+16    7.025E+04    2.169E-01    6.124E-04     r       2.5
6.857E+06    1.000E+00    7.071E+24    1.170E+07    1.101E+16    7.025E+04    2.169E-01    6.124E-04     r       2.5
