   r        Qm       L_r       T        P        rho      kap      eps     fl   dlnPdlnT
2.070E+09    0.000E+00    1.311E+30    2.560E+04    3.659E+03    0.000E+00    4.515E-02    0.000E+00     *      99.9
2.068E+09    5.473E-14    1.311E+30    9.024E+03    2.618E+00    7.832E-09    3.864E-01    6.635E-79     r       2.1
2.066E+09    2.691E-13    1.311E+30    2.439E+04    1.842E+01    5.640E-08    8.669E-02    1.934E-58     c       1.6
2.065E+09    5.299E-13    1.311E+30    2.826E+04    3.770E+01    9.963E-08    8.364E-02    8.207E-56     r       4.7
2.064E+09    7.365E-13    1.311E+30    2.828E+04    5.300E+01    1.400E-07    9.900E-02    1.183E-55     *      99.9
2.064E+09    8.693E-13    1.311E+30    2.830E+04    6.283E+01    1.658E-07    1.083E-01    1.428E-55     *      99.9
2.064E+09    9.446E-13    1.311E+30    2.831E+04    6.842E+01    1.805E-07    1.135E-01    1.573E-55     *      99.9
2.064E+09    9.848E-13    1.311E+30    2.831E+04    7.139E+01    1.883E-07    1.162E-01    1.651E-55     *      99.9
2.064E+09    1.070E-12    1.311E+30    2.832E+04    7.773E+01    2.050E-07    1.218E-01    1.822E-55     *      99.9
2.064E+09    1.116E-12    1.311E+30    2.833E+04    8.111E+01    2.138E-07    1.248E-01    1.915E-55     *      99.9
2.064E+09    1.213E-12    1.311E+30    2.834E+04    8.830E+01    2.327E-07    1.310E-01    2.120E-55     *      99.9
2.063E+09    1.265E-12    1.311E+30    2.835E+04    9.214E+01    2.427E-07    1.342E-01    2.232E-55     *      99.9
2.063E+09    1.375E-12    1.311E+30    2.836E+04    1.003E+02    2.641E-07    1.410E-01    2.479E-55     *      99.9
2.063E+09    1.434E-12    1.311E+30    2.837E+04    1.047E+02    2.755E-07    1.446E-01    2.615E-55     *      99.9
2.063E+09    1.558E-12    1.311E+30    2.839E+04    1.139E+02    2.997E-07    1.520E-01    2.917E-55     *      99.9
2.063E+09    1.625E-12    1.311E+30    2.840E+04    1.189E+02    3.126E-07    1.559E-01    3.084E-55     *      99.9
2.063E+09    1.767E-12    1.311E+30    2.843E+04    1.294E+02    3.400E-07    1.640E-01    3.458E-55     *      99.9
2.063E+09    1.842E-12    1.311E+30    2.844E+04    1.350E+02    3.545E-07    1.682E-01    3.667E-55     r      91.7
2.063E+09    2.003E-12    1.311E+30    2.847E+04    1.469E+02    3.855E-07    1.770E-01    4.137E-55     r      82.9
2.063E+09    2.089E-12    1.311E+30    2.848E+04    1.533E+02    4.020E-07    1.816E-01    4.403E-55     r      75.2
2.063E+09    2.271E-12    1.311E+30    2.852E+04    1.668E+02    4.369E-07    1.911E-01    5.006E-55     r      68.1
2.062E+09    2.303E-12    1.311E+30    2.853E+04    1.692E+02    5.843E-09    3.896E-02    6.748E-57     r      64.5
2.062E+09    2.306E-12    1.311E+30    2.853E+04    1.694E+02    6.351E-09    3.930E-02    7.336E-57     *      99.9
2.062E+09    2.312E-12    1.311E+30    2.853E+04    1.699E+02    7.505E-09    4.006E-02    8.672E-57     *      99.9
2.062E+09    2.327E-12    1.311E+30    2.853E+04    1.710E+02    1.048E-08    4.192E-02    1.212E-56     *      99.9
2.061E+09    2.379E-12    1.311E+30    2.853E+04    1.749E+02    2.041E-08    4.750E-02    2.368E-56     *      99.9
2.058E+09    2.670E-12    1.311E+30    2.855E+04    1.967E+02    7.627E-08    7.269E-02    9.058E-56     *      99.9
2.057E+09    3.044E-12    1.311E+30    2.858E+04    2.247E+02    1.473E-07    9.925E-02    1.825E-55     *      99.9
2.057E+09    3.345E-12    1.311E+30    2.862E+04    2.473E+02    2.040E-07    1.183E-01    2.640E-55     r      80.1
2.057E+09    3.536E-12    1.311E+30    2.864E+04    2.617E+02    2.398E-07    1.297E-01    3.201E-55     r      65.5
2.057E+09    3.644E-12    1.311E+30    2.866E+04    2.698E+02    2.599E-07    1.359E-01    3.535E-55     r      58.8
2.056E+09    3.887E-12    1.311E+30    2.869E+04    2.881E+02    3.050E-07    1.493E-01    4.342E-55     r      52.3
2.056E+09    4.025E-12    1.311E+30    2.871E+04    2.984E+02    3.302E-07    1.566E-01    4.831E-55     r      46.6
2.056E+09    4.334E-12    1.311E+30    2.877E+04    3.216E+02    3.867E-07    1.722E-01    6.043E-55     r      41.2
2.056E+09    4.507E-12    1.311E+30    2.880E+04    3.347E+02    4.183E-07    1.806E-01    6.798E-55     r      36.5
2.056E+09    4.898E-12    1.311E+30    2.887E+04    3.642E+02    4.886E-07    1.985E-01    8.729E-55     r      32.1
2.055E+09    5.117E-12    1.311E+30    2.892E+04    3.807E+02    5.276E-07    2.080E-01    9.973E-55     r      28.3
2.055E+09    5.609E-12    1.311E+30    2.903E+04    4.177E+02    6.142E-07    2.280E-01    1.328E-54     r      24.9
2.055E+09    5.885E-12    1.311E+30    2.909E+04    4.385E+02    6.621E-07    2.384E-01    1.550E-54     r      22.0
2.055E+09    6.500E-12    1.311E+30    2.924E+04    4.849E+02    7.676E-07    2.600E-01    2.165E-54     r      19.3
2.055E+09    6.844E-12    1.311E+30    2.933E+04    5.108E+02    8.255E-07    2.710E-01    2.597E-54     r      17.1
2.055E+09    7.025E-12    1.311E+30    2.938E+04    5.245E+02    8.558E-07    2.766E-01    2.855E-54     r      16.1
2.054E+09    7.407E-12    1.311E+30    2.948E+04    5.534E+02    9.191E-07    2.877E-01    3.480E-54     r      15.2
2.054E+09    7.609E-12    1.311E+30    2.954E+04    5.686E+02    9.522E-07    2.933E-01    3.858E-54     r      14.3
2.054E+09    8.034E-12    1.311E+30    2.966E+04    6.007E+02    1.021E-06    3.044E-01    4.784E-54     r      13.5
2.054E+09    8.258E-12    1.311E+30    2.972E+04    6.177E+02    1.057E-06    3.099E-01    5.353E-54     r      12.8
2.054E+09    8.730E-12    1.311E+30    2.986E+04    6.533E+02    1.132E-06    3.208E-01    6.763E-54     r      12.1
2.054E+09    8.978E-12    1.311E+30    2.994E+04    6.720E+02    1.171E-06    3.261E-01    7.639E-54     r      11.5
2.054E+09    9.501E-12    1.311E+30    3.009E+04    7.115E+02    1.253E-06    3.366E-01    9.840E-54     r      10.9
2.054E+09    9.775E-12    1.311E+30    3.018E+04    7.322E+02    1.295E-06    3.418E-01    1.122E-53     r      10.4
2.054E+09    1.035E-11    1.311E+30    3.035E+04    7.758E+02    1.382E-06    3.517E-01    1.475E-53     r       9.9
2.054E+09    1.065E-11    1.311E+30    3.045E+04    7.987E+02    1.428E-06    3.566E-01    1.699E-53     r       9.4
2.053E+09    1.129E-11    1.311E+30    3.064E+04    8.467E+02    1.522E-06    3.659E-01    2.277E-53     r       9.0
2.053E+09    1.162E-11    1.311E+30    3.075E+04    8.719E+02    1.570E-06    3.703E-01    2.649E-53     r       8.6
2.053E+09    1.232E-11    1.311E+30    3.097E+04    9.247E+02    1.671E-06    3.788E-01    3.618E-53     r       8.3
2.053E+09    1.269E-11    1.311E+30    3.108E+04    9.524E+02    1.723E-06    3.829E-01    4.248E-53     r       8.0
2.053E+09    1.345E-11    1.311E+30    3.132E+04    1.010E+03    1.830E-06    3.905E-01    5.909E-53     r       7.7
2.053E+09    1.385E-11    1.311E+30    3.145E+04    1.041E+03    1.886E-06    3.940E-01    6.998E-53     r       7.4
2.053E+09    1.469E-11    1.311E+30    3.171E+04    1.104E+03    2.000E-06    4.007E-01    9.896E-53     r       7.2
2.053E+09    1.512E-11    1.311E+30    3.184E+04    1.137E+03    2.059E-06    4.038E-01    1.181E-52     r       7.0
2.053E+09    1.604E-11    1.311E+30    3.212E+04    1.206E+03    2.180E-06    4.095E-01    1.695E-52     r       6.8
2.053E+09    1.651E-11    1.311E+30    3.226E+04    1.242E+03    2.243E-06    4.122E-01    2.037E-52     r       6.6
2.052E+09    1.750E-11    1.311E+30    3.256E+04    1.317E+03    2.371E-06    4.169E-01    2.961E-52     r       6.4
2.052E+09    1.802E-11    1.311E+30    3.271E+04    1.356E+03    2.437E-06    4.191E-01    3.580E-52     r       6.3
2.052E+09    1.910E-11    1.311E+30    3.303E+04    1.438E+03    2.573E-06    4.230E-01    5.259E-52     r       6.1
2.052E+09    1.966E-11    1.311E+30    3.319E+04    1.481E+03    2.643E-06    4.247E-01    6.388E-52     r       6.0
2.052E+09    2.083E-11    1.311E+30    3.352E+04    1.569E+03    2.787E-06    4.277E-01    9.464E-52     r       5.9
2.052E+09    2.144E-11    1.311E+30    3.369E+04    1.615E+03    2.861E-06    4.291E-01    1.154E-51     r       5.8
2.052E+09    2.270E-11    1.311E+30    3.403E+04    1.711E+03    3.012E-06    4.313E-01    1.721E-51     r       5.7
2.052E+09    2.336E-11    1.311E+30    3.421E+04    1.761E+03    3.090E-06    4.323E-01    2.104E-51     r       5.6
2.052E+09    2.472E-11    1.311E+30    3.457E+04    1.864E+03    3.250E-06    4.339E-01    3.151E-51     r       5.5
2.052E+09    2.543E-11    1.311E+30    3.475E+04    1.918E+03    3.332E-06    4.345E-01    3.859E-51     r       5.4
2.051E+09    2.690E-11    1.311E+30    3.512E+04    2.030E+03    3.500E-06    4.355E-01    5.796E-51     r       5.3
2.051E+09    2.766E-11    1.311E+30    3.531E+04    2.087E+03    3.587E-06    4.359E-01    7.106E-51     r       5.3
2.051E+09    2.924E-11    1.311E+30    3.569E+04    2.207E+03    3.764E-06    4.363E-01    1.069E-50     r       5.2
2.051E+09    3.006E-11    1.311E+30    3.588E+04    2.269E+03    3.854E-06    4.364E-01    1.310E-50     r       5.2
2.051E+09    3.175E-11    1.311E+30    3.627E+04    2.398E+03    4.040E-06    4.364E-01    1.970E-50     r       5.1
2.051E+09    3.263E-11    1.311E+30    3.646E+04    2.465E+03    4.136E-06    4.364E-01    2.415E-50     r       5.1
2.051E+09    3.445E-11    1.311E+30    3.686E+04    2.603E+03    4.331E-06    4.360E-01    3.627E-50     r       5.0
2.051E+09    3.539E-11    1.311E+30    3.706E+04    2.675E+03    4.431E-06    4.357E-01    4.443E-50     r       5.0
2.051E+09    3.734E-11    1.311E+30    3.747E+04    2.823E+03    4.637E-06    4.350E-01    6.656E-50     r       5.0
2.051E+09    3.835E-11    1.311E+30    3.767E+04    2.900E+03    4.742E-06    4.346E-01    8.142E-50     r       4.9
2.051E+09    4.043E-11    1.311E+30    3.808E+04    3.058E+03    4.957E-06    4.336E-01    1.216E-49     r       4.9
2.050E+09    4.151E-11    1.311E+30    3.829E+04    3.140E+03    5.067E-06    4.331E-01    1.485E-49     r       4.9
2.050E+09    4.373E-11    1.311E+30    3.871E+04    3.309E+03    5.293E-06    4.319E-01    2.210E-49     r       4.8
2.050E+09    4.488E-11    1.311E+30    3.892E+04    3.397E+03    5.409E-06    4.313E-01    2.693E-49     r       4.8
2.050E+09    4.725E-11    1.311E+30    3.934E+04    3.577E+03    5.645E-06    4.299E-01    3.991E-49     r       4.8
2.050E+09    4.848E-11    1.311E+30    3.955E+04    3.670E+03    5.766E-06    4.292E-01    4.853E-49     r       4.8
2.050E+09    5.101E-11    1.311E+30    3.998E+04    3.863E+03    6.014E-06    4.277E-01    7.159E-49     r       4.8
2.050E+09    5.231E-11    1.311E+30    4.019E+04    3.962E+03    6.141E-06    4.269E-01    8.685E-49     r       4.8
2.050E+09    5.500E-11    1.311E+30    4.062E+04    4.167E+03    6.400E-06    4.253E-01    1.275E-48     r       4.7
2.050E+09    5.639E-11    1.311E+30    4.084E+04    4.273E+03    6.532E-06    4.245E-01    1.542E-48     r       4.7
2.050E+09    5.925E-11    1.311E+30    4.127E+04    4.491E+03    6.804E-06    4.228E-01    2.252E-48     r       4.7
2.049E+09    6.073E-11    1.311E+30    4.149E+04    4.603E+03    6.942E-06    4.219E-01    2.718E-48     r       4.7
2.049E+09    6.377E-11    1.311E+30    4.192E+04    4.835E+03    7.226E-06    4.202E-01    3.948E-48     r       4.7
2.049E+09    6.533E-11    1.311E+30    4.214E+04    4.954E+03    7.371E-06    4.193E-01    4.752E-48     r       4.7
2.049E+09    6.856E-11    1.311E+30    4.258E+04    5.200E+03    7.667E-06    4.174E-01    6.865E-48     r       4.7
2.049E+09    7.540E-11    1.311E+30    4.347E+04    5.722E+03    8.285E-06    4.137E-01    1.417E-47     r       4.6
2.049E+09    7.902E-11    1.311E+30    4.391E+04    5.998E+03    8.608E-06    4.118E-01    2.025E-47     r       4.6
2.049E+09    8.669E-11    1.311E+30    4.480E+04    6.584E+03    9.281E-06    4.080E-01    4.088E-47     r       4.6
2.048E+09    9.074E-11    1.311E+30    4.525E+04    6.893E+03    9.632E-06    4.061E-01    5.777E-47     r       4.6
2.048E+09    9.931E-11    1.311E+30    4.615E+04    7.548E+03    1.036E-05    4.023E-01    1.141E-46     r       4.6
2.048E+09    1.038E-10    1.311E+30    4.660E+04    7.894E+03    1.074E-05    4.004E-01    1.595E-46     r       4.6
2.048E+09    1.134E-10    1.311E+30    4.751E+04    8.623E+03    1.154E-05    3.967E-01    3.084E-46     r       4.6
2.048E+09    1.184E-10    1.311E+30    4.796E+04    9.008E+03    1.195E-05    3.948E-01    4.267E-46     r       4.6
2.047E+09    1.290E-10    1.311E+30    4.888E+04    9.819E+03    1.280E-05    3.911E-01    8.081E-46     r       4.6
2.047E+09    1.346E-10    1.311E+30    4.933E+04    1.025E+04    1.325E-05    3.892E-01    1.106E-45     r       4.6
2.047E+09    1.463E-10    1.311E+30    5.025E+04    1.114E+04    1.417E-05    3.856E-01    2.054E-45     r       4.6
2.047E+09    1.525E-10    1.311E+30    5.071E+04    1.162E+04    1.465E-05    3.838E-01    2.785E-45     r       4.6
2.047E+09    1.655E-10    1.311E+30    5.163E+04    1.261E+04    1.565E-05    3.802E-01    5.073E-45     r       4.6
2.046E+09    1.723E-10    1.311E+30    5.209E+04    1.313E+04    1.617E-05    3.785E-01    6.815E-45     r       4.6
2.046E+09    1.865E-10    1.311E+30    5.301E+04    1.423E+04    1.724E-05    3.750E-01    1.219E-44     r       4.6
2.046E+09    1.940E-10    1.311E+30    5.347E+04    1.480E+04    1.779E-05    3.733E-01    1.622E-44     r       4.6
2.046E+09    2.097E-10    1.311E+30    5.440E+04    1.601E+04    1.894E-05    3.700E-01    2.851E-44     r       4.6
2.046E+09    2.180E-10    1.311E+30    5.487E+04    1.664E+04    1.954E-05    3.683E-01    3.764E-44     r       4.6
2.045E+09    2.352E-10    1.311E+30    5.580E+04    1.796E+04    2.077E-05    3.651E-01    6.504E-44     r       4.5
2.045E+09    2.442E-10    1.311E+30    5.626E+04    1.866E+04    2.141E-05    3.635E-01    8.516E-44     r       4.5
2.045E+09    2.631E-10    1.311E+30    5.720E+04    2.011E+04    2.273E-05    3.603E-01    1.448E-43     r       4.5
2.045E+09    2.729E-10    1.311E+30    5.766E+04    2.086E+04    2.341E-05    3.588E-01    1.882E-43     r       4.5
2.045E+09    2.935E-10    1.311E+30    5.860E+04    2.245E+04    2.482E-05    3.557E-01    3.152E-43     r       4.5
2.045E+09    3.043E-10    1.311E+30    5.907E+04    2.327E+04    2.555E-05    3.542E-01    4.065E-43     r       4.5
2.044E+09    3.267E-10    1.311E+30    6.000E+04    2.500E+04    2.705E-05    3.512E-01    6.712E-43     r       4.5
2.044E+09    3.385E-10    1.311E+30    6.047E+04    2.591E+04    2.783E-05    3.498E-01    8.594E-43     r       4.5
2.044E+09    3.629E-10    1.311E+30    6.142E+04    2.779E+04    2.943E-05    3.469E-01    1.399E-42     r       4.5
2.044E+09    3.756E-10    1.311E+30    6.189E+04    2.877E+04    3.025E-05    3.455E-01    1.780E-42     r       4.5
2.043E+09    4.022E-10    1.311E+30    6.283E+04    3.082E+04    3.196E-05    3.427E-01    2.860E-42     r       4.5
2.043E+09    4.160E-10    1.311E+30    6.330E+04    3.188E+04    3.284E-05    3.413E-01    3.614E-42     r       4.5
2.043E+09    4.448E-10    1.311E+30    6.425E+04    3.410E+04    3.465E-05    3.386E-01    5.736E-42     r       4.5
2.043E+09    4.597E-10    1.311E+30    6.472E+04    3.526E+04    3.558E-05    3.373E-01    7.203E-42     r       4.5
2.043E+09    4.909E-10    1.311E+30    6.567E+04    3.766E+04    3.750E-05    3.347E-01    1.129E-41     r       4.5
2.043E+09    5.071E-10    1.311E+30    6.614E+04    3.891E+04    3.849E-05    3.334E-01    1.410E-41     r       4.5
2.042E+09    5.408E-10    1.311E+30    6.709E+04    4.152E+04    4.053E-05    3.309E-01    2.185E-41     r       4.5
2.042E+09    5.583E-10    1.311E+30    6.756E+04    4.287E+04    4.158E-05    3.296E-01    2.713E-41     r       4.5
2.042E+09    5.946E-10    1.311E+30    6.852E+04    4.568E+04    4.373E-05    3.271E-01    4.159E-41     r       4.5
2.042E+09    6.135E-10    1.311E+30    6.899E+04    4.714E+04    4.484E-05    3.259E-01    5.135E-41     r       4.5
2.042E+09    6.526E-10    1.311E+30    6.995E+04    5.017E+04    4.712E-05    3.235E-01    7.789E-41     r       4.5
2.041E+09    6.729E-10    1.311E+30    7.042E+04    5.174E+04    4.829E-05    3.224E-01    9.568E-41     r       4.5
2.041E+09    7.151E-10    1.311E+30    7.138E+04    5.500E+04    5.070E-05    3.200E-01    1.437E-40     r       4.5
2.041E+09    7.369E-10    1.311E+30    7.186E+04    5.670E+04    5.194E-05    3.189E-01    1.756E-40     r       4.5
2.041E+09    7.822E-10    1.311E+30    7.281E+04    6.020E+04    5.448E-05    3.166E-01    2.611E-40     r       4.5
2.041E+09    8.056E-10    1.311E+30    7.329E+04    6.202E+04    5.579E-05    3.155E-01    3.176E-40     r       4.5
2.040E+09    8.542E-10    1.311E+30    7.425E+04    6.579E+04    5.847E-05    3.133E-01    4.679E-40     r       4.5
2.040E+09    8.794E-10    1.311E+30    7.473E+04    6.775E+04    5.984E-05    3.122E-01    5.667E-40     r       4.5
2.040E+09    9.315E-10    1.311E+30    7.569E+04    7.179E+04    6.267E-05    3.101E-01    8.273E-40     r       4.5
2.040E+09    9.584E-10    1.311E+30    7.617E+04    7.388E+04    6.412E-05    3.090E-01    9.975E-40     r       4.5
2.040E+09    1.014E-09    1.311E+30    7.713E+04    7.821E+04    6.709E-05    3.070E-01    1.444E-39     r       4.5
2.039E+09    1.043E-09    1.311E+30    7.761E+04    8.045E+04    6.861E-05    3.059E-01    1.734E-39     r       4.5
2.039E+09    1.103E-09    1.311E+30    7.858E+04    8.509E+04    7.173E-05    3.039E-01    2.489E-39     r       4.5
2.039E+09    1.133E-09    1.311E+30    7.906E+04    8.749E+04    7.334E-05    3.029E-01    2.976E-39     r       4.5
2.039E+09    1.197E-09    1.311E+30    8.003E+04    9.244E+04    7.662E-05    3.010E-01    4.239E-39     r       4.5
2.039E+09    1.230E-09    1.311E+30    8.051E+04    9.500E+04    7.830E-05    3.000E-01    5.049E-39     r       4.5
2.038E+09    1.298E-09    1.311E+30    8.148E+04    1.003E+05    8.174E-05    2.981E-01    7.137E-39     r       4.5
2.038E+09    1.333E-09    1.311E+30    8.196E+04    1.030E+05    8.351E-05    2.971E-01    8.469E-39     r       4.5
2.038E+09    1.405E-09    1.311E+30    8.293E+04    1.087E+05    8.712E-05    2.953E-01    1.188E-38     r       4.5
2.038E+09    1.443E-09    1.311E+30    8.341E+04    1.116E+05    8.897E-05    2.943E-01    1.405E-38     r       4.5
2.038E+09    1.520E-09    1.311E+30    8.438E+04    1.176E+05    9.276E-05    2.925E-01    1.957E-38     r       4.5
2.038E+09    1.560E-09    1.311E+30    8.487E+04    1.207E+05    9.469E-05    2.916E-01    2.306E-38     r       4.5
2.037E+09    1.642E-09    1.311E+30    8.584E+04    1.271E+05    9.866E-05    2.898E-01    3.191E-38     r       4.5
2.037E+09    1.684E-09    1.311E+30    8.633E+04    1.304E+05    1.007E-04    2.890E-01    3.747E-38     r       4.5
2.037E+09    1.771E-09    1.311E+30    8.730E+04    1.372E+05    1.048E-04    2.872E-01    5.151E-38     r       4.5
2.037E+09    1.816E-09    1.311E+30    8.779E+04    1.407E+05    1.070E-04    2.864E-01    6.029E-38     r       4.5
2.036E+09    1.908E-09    1.311E+30    8.876E+04    1.479E+05    1.113E-04    2.847E-01    8.235E-38     r       4.5
2.036E+09    1.956E-09    1.311E+30    8.925E+04    1.516E+05    1.135E-04    2.838E-01    9.610E-38     r       4.5
2.036E+09    2.054E-09    1.311E+30    9.022E+04    1.593E+05    1.180E-04    2.822E-01    1.304E-37     r       4.5
2.036E+09    2.105E-09    1.311E+30    9.071E+04    1.633E+05    1.204E-04    2.814E-01    1.518E-37     r       4.5
2.036E+09    2.209E-09    1.311E+30    9.169E+04    1.714E+05    1.251E-04    2.798E-01    2.048E-37     r       4.5
2.035E+09    2.429E-09    1.311E+30    9.365E+04    1.886E+05    1.350E-04    2.766E-01    3.687E-37     r       4.5
2.035E+09    2.545E-09    1.311E+30    9.463E+04    1.978E+05    1.401E-04    2.751E-01    4.919E-37     r       4.5
2.034E+09    2.791E-09    1.311E+30    9.659E+04    2.171E+05    1.509E-04    2.721E-01    8.664E-37     r       4.5
2.034E+09    2.921E-09    1.311E+30    9.757E+04    2.273E+05    1.565E-04    2.706E-01    1.144E-36     r       4.5
2.034E+09    3.195E-09    1.311E+30    9.954E+04    2.488E+05    1.681E-04    2.677E-01    1.974E-36     r       4.5
2.033E+09    3.340E-09    1.311E+30    1.005E+05    2.602E+05    1.742E-04    2.663E-01    2.581E-36     r       4.5
2.033E+09    3.645E-09    1.311E+30    1.025E+05    2.842E+05    1.868E-04    2.636E-01    4.369E-36     r       4.5
2.033E+09    3.805E-09    1.311E+30    1.035E+05    2.968E+05    1.934E-04    2.622E-01    5.658E-36     r       4.5
2.032E+09    4.143E-09    1.311E+30    1.055E+05    3.235E+05    2.070E-04    2.596E-01    9.407E-36     r       4.5
2.032E+09    4.321E-09    1.311E+30    1.065E+05    3.375E+05    2.140E-04    2.583E-01    1.208E-35     r       4.5
2.031E+09    4.694E-09    1.311E+30    1.084E+05    3.669E+05    2.287E-04    2.558E-01    1.974E-35     r       4.5
2.031E+09    4.890E-09    1.311E+30    1.094E+05    3.824E+05    2.363E-04    2.545E-01    2.514E-35     r       4.5
2.031E+09    5.301E-09    1.311E+30    1.114E+05    4.149E+05    2.521E-04    2.521E-01    4.044E-35     r       4.5
2.030E+09    5.517E-09    1.311E+30    1.124E+05    4.320E+05    2.603E-04    2.509E-01    5.110E-35     r       4.5
2.030E+09    5.970E-09    1.311E+30    1.144E+05    4.678E+05    2.772E-04    2.486E-01    8.096E-35     r       4.5
2.029E+09    6.207E-09    1.311E+30    1.154E+05    4.866E+05    2.860E-04    2.474E-01    1.015E-34     r       4.5
2.029E+09    6.703E-09    1.311E+30    1.174E+05    5.260E+05    3.041E-04    2.452E-01    1.586E-34     r       4.5
2.029E+09    6.963E-09    1.311E+30    1.184E+05    5.466E+05    3.135E-04    2.441E-01    1.976E-34     r       4.5
2.028E+09    7.506E-09    1.311E+30    1.204E+05    5.898E+05    3.330E-04    2.419E-01    3.045E-34     r       4.5
2.028E+09    7.790E-09    1.311E+30    1.214E+05    6.123E+05    3.430E-04    2.408E-01    3.768E-34     r       4.5
2.027E+09    8.384E-09    1.311E+30    1.234E+05    6.596E+05    3.638E-04    2.388E-01    5.732E-34     r       4.5
2.027E+09    8.694E-09    1.311E+30    1.244E+05    6.842E+05    3.745E-04    2.377E-01    7.049E-34     r       4.5
2.027E+09    9.341E-09    1.311E+30    1.264E+05    7.358E+05    3.966E-04    2.357E-01    1.059E-33     r       4.5
2.026E+09    9.679E-09    1.311E+30    1.274E+05    7.627E+05    4.081E-04    2.347E-01    1.295E-33     r       4.5
2.026E+09    1.038E-08    1.311E+30    1.294E+05    8.189E+05    4.317E-04    2.328E-01    1.924E-33     r       4.5
2.026E+09    1.075E-08    1.311E+30    1.304E+05    8.482E+05    4.438E-04    2.318E-01    2.339E-33     r       4.5
2.025E+09    1.152E-08    1.311E+30    1.325E+05    9.093E+05    4.689E-04    2.300E-01    3.437E-33     r       4.5
2.025E+09    1.191E-08    1.311E+30    1.335E+05    9.412E+05    4.819E-04    2.290E-01    4.156E-33     r       4.5
2.024E+09    1.274E-08    1.311E+30    1.355E+05    1.008E+06    5.085E-04    2.272E-01    6.044E-33     r       4.5
2.024E+09    1.317E-08    1.311E+30    1.365E+05    1.042E+06    5.223E-04    2.263E-01    7.270E-33     r       4.5
2.024E+09    1.407E-08    1.311E+30    1.385E+05    1.114E+06    5.506E-04    2.246E-01    1.047E-32     r       4.5
2.023E+09    1.454E-08    1.311E+30    1.395E+05    1.152E+06    5.651E-04    2.237E-01    1.253E-32     r       4.5
2.023E+09    1.551E-08    1.311E+30    1.416E+05    1.229E+06    5.951E-04    2.220E-01    1.787E-32     r       4.5
2.023E+09    1.601E-08    1.311E+30    1.426E+05    1.270E+06    6.105E-04    2.212E-01    2.129E-32     r       4.5
2.022E+09    1.706E-08    1.311E+30    1.446E+05    1.354E+06    6.423E-04    2.195E-01    3.010E-32     r       4.5
2.022E+09    1.760E-08    1.311E+30    1.456E+05    1.398E+06    6.586E-04    2.187E-01    3.570E-32     r       4.5
2.021E+09    1.873E-08    1.311E+30    1.477E+05    1.489E+06    6.921E-04    2.171E-01    5.002E-32     r       4.5
2.021E+09    1.932E-08    1.311E+30    1.487E+05    1.536E+06    7.094E-04    2.163E-01    5.908E-32     r       4.5
2.020E+09    2.053E-08    1.311E+30    1.507E+05    1.634E+06    7.448E-04    2.148E-01    8.210E-32     r       4.5
2.020E+09    2.116E-08    1.311E+30    1.518E+05    1.684E+06    7.630E-04    2.140E-01    9.658E-32     r       4.5
2.020E+09    2.246E-08    1.311E+30    1.538E+05    1.790E+06    8.004E-04    2.125E-01    1.331E-31     r       4.5
2.019E+09    2.314E-08    1.311E+30    1.548E+05    1.844E+06    8.196E-04    2.118E-01    1.560E-31     r       4.5
2.019E+09    2.453E-08    1.311E+30    1.569E+05    1.957E+06    8.591E-04    2.103E-01    2.135E-31     r       4.5
2.019E+09    2.526E-08    1.311E+30    1.579E+05    2.016E+06    8.793E-04    2.096E-01    2.492E-31     r       4.5
2.018E+09    2.676E-08    1.311E+30    1.600E+05    2.137E+06    9.208E-04    2.082E-01    3.385E-31     r       4.5
2.018E+09    2.753E-08    1.311E+30    1.610E+05    2.200E+06    9.421E-04    2.075E-01    3.937E-31     r       4.5
2.017E+09    2.913E-08    1.311E+30    1.630E+05    2.330E+06    9.858E-04    2.061E-01    5.310E-31     r       4.5
2.017E+09    2.996E-08    1.311E+30    1.641E+05    2.397E+06    1.008E-03    2.055E-01    6.157E-31     r       4.5
2.017E+09    3.168E-08    1.311E+30    1.661E+05    2.537E+06    1.054E-03    2.041E-01    8.248E-31     r       4.5
2.016E+09    3.256E-08    1.311E+30    1.672E+05    2.609E+06    1.078E-03    2.035E-01    9.530E-31     r       4.5
2.016E+09    3.439E-08    1.311E+30    1.692E+05    2.758E+06    1.126E-03    2.022E-01    1.269E-30     r       4.5
2.016E+09    3.534E-08    1.311E+30    1.702E+05    2.835E+06    1.151E-03    2.015E-01    1.461E-30     r       4.5
2.015E+09    3.729E-08    1.311E+30    1.723E+05    2.994E+06    1.201E-03    2.003E-01    1.933E-30     r       4.5
2.015E+09    3.830E-08    1.311E+30    1.733E+05    3.076E+06    1.227E-03    1.996E-01    2.220E-30     r       4.5
2.014E+09    4.038E-08    1.311E+30    1.754E+05    3.246E+06    1.280E-03    1.984E-01    2.919E-30     r       4.5
2.014E+09    4.145E-08    1.311E+30    1.764E+05    3.333E+06    1.307E-03    1.978E-01    3.342E-30     r       4.5
2.013E+09    4.366E-08    1.311E+30    1.785E+05    3.514E+06    1.363E-03    1.966E-01    4.369E-30     r       4.5
2.013E+09    4.480E-08    1.311E+30    1.796E+05    3.608E+06    1.392E-03    1.960E-01    4.989E-30     r       4.5
2.013E+09    4.715E-08    1.311E+30    1.816E+05    3.800E+06    1.450E-03    1.948E-01    6.486E-30     r       4.5
2.012E+09    4.837E-08    1.311E+30    1.827E+05    3.900E+06    1.480E-03    1.943E-01    7.385E-30     r       4.5
2.012E+09    5.086E-08    1.311E+30    1.848E+05    4.105E+06    1.540E-03    1.931E-01    9.551E-30     r       4.5
2.012E+09    5.215E-08    1.311E+30    1.858E+05    4.210E+06    1.572E-03    1.925E-01    1.085E-29     r       4.5
2.011E+09    5.480E-08    1.311E+30    1.879E+05    4.428E+06    1.635E-03    1.914E-01    1.396E-29     r       4.5
2.011E+09    5.617E-08    1.311E+30    1.889E+05    4.540E+06    1.668E-03    1.909E-01    1.581E-29     r       4.5
2.010E+09    5.898E-08    1.311E+30    1.910E+05    4.771E+06    1.734E-03    1.898E-01    2.024E-29     r       4.5
2.010E+09    6.042E-08    1.311E+30    1.920E+05    4.890E+06    1.768E-03    1.893E-01    2.287E-29     r       4.5
2.010E+09    6.340E-08    1.311E+30    1.941E+05    5.136E+06    1.838E-03    1.882E-01    2.914E-29     r       4.5
2.009E+09    6.493E-08    1.311E+30    1.952E+05    5.262E+06    1.873E-03    1.877E-01    3.286E-29     r       4.5
2.009E+09    6.808E-08    1.311E+30    1.973E+05    5.522E+06    1.946E-03    1.867E-01    4.167E-29     r       4.5
2.008E+09    7.474E-08    1.311E+30    2.015E+05    6.073E+06    2.097E-03    1.846E-01    6.642E-29     r       4.5
2.007E+09    7.826E-08    1.311E+30    2.036E+05    6.364E+06    2.176E-03    1.836E-01    8.349E-29     r       4.5
2.006E+09    8.569E-08    1.311E+30    2.078E+05    6.980E+06    2.340E-03    1.817E-01    1.308E-28     r       4.5
2.006E+09    8.961E-08    1.311E+30    2.099E+05    7.306E+06    2.426E-03    1.808E-01    1.631E-28     r       4.5
2.005E+09    9.787E-08    1.311E+30    2.141E+05    7.993E+06    2.604E-03    1.789E-01    2.516E-28     r       4.5
2.004E+09    1.022E-07    1.311E+30    2.162E+05    8.355E+06    2.696E-03    1.780E-01    3.113E-28     r       4.5
2.003E+09    1.114E-07    1.311E+30    2.204E+05    9.119E+06    2.888E-03    1.763E-01    4.729E-28     r       4.5
2.003E+09    1.162E-07    1.311E+30    2.225E+05    9.522E+06    2.988E-03    1.754E-01    5.808E-28     r       4.5
2.002E+09    1.263E-07    1.311E+30    2.268E+05    1.037E+07    3.195E-03    1.737E-01    8.702E-28     r       4.5
2.001E+09    1.316E-07    1.311E+30    2.289E+05    1.082E+07    3.303E-03    1.729E-01    1.062E-27     r       4.5
2.000E+09    1.428E-07    1.311E+30    2.331E+05    1.175E+07    3.526E-03    1.713E-01    1.569E-27     r       4.5
1.999E+09    1.487E-07    1.311E+30    2.353E+05    1.224E+07    3.642E-03    1.705E-01    1.902E-27     r       4.5
1.998E+09    1.609E-07    1.311E+30    2.395E+05    1.328E+07    3.882E-03    1.689E-01    2.777E-27     r       4.5
1.998E+09    1.674E-07    1.311E+30    2.417E+05    1.382E+07    4.006E-03    1.682E-01    3.346E-27     r       4.5
1.997E+09    1.809E-07    1.311E+30    2.459E+05    1.496E+07    4.263E-03    1.667E-01    4.828E-27     r       4.5
1.996E+09    1.879E-07    1.311E+30    2.481E+05    1.556E+07    4.396E-03    1.659E-01    5.783E-27     r       4.5
1.995E+09    2.027E-07    1.311E+30    2.524E+05    1.681E+07    4.672E-03    1.645E-01    8.253E-27     r       4.5
1.995E+09    2.104E-07    1.311E+30    2.545E+05    1.746E+07    4.814E-03    1.638E-01    9.832E-27     r       4.5
1.994E+09    2.265E-07    1.311E+30    2.588E+05    1.883E+07    5.109E-03    1.624E-01    1.388E-26     r       4.5
1.993E+09    2.349E-07    1.311E+30    2.609E+05    1.955E+07    5.261E-03    1.617E-01    1.645E-26     r       4.5
1.992E+09    2.525E-07    1.311E+30    2.652E+05    2.105E+07    5.575E-03    1.604E-01    2.300E-26     r       4.5
1.992E+09    2.617E-07    1.311E+30    2.674E+05    2.183E+07    5.738E-03    1.597E-01    2.713E-26     r       4.5
1.991E+09    2.808E-07    1.311E+30    2.717E+05    2.347E+07    6.073E-03    1.584E-01    3.757E-26     r       4.5
1.990E+09    2.908E-07    1.311E+30    2.739E+05    2.432E+07    6.246E-03    1.578E-01    4.411E-26     r       4.5
1.989E+09    3.116E-07    1.311E+30    2.782E+05    2.611E+07    6.603E-03    1.566E-01    6.053E-26     r       4.5
1.989E+09    3.224E-07    1.311E+30    2.804E+05    2.704E+07    6.787E-03    1.560E-01    7.076E-26     r       4.5
1.988E+09    3.449E-07    1.311E+30    2.847E+05    2.898E+07    7.166E-03    1.548E-01    9.627E-26     r       4.5
1.987E+09    3.567E-07    1.311E+30    2.869E+05    2.999E+07    7.362E-03    1.542E-01    1.121E-25     r       4.5
1.986E+09    3.810E-07    1.311E+30    2.912E+05    3.209E+07    7.765E-03    1.530E-01    1.512E-25     r       4.5
1.986E+09    3.937E-07    1.311E+30    2.934E+05    3.319E+07    7.972E-03    1.524E-01    1.753E-25     r       4.5
1.984E+09    4.201E-07    1.311E+30    2.978E+05    3.547E+07    8.400E-03    1.513E-01    2.348E-25     r       4.5
1.984E+09    4.338E-07    1.311E+30    3.000E+05    3.666E+07    8.620E-03    1.508E-01    2.711E-25     r       4.5
1.983E+09    4.622E-07    1.311E+30    3.043E+05    3.913E+07    9.073E-03    1.497E-01    3.604E-25     r       4.5
1.982E+09    4.770E-07    1.311E+30    3.065E+05    4.042E+07    9.305E-03    1.491E-01    4.147E-25     r       4.5
1.981E+09    5.076E-07    1.311E+30    3.109E+05    4.309E+07    9.785E-03    1.481E-01    5.473E-25     r       4.5
1.981E+09    5.235E-07    1.311E+30    3.131E+05    4.447E+07    1.003E-02    1.476E-01    6.277E-25     r       4.5
1.980E+09    5.565E-07    1.311E+30    3.175E+05    4.735E+07    1.054E-02    1.465E-01    8.228E-25     r       4.5
1.979E+09    5.736E-07    1.311E+30    3.197E+05    4.885E+07    1.080E-02    1.460E-01    9.404E-25     r       4.5
1.978E+09    6.090E-07    1.311E+30    3.241E+05    5.196E+07    1.133E-02    1.451E-01    1.225E-24     r       4.5
1.978E+09    6.273E-07    1.311E+30    3.263E+05    5.357E+07    1.161E-02    1.446E-01    1.395E-24     r       4.5
1.977E+09    6.653E-07    1.311E+30    3.307E+05    5.691E+07    1.217E-02    1.436E-01    1.806E-24     r       4.5
1.976E+09    6.849E-07    1.311E+30    3.329E+05    5.864E+07    1.246E-02    1.431E-01    2.052E-24     r       4.5
1.975E+09    7.256E-07    1.311E+30    3.373E+05    6.223E+07    1.306E-02    1.422E-01    2.639E-24     r       4.5
1.975E+09    7.467E-07    1.311E+30    3.395E+05    6.409E+07    1.336E-02    1.417E-01    2.989E-24     r       4.5
1.974E+09    7.902E-07    1.311E+30    3.440E+05    6.795E+07    1.399E-02    1.408E-01    3.824E-24     r       4.5
1.973E+09    8.128E-07    1.311E+30    3.462E+05    6.995E+07    1.431E-02    1.404E-01    4.319E-24     r       4.5
1.972E+09    8.593E-07    1.311E+30    3.506E+05    7.408E+07    1.497E-02    1.395E-01    5.495E-24     r       4.5
1.972E+09    8.834E-07    1.311E+30    3.529E+05    7.622E+07    1.531E-02    1.391E-01    6.190E-24     r       4.5
1.971E+09    9.330E-07    1.311E+30    3.573E+05    8.065E+07    1.600E-02    1.382E-01    7.834E-24     r       4.5
1.970E+09    9.587E-07    1.311E+30    3.595E+05    8.294E+07    1.635E-02    1.378E-01    8.801E-24     r       4.5
1.969E+09    1.012E-06    1.311E+30    3.640E+05    8.767E+07    1.708E-02    1.370E-01    1.108E-23     r       4.5
1.968E+09    1.039E-06    1.311E+30    3.662E+05    9.012E+07    1.745E-02    1.366E-01    1.242E-23     r       4.5
1.967E+09    1.095E-06    1.311E+30    3.707E+05    9.518E+07    1.822E-02    1.357E-01    1.556E-23     r       4.5
1.967E+09    1.125E-06    1.311E+30    3.729E+05    9.780E+07    1.861E-02    1.353E-01    1.740E-23     r       4.5
1.966E+09    1.185E-06    1.311E+30    3.774E+05    1.032E+08    1.941E-02    1.346E-01    2.170E-23     r       4.5
1.965E+09    1.216E-06    1.311E+30    3.797E+05    1.060E+08    1.982E-02    1.342E-01    2.421E-23     r       4.5
1.964E+09    1.279E-06    1.311E+30    3.842E+05    1.117E+08    2.066E-02    1.334E-01    3.006E-23     r       4.5
1.964E+09    1.312E-06    1.311E+30    3.864E+05    1.147E+08    2.109E-02    1.330E-01    3.346E-23     r       4.5
1.963E+09    1.380E-06    1.311E+30    3.909E+05    1.209E+08    2.196E-02    1.323E-01    4.136E-23     r       4.5
1.962E+09    1.415E-06    1.311E+30    3.932E+05    1.240E+08    2.241E-02    1.319E-01    4.594E-23     r       4.5
1.961E+09    1.487E-06    1.311E+30    3.977E+05    1.306E+08    2.333E-02    1.312E-01    5.655E-23     r       4.5
1.961E+09    1.524E-06    1.311E+30    3.999E+05    1.339E+08    2.380E-02    1.308E-01    6.268E-23     r       4.5
1.960E+09    1.600E-06    1.311E+30    4.045E+05    1.409E+08    2.477E-02    1.301E-01    7.685E-23     r       4.5
1.959E+09    1.640E-06    1.311E+30    4.067E+05    1.444E+08    2.526E-02    1.298E-01    8.502E-23     r       4.5
1.958E+09    1.720E-06    1.311E+30    4.113E+05    1.518E+08    2.626E-02    1.291E-01    1.038E-22     r       4.5
1.958E+09    1.762E-06    1.311E+30    4.135E+05    1.556E+08    2.678E-02    1.287E-01    1.146E-22     r       4.5
1.957E+09    1.847E-06    1.311E+30    4.181E+05    1.635E+08    2.782E-02    1.280E-01    1.395E-22     r       4.5
1.956E+09    1.891E-06    1.311E+30    4.203E+05    1.675E+08    2.836E-02    1.277E-01    1.537E-22     r       4.5
1.955E+09    1.982E-06    1.311E+30    4.249E+05    1.758E+08    2.946E-02    1.270E-01    1.864E-22     r       4.5
1.953E+09    2.173E-06    1.311E+30    4.340E+05    1.934E+08    3.174E-02    1.257E-01    2.720E-22     r       4.5
1.952E+09    2.273E-06    1.311E+30    4.386E+05    2.027E+08    3.293E-02    1.251E-01    3.274E-22     r       4.5
1.950E+09    2.486E-06    1.311E+30    4.478E+05    2.225E+08    3.542E-02    1.239E-01    4.715E-22     r       4.5
1.949E+09    2.598E-06    1.311E+30    4.524E+05    2.329E+08    3.671E-02    1.233E-01    5.640E-22     r       4.5
1.947E+09    2.834E-06    1.311E+30    4.616E+05    2.549E+08    3.940E-02    1.221E-01    8.020E-22     r       4.5
1.946E+09    2.958E-06    1.311E+30    4.662E+05    2.666E+08    4.080E-02    1.215E-01    9.536E-22     r       4.5
1.944E+09    3.219E-06    1.311E+30    4.754E+05    2.911E+08    4.371E-02    1.204E-01    1.340E-21     r       4.5
1.943E+09    3.356E-06    1.311E+30    4.800E+05    3.041E+08    4.522E-02    1.198E-01    1.584E-21     r       4.5
1.940E+09    3.644E-06    1.311E+30    4.893E+05    3.314E+08    4.837E-02    1.188E-01    2.202E-21     r       4.5
1.939E+09    3.796E-06    1.311E+30    4.940E+05    3.457E+08    5.000E-02    1.182E-01    2.589E-21     r       4.5
1.937E+09    4.113E-06    1.311E+30    5.033E+05    3.759E+08    5.339E-02    1.172E-01    3.562E-21     r       4.5
1.936E+09    4.280E-06    1.311E+30    5.080E+05    3.918E+08    5.514E-02    1.167E-01    4.167E-21     r       4.5
1.934E+09    4.628E-06    1.311E+30    5.173E+05    4.253E+08    5.879E-02    1.157E-01    5.675E-21     r       4.5
1.933E+09    4.811E-06    1.311E+30    5.220E+05    4.428E+08    6.068E-02    1.152E-01    6.608E-21     r       4.5
1.931E+09    5.193E-06    1.311E+30    5.314E+05    4.797E+08    6.459E-02    1.142E-01    8.917E-21     r       4.5
1.930E+09    5.393E-06    1.311E+30    5.361E+05    4.990E+08    6.662E-02    1.138E-01    1.034E-20     r       4.5
1.928E+09    5.811E-06    1.311E+30    5.456E+05    5.396E+08    7.081E-02    1.128E-01    1.382E-20     r       4.5
1.927E+09    6.029E-06    1.311E+30    5.503E+05    5.609E+08    7.298E-02    1.124E-01    1.596E-20     r       4.5
1.925E+09    6.485E-06    1.311E+30    5.598E+05    6.054E+08    7.748E-02    1.115E-01    2.117E-20     r       4.5
1.924E+09    6.723E-06    1.311E+30    5.645E+05    6.288E+08    7.980E-02    1.111E-01    2.433E-20     r       4.5
1.922E+09    7.220E-06    1.311E+30    5.740E+05    6.776E+08    8.460E-02    1.102E-01    3.202E-20     r       4.5
1.921E+09    7.479E-06    1.311E+30    5.788E+05    7.032E+08    8.708E-02    1.098E-01    3.666E-20     r       4.5
1.919E+09    8.019E-06    1.311E+30    5.883E+05    7.566E+08    9.221E-02    1.090E-01    4.789E-20     r       4.5
1.918E+09    8.300E-06    1.311E+30    5.931E+05    7.846E+08    9.486E-02    1.086E-01    5.464E-20     r       4.5
1.916E+09    8.886E-06    1.311E+30    6.027E+05    8.430E+08    1.003E-01    1.078E-01    7.086E-20     r       4.5
1.915E+09    9.191E-06    1.311E+30    6.075E+05    8.734E+08    1.032E-01    1.074E-01    8.057E-20     r       4.5
1.913E+09    9.826E-06    1.311E+30    6.172E+05    9.371E+08    1.090E-01    1.066E-01    1.038E-19     r       4.5
1.912E+09    1.016E-05    1.311E+30    6.220E+05    9.703E+08    1.120E-01    1.062E-01    1.176E-19     r       4.5
1.909E+09    1.084E-05    1.311E+30    6.316E+05    1.040E+09    1.182E-01    1.055E-01    1.505E-19     r       4.5
1.908E+09    1.120E-05    1.311E+30    6.365E+05    1.076E+09    1.214E-01    1.051E-01    1.700E-19     r       4.5
1.906E+09    1.194E-05    1.311E+30    6.462E+05    1.151E+09    1.279E-01    1.044E-01    2.163E-19     r       4.5
1.905E+09    1.233E-05    1.311E+30    6.511E+05    1.190E+09    1.313E-01    1.040E-01    2.436E-19     r       4.5
1.903E+09    1.312E-05    1.311E+30    6.608E+05    1.272E+09    1.383E-01    1.033E-01    3.080E-19     r       4.5
1.902E+09    1.354E-05    1.311E+30    6.657E+05    1.314E+09    1.419E-01    1.030E-01    3.459E-19     r       4.5
1.900E+09    1.440E-05    1.311E+30    6.755E+05    1.403E+09    1.493E-01    1.023E-01    4.350E-19     r       4.5
1.899E+09    1.485E-05    1.311E+30    6.804E+05    1.449E+09    1.531E-01    1.020E-01    4.871E-19     r       4.5
1.897E+09    1.577E-05    1.311E+30    6.902E+05    1.545E+09    1.610E-01    1.013E-01    6.092E-19     r       4.5
1.896E+09    1.625E-05    1.311E+30    6.951E+05    1.595E+09    1.650E-01    1.010E-01    6.805E-19     r       4.5
1.894E+09    1.724E-05    1.311E+30    7.050E+05    1.698E+09    1.733E-01    1.004E-01    8.467E-19     r       4.5
1.893E+09    1.776E-05    1.311E+30    7.099E+05    1.752E+09    1.776E-01    1.000E-01    9.434E-19     r       4.5
1.891E+09    1.882E-05    1.311E+30    7.198E+05    1.864E+09    1.863E-01    9.943E-02    1.168E-18     r       4.5
1.890E+09    1.937E-05    1.311E+30    7.248E+05    1.922E+09    1.908E-01    9.912E-02    1.298E-18     r       4.5
1.888E+09    2.051E-05    1.311E+30    7.348E+05    2.042E+09    2.001E-01    9.852E-02    1.600E-18     r       4.5
1.887E+09    2.110E-05    1.311E+30    7.397E+05    2.105E+09    2.049E-01    9.823E-02    1.774E-18     r       4.5
1.885E+09    2.232E-05    1.311E+30    7.497E+05    2.234E+09    2.146E-01    9.765E-02    2.177E-18     r       4.5
1.884E+09    2.295E-05    1.311E+30    7.547E+05    2.301E+09    2.197E-01    9.736E-02    2.408E-18     r       4.5
1.881E+09    2.425E-05    1.311E+30    7.647E+05    2.441E+09    2.300E-01    9.679E-02    2.942E-18     r       4.5
1.880E+09    2.492E-05    1.311E+30    7.698E+05    2.513E+09    2.352E-01    9.651E-02    3.248E-18     r       4.5
1.878E+09    2.631E-05    1.311E+30    7.798E+05    2.663E+09    2.461E-01    9.596E-02    3.950E-18     r       4.5
1.877E+09    2.703E-05    1.311E+30    7.849E+05    2.740E+09    2.517E-01    9.569E-02    4.352E-18     r       4.5
1.875E+09    2.851E-05    1.311E+30    7.950E+05    2.901E+09    2.631E-01    9.516E-02    5.273E-18     r       4.5
1.874E+09    2.928E-05    1.311E+30    8.000E+05    2.984E+09    2.689E-01    9.489E-02    5.798E-18     r       4.5
1.872E+09    3.085E-05    1.311E+30    8.102E+05    3.157E+09    2.810E-01    9.437E-02    6.998E-18     r       4.5
1.871E+09    3.167E-05    1.311E+30    8.153E+05    3.246E+09    2.871E-01    9.411E-02    7.680E-18     r       4.5
1.869E+09    3.334E-05    1.311E+30    8.254E+05    3.430E+09    2.998E-01    9.361E-02    9.234E-18     r       4.5
1.868E+09    3.421E-05    1.311E+30    8.305E+05    3.525E+09    3.062E-01    9.336E-02    1.012E-17     r       4.5
1.866E+09    3.599E-05    1.311E+30    8.408E+05    3.723E+09    3.195E-01    9.286E-02    1.212E-17     r       4.4
1.865E+09    3.691E-05    1.311E+30    8.459E+05    3.825E+09    3.263E-01    9.262E-02    1.325E-17     r       4.4
1.863E+09    3.880E-05    1.311E+30    8.561E+05    4.035E+09    3.402E-01    9.214E-02    1.582E-17     r       4.4
1.862E+09    3.978E-05    1.311E+30    8.613E+05    4.144E+09    3.473E-01    9.190E-02    1.728E-17     r       4.4
1.860E+09    4.178E-05    1.311E+30    8.716E+05    4.369E+09    3.619E-01    9.143E-02    2.056E-17     r       4.4
1.859E+09    4.282E-05    1.311E+30    8.767E+05    4.486E+09    3.694E-01    9.120E-02    2.241E-17     r       4.4
1.857E+09    4.494E-05    1.311E+30    8.871E+05    4.726E+09    3.847E-01    9.074E-02    2.658E-17     r       4.4
1.856E+09    4.604E-05    1.311E+30    8.923E+05    4.850E+09    3.926E-01    9.051E-02    2.892E-17     r       4.4
1.854E+09    4.829E-05    1.311E+30    9.027E+05    5.106E+09    4.086E-01    9.006E-02    3.420E-17     r       4.4
1.853E+09    4.945E-05    1.311E+30    9.079E+05    5.238E+09    4.168E-01    8.984E-02    3.716E-17     r       4.4
1.850E+09    5.183E-05    1.311E+30    9.183E+05    5.510E+09    4.336E-01    8.941E-02    4.381E-17     r       4.4
1.849E+09    5.305E-05    1.311E+30    9.235E+05    5.651E+09    4.422E-01    8.919E-02    4.754E-17     r       4.4
1.847E+09    5.557E-05    1.311E+30    9.340E+05    5.941E+09    4.597E-01    8.876E-02    5.588E-17     r       4.4
1.846E+09    5.687E-05    1.311E+30    9.392E+05    6.091E+09    4.687E-01    8.855E-02    6.054E-17     r       4.4
1.844E+09    5.953E-05    1.311E+30    9.497E+05    6.399E+09    4.871E-01    8.814E-02    7.097E-17     r       4.4
1.843E+09    6.089E-05    1.311E+30    9.550E+05    6.558E+09    4.965E-01    8.793E-02    7.678E-17     r       4.4
1.841E+09    6.370E-05    1.311E+30    9.655E+05    6.886E+09    5.157E-01    8.752E-02    8.976E-17     r       4.4
1.837E+09    6.962E-05    1.311E+30    9.867E+05    7.582E+09    5.558E-01    8.673E-02    1.220E-16     r       4.4
1.835E+09    7.274E-05    1.311E+30    9.973E+05    7.951E+09    5.767E-01    8.634E-02    1.419E-16     r       4.4
1.831E+09    7.931E-05    1.311E+30    1.019E+06    8.734E+09    6.204E-01    8.558E-02    1.910E-16     r       4.4
1.829E+09    8.277E-05    1.311E+30    1.029E+06    9.149E+09    6.432E-01    8.521E-02    2.211E-16     r       4.4
1.825E+09    9.004E-05    1.311E+30    1.051E+06    1.003E+10    6.908E-01    8.448E-02    2.948E-16     r       4.4
1.822E+09    9.387E-05    1.311E+30    1.062E+06    1.049E+10    7.155E-01    8.412E-02    3.396E-16     r       4.4
1.818E+09    1.019E-04    1.311E+30    1.083E+06    1.148E+10    7.671E-01    8.342E-02    4.489E-16     r       4.4
1.816E+09    1.061E-04    1.311E+30    1.094E+06    1.199E+10    7.940E-01    8.308E-02    5.149E-16     r       4.4
1.812E+09    1.150E-04    1.311E+30    1.116E+06    1.309E+10    8.499E-01    8.241E-02    6.749E-16     r       4.4
1.810E+09    1.196E-04    1.311E+30    1.127E+06    1.367E+10    8.790E-01    8.208E-02    7.711E-16     r       4.4
1.806E+09    1.293E-04    1.311E+30    1.149E+06    1.489E+10    9.394E-01    8.144E-02    1.003E-15     r       4.4
1.804E+09    1.344E-04    1.311E+30    1.160E+06    1.554E+10    9.709E-01    8.112E-02    1.141E-15     r       4.4
1.800E+09    1.450E-04    1.311E+30    1.182E+06    1.690E+10    1.036E+00    8.050E-02    1.473E-15     r       4.4
1.798E+09    1.506E-04    1.311E+30    1.193E+06    1.761E+10    1.070E+00    8.020E-02    1.671E-15     r       4.4
1.794E+09    1.622E-04    1.311E+30    1.216E+06    1.912E+10    1.141E+00    7.960E-02    2.141E-15     r       4.4
1.791E+09    1.683E-04    1.311E+30    1.227E+06    1.991E+10    1.177E+00    7.931E-02    2.420E-15     r       4.4
1.787E+09    1.811E-04    1.311E+30    1.250E+06    2.158E+10    1.253E+00    7.873E-02    3.081E-15     r       4.4
1.785E+09    1.877E-04    1.311E+30    1.261E+06    2.245E+10    1.292E+00    7.845E-02    3.471E-15     r       4.4
1.781E+09    2.015E-04    1.311E+30    1.284E+06    2.430E+10    1.374E+00    7.790E-02    4.392E-15     r       4.4
1.779E+09    2.088E-04    1.311E+30    1.295E+06    2.526E+10    1.416E+00    7.763E-02    4.933E-15     r       4.4
1.775E+09    2.238E-04    1.311E+30    1.318E+06    2.730E+10    1.504E+00    7.709E-02    6.203E-15     r       4.4
1.773E+09    2.317E-04    1.311E+30    1.329E+06    2.836E+10    1.549E+00    7.683E-02    6.946E-15     r       4.4
1.769E+09    2.480E-04    1.311E+30    1.352E+06    3.060E+10    1.643E+00    7.631E-02    8.686E-15     r       4.4
1.767E+09    2.566E-04    1.311E+30    1.364E+06    3.177E+10    1.692E+00    7.606E-02    9.699E-15     r       4.4
1.762E+09    2.743E-04    1.311E+30    1.387E+06    3.423E+10    1.792E+00    7.556E-02    1.206E-14     r       4.4
1.760E+09    2.835E-04    1.311E+30    1.399E+06    3.552E+10    1.845E+00    7.532E-02    1.343E-14     r       4.4
1.756E+09    3.027E-04    1.311E+30    1.422E+06    3.822E+10    1.952E+00    7.483E-02    1.662E-14     r       4.4
1.754E+09    3.127E-04    1.311E+30    1.434E+06    3.963E+10    2.008E+00    7.460E-02    1.846E-14     r       4.4
1.750E+09    3.334E-04    1.311E+30    1.458E+06    4.258E+10    2.123E+00    7.413E-02    2.273E-14     r       4.4
1.748E+09    3.442E-04    1.311E+30    1.470E+06    4.413E+10    2.183E+00    7.390E-02    2.519E-14     r       4.4
1.744E+09    3.665E-04    1.311E+30    1.493E+06    4.737E+10    2.306E+00    7.345E-02    3.087E-14     r       4.4
1.742E+09    3.781E-04    1.311E+30    1.505E+06    4.906E+10    2.369E+00    7.323E-02    3.413E-14     r       4.4
1.738E+09    4.022E-04    1.311E+30    1.529E+06    5.259E+10    2.501E+00    7.279E-02    4.163E-14     r       4.4
1.736E+09    4.147E-04    1.311E+30    1.541E+06    5.444E+10    2.569E+00    7.257E-02    4.593E-14     r       4.4
1.731E+09    4.406E-04    1.311E+30    1.566E+06    5.830E+10    2.709E+00    7.215E-02    5.579E-14     r       4.4
1.729E+09    4.541E-04    1.311E+30    1.578E+06    6.031E+10    2.781E+00    7.194E-02    6.142E-14     r       4.4
1.725E+09    4.819E-04    1.311E+30    1.602E+06    6.451E+10    2.930E+00    7.153E-02    7.429E-14     r       4.4
1.723E+09    4.963E-04    1.311E+30    1.614E+06    6.671E+10    3.007E+00    7.132E-02    8.162E-14     r       4.4
1.719E+09    5.262E-04    1.311E+30    1.639E+06    7.129E+10    3.165E+00    7.092E-02    9.834E-14     r       4.4
1.717E+09    5.417E-04    1.311E+30    1.651E+06    7.367E+10    3.247E+00    7.073E-02    1.078E-13     r       4.4
1.713E+09    5.737E-04    1.311E+30    1.676E+06    7.865E+10    3.416E+00    7.034E-02    1.294E-13     r       4.4
1.711E+09    5.903E-04    1.311E+30    1.689E+06    8.124E+10    3.503E+00    7.015E-02    1.417E-13     r       4.4
1.707E+09    6.246E-04    1.311E+30    1.713E+06    8.665E+10    3.682E+00    6.977E-02    1.694E-13     r       4.4
1.705E+09    6.423E-04    1.311E+30    1.726E+06    8.946E+10    3.774E+00    6.958E-02    1.851E-13     r       4.4
1.700E+09    6.789E-04    1.311E+30    1.751E+06    9.533E+10    3.964E+00    6.922E-02    2.206E-13     r       4.4
1.698E+09    6.979E-04    1.311E+30    1.764E+06    9.838E+10    4.062E+00    6.903E-02    2.406E-13     r       4.4
1.694E+09    7.370E-04    1.311E+30    1.789E+06    1.047E+11    4.264E+00    6.868E-02    2.857E-13     r       4.4
1.692E+09    7.573E-04    1.311E+30    1.802E+06    1.080E+11    4.368E+00    6.850E-02    3.111E-13     r       4.4
1.688E+09    7.990E-04    1.311E+30    1.827E+06    1.149E+11    4.582E+00    6.815E-02    3.684E-13     r       4.4
1.686E+09    8.206E-04    1.311E+30    1.840E+06    1.185E+11    4.692E+00    6.798E-02    4.005E-13     r       4.4
1.682E+09    8.651E-04    1.311E+30    1.866E+06    1.259E+11    4.918E+00    6.764E-02    4.726E-13     r       4.4
1.680E+09    8.881E-04    1.311E+30    1.879E+06    1.298E+11    5.035E+00    6.748E-02    5.131E-13     r       4.4
1.676E+09    9.355E-04    1.311E+30    1.905E+06    1.379E+11    5.274E+00    6.715E-02    6.037E-13     r       4.4
1.673E+09    9.600E-04    1.311E+30    1.918E+06    1.420E+11    5.398E+00    6.698E-02    6.544E-13     r       4.4
1.669E+09    1.010E-03    1.311E+30    1.944E+06    1.507E+11    5.651E+00    6.666E-02    7.678E-13     r       4.4
1.667E+09    1.036E-03    1.311E+30    1.957E+06    1.552E+11    5.781E+00    6.650E-02    8.311E-13     r       4.4
1.663E+09    1.090E-03    1.311E+30    1.984E+06    1.646E+11    6.050E+00    6.619E-02    9.724E-13     r       4.4
1.661E+09    1.118E-03    1.311E+30    1.997E+06    1.695E+11    6.187E+00    6.604E-02    1.051E-12     r       4.4
1.657E+09    1.175E-03    1.311E+30    2.024E+06    1.796E+11    6.470E+00    6.573E-02    1.227E-12     r       4.4
1.655E+09    1.204E-03    1.311E+30    2.037E+06    1.848E+11    6.616E+00    6.558E-02    1.324E-12     r       4.4
1.651E+09    1.264E-03    1.311E+30    2.064E+06    1.957E+11    6.915E+00    6.528E-02    1.541E-12     r       4.4
1.649E+09    1.295E-03    1.311E+30    2.077E+06    2.013E+11    7.069E+00    6.513E-02    1.662E-12     r       4.4
1.644E+09    1.360E-03    1.311E+30    2.104E+06    2.130E+11    7.384E+00    6.484E-02    1.929E-12     r       4.4
1.642E+09    1.392E-03    1.311E+30    2.118E+06    2.191E+11    7.546E+00    6.470E-02    2.077E-12     r       4.4
1.638E+09    1.460E-03    1.311E+30    2.145E+06    2.317E+11    7.879E+00    6.442E-02    2.406E-12     r       4.4
1.636E+09    1.495E-03    1.311E+30    2.159E+06    2.382E+11    8.050E+00    6.428E-02    2.588E-12     r       4.4
1.632E+09    1.567E-03    1.311E+30    2.186E+06    2.517E+11    8.401E+00    6.400E-02    2.990E-12     r       4.4
1.630E+09    1.604E-03    1.311E+30    2.200E+06    2.587E+11    8.581E+00    6.386E-02    3.213E-12     r       4.4
1.626E+09    1.680E-03    1.311E+30    2.228E+06    2.732E+11    8.950E+00    6.359E-02    3.704E-12     r       4.4
1.624E+09    1.719E-03    1.311E+30    2.242E+06    2.807E+11    9.140E+00    6.345E-02    3.975E-12     r       4.4
1.620E+09    1.799E-03    1.311E+30    2.270E+06    2.963E+11    9.529E+00    6.319E-02    4.573E-12     r       4.4
1.618E+09    1.840E-03    1.311E+30    2.284E+06    3.044E+11    9.729E+00    6.306E-02    4.902E-12     r       4.4
1.613E+09    1.925E-03    1.311E+30    2.312E+06    3.211E+11    1.014E+01    6.280E-02    5.628E-12     r       4.4
1.611E+09    1.969E-03    1.311E+30    2.326E+06    3.297E+11    1.035E+01    6.267E-02    6.026E-12     r       4.4
1.607E+09    2.058E-03    1.311E+30    2.355E+06    3.476E+11    1.078E+01    6.242E-02    6.904E-12     r       4.4
1.605E+09    2.104E-03    1.311E+30    2.369E+06    3.569E+11    1.100E+01    6.229E-02    7.386E-12     r       4.4
1.601E+09    2.198E-03    1.311E+30    2.397E+06    3.760E+11    1.145E+01    6.204E-02    8.445E-12     r       4.4
1.599E+09    2.247E-03    1.311E+30    2.412E+06    3.859E+11    1.169E+01    6.192E-02    9.026E-12     r       4.4
1.595E+09    2.346E-03    1.311E+30    2.441E+06    4.065E+11    1.216E+01    6.168E-02    1.030E-11     r       4.3
1.593E+09    2.397E-03    1.311E+30    2.455E+06    4.171E+11    1.241E+01    6.156E-02    1.100E-11     r       4.3
1.589E+09    2.502E-03    1.311E+30    2.484E+06    4.390E+11    1.291E+01    6.132E-02    1.253E-11     r       4.3
1.587E+09    2.556E-03    1.311E+30    2.499E+06    4.503E+11    1.316E+01    6.120E-02    1.337E-11     r       4.3
1.582E+09    2.666E-03    1.311E+30    2.528E+06    4.738E+11    1.369E+01    6.097E-02    1.520E-11     r       4.3
1.580E+09    2.722E-03    1.311E+30    2.543E+06    4.859E+11    1.396E+01    6.085E-02    1.620E-11     r       4.3
1.576E+09    2.838E-03    1.311E+30    2.573E+06    5.110E+11    1.451E+01    6.063E-02    1.839E-11     r       4.3
1.574E+09    2.898E-03    1.311E+30    2.588E+06    5.239E+11    1.479E+01    6.051E-02    1.958E-11     r       4.3
1.570E+09    3.019E-03    1.311E+30    2.617E+06    5.507E+11    1.537E+01    6.029E-02    2.219E-11     r       4.3
1.568E+09    3.082E-03    1.311E+30    2.632E+06    5.645E+11    1.567E+01    6.018E-02    2.361E-11     r       4.3
1.564E+09    3.210E-03    1.311E+30    2.663E+06    5.930E+11    1.628E+01    5.996E-02    2.670E-11     r       4.3
1.562E+09    3.276E-03    1.311E+30    2.678E+06    6.078E+11    1.659E+01    5.985E-02    2.839E-11     r       4.3
1.558E+09    3.410E-03    1.311E+30    2.708E+06    6.382E+11    1.723E+01    5.964E-02    3.207E-11     r       4.3
1.555E+09    3.479E-03    1.311E+30    2.723E+06    6.539E+11    1.755E+01    5.953E-02    3.407E-11     r       4.3
1.551E+09    3.620E-03    1.311E+30    2.754E+06    6.864E+11    1.822E+01    5.932E-02    3.842E-11     r       4.3
1.543E+09    3.916E-03    1.311E+30    2.816E+06    7.556E+11    1.962E+01    5.891E-02    4.871E-11     r       4.3
1.539E+09    4.071E-03    1.311E+30    2.847E+06    7.925E+11    2.036E+01    5.870E-02    5.477E-11     r       4.3
1.531E+09    4.396E-03    1.311E+30    2.910E+06    8.710E+11    2.189E+01    5.831E-02    6.903E-11     r       4.3
1.526E+09    4.567E-03    1.311E+30    2.941E+06    9.127E+11    2.270E+01    5.811E-02    7.740E-11     r       4.3
1.518E+09    4.923E-03    1.311E+30    3.005E+06    1.002E+12    2.438E+01    5.773E-02    9.704E-11     r       4.3
1.514E+09    5.110E-03    1.311E+30    3.037E+06    1.049E+12    2.526E+01    5.754E-02    1.085E-10     r       4.3
1.506E+09    5.500E-03    1.311E+30    3.102E+06    1.149E+12    2.710E+01    5.717E-02    1.353E-10     r       4.3
1.502E+09    5.704E-03    1.311E+30    3.135E+06    1.203E+12    2.807E+01    5.699E-02    1.509E-10     r       4.3
1.493E+09    6.130E-03    1.311E+30    3.201E+06    1.316E+12    3.008E+01    5.663E-02    1.873E-10     r       4.3
1.489E+09    6.352E-03    1.311E+30    3.235E+06    1.376E+12    3.113E+01    5.646E-02    2.084E-10     r       4.3
1.481E+09    6.817E-03    1.311E+30    3.302E+06    1.504E+12    3.333E+01    5.611E-02    2.575E-10     r       4.3
1.477E+09    7.060E-03    1.311E+30    3.336E+06    1.571E+12    3.448E+01    5.594E-02    2.858E-10     r       4.3
1.469E+09    7.565E-03    1.311E+30    3.404E+06    1.715E+12    3.688E+01    5.561E-02    3.515E-10     r       4.3
1.464E+09    7.829E-03    1.311E+30    3.439E+06    1.791E+12    3.813E+01    5.544E-02    3.894E-10     r       4.3
1.456E+09    8.379E-03    1.311E+30    3.508E+06    1.952E+12    4.074E+01    5.512E-02    4.768E-10     r       4.3
1.452E+09    8.665E-03    1.311E+30    3.543E+06    2.037E+12    4.211E+01    5.496E-02    5.271E-10     r       4.3
1.444E+09    9.261E-03    1.311E+30    3.614E+06    2.218E+12    4.495E+01    5.465E-02    6.428E-10     r       4.3
1.440E+09    9.572E-03    1.311E+30    3.650E+06    2.314E+12    4.643E+01    5.449E-02    7.092E-10     r       4.3
1.431E+09    1.022E-02    1.311E+30    3.722E+06    2.517E+12    4.953E+01    5.419E-02    8.616E-10     r       4.3
1.427E+09    1.055E-02    1.311E+30    3.759E+06    2.624E+12    5.114E+01    5.404E-02    9.488E-10     r       4.3
1.419E+09    1.125E-02    1.311E+30    3.832E+06    2.851E+12    5.450E+01    5.375E-02    1.149E-09     r       4.3
1.415E+09    1.162E-02    1.311E+30    3.869E+06    2.971E+12    5.625E+01    5.360E-02    1.262E-09     r       4.3
1.406E+09    1.237E-02    1.311E+30    3.944E+06    3.224E+12    5.990E+01    5.332E-02    1.523E-09     r       4.3
1.402E+09    1.276E-02    1.311E+30    3.981E+06    3.358E+12    6.180E+01    5.317E-02    1.671E-09     r       4.3
1.394E+09    1.358E-02    1.311E+30    4.057E+06    3.641E+12    6.576E+01    5.290E-02    2.009E-09     r       4.3
1.390E+09    1.400E-02    1.311E+30    4.096E+06    3.791E+12    6.782E+01    5.276E-02    2.201E-09     r       4.3
1.382E+09    1.488E-02    1.311E+30    4.173E+06    4.106E+12    7.212E+01    5.249E-02    2.637E-09     r       4.3
1.377E+09    1.534E-02    1.311E+30    4.212E+06    4.273E+12    7.435E+01    5.236E-02    2.884E-09     r       4.3
1.369E+09    1.628E-02    1.311E+30    4.291E+06    4.625E+12    7.900E+01    5.209E-02    3.446E-09     r       4.3
1.365E+09    1.677E-02    1.311E+30    4.331E+06    4.810E+12    8.142E+01    5.197E-02    3.763E-09     r       4.3
1.357E+09    1.779E-02    1.311E+30    4.411E+06    5.202E+12    8.645E+01    5.171E-02    4.482E-09     r       4.3
1.353E+09    1.831E-02    1.311E+30    4.452E+06    5.408E+12    8.906E+01    5.158E-02    4.888E-09     r       4.3
1.344E+09    1.940E-02    1.311E+30    4.534E+06    5.843E+12    9.451E+01    5.134E-02    5.805E-09     r       4.3
1.340E+09    1.997E-02    1.311E+30    4.575E+06    6.073E+12    9.734E+01    5.121E-02    6.322E-09     r       4.3
1.332E+09    2.114E-02    1.311E+30    4.658E+06    6.556E+12    1.032E+02    5.097E-02    7.488E-09     r       4.2
1.328E+09    2.175E-02    1.311E+30    4.700E+06    6.811E+12    1.063E+02    5.085E-02    8.144E-09     r       4.2
1.319E+09    2.300E-02    1.311E+30    4.785E+06    7.348E+12    1.126E+02    5.061E-02    9.621E-09     r       4.2
1.315E+09    2.365E-02    1.311E+30    4.828E+06    7.631E+12    1.159E+02    5.050E-02    1.045E-08     r       4.2
1.307E+09    2.499E-02    1.311E+30    4.914E+06    8.226E+12    1.228E+02    5.027E-02    1.231E-08     r       4.2
1.303E+09    2.568E-02    1.311E+30    4.958E+06    8.540E+12    1.263E+02    5.015E-02    1.336E-08     r       4.2
1.295E+09    2.712E-02    1.311E+30    5.046E+06    9.199E+12    1.337E+02    4.993E-02    1.570E-08     r       4.2
1.291E+09    2.786E-02    1.311E+30    5.090E+06    9.547E+12    1.376E+02    4.982E-02    1.701E-08     r       4.2
1.282E+09    2.939E-02    1.311E+30    5.180E+06    1.028E+13    1.456E+02    4.960E-02    1.995E-08     r       4.2
1.278E+09    3.018E-02    1.311E+30    5.225E+06    1.066E+13    1.497E+02    4.949E-02    2.159E-08     r       4.2
1.270E+09    3.181E-02    1.311E+30    5.316E+06    1.147E+13    1.583E+02    4.927E-02    2.526E-08     r       4.2
1.266E+09    3.266E-02    1.311E+30    5.363E+06    1.189E+13    1.628E+02    4.917E-02    2.731E-08     r       4.2
1.257E+09    3.440E-02    1.311E+30    5.456E+06    1.279E+13    1.720E+02    4.896E-02    3.189E-08     r       4.2
1.253E+09    3.530E-02    1.311E+30    5.503E+06    1.326E+13    1.768E+02    4.886E-02    3.443E-08     r       4.2
1.245E+09    3.715E-02    1.311E+30    5.597E+06    1.424E+13    1.868E+02    4.865E-02    4.012E-08     r       4.2
1.241E+09    3.811E-02    1.311E+30    5.645E+06    1.476E+13    1.919E+02    4.855E-02    4.328E-08     r       4.2
1.233E+09    4.008E-02    1.311E+30    5.742E+06    1.585E+13    2.026E+02    4.835E-02    5.031E-08     r       4.2
1.228E+09    4.110E-02    1.311E+30    5.791E+06    1.643E+13    2.082E+02    4.825E-02    5.422E-08     r       4.2
1.220E+09    4.319E-02    1.311E+30    5.889E+06    1.763E+13    2.197E+02    4.805E-02    6.292E-08     r       4.2
1.216E+09    4.427E-02    1.311E+30    5.939E+06    1.826E+13    2.257E+02    4.795E-02    6.774E-08     r       4.2
1.208E+09    4.650E-02    1.311E+30    6.039E+06    1.958E+13    2.380E+02    4.776E-02    7.845E-08     r       4.2
1.204E+09    4.764E-02    1.311E+30    6.090E+06    2.028E+13    2.444E+02    4.767E-02    8.438E-08     r       4.2
1.195E+09    5.000E-02    1.311E+30    6.192E+06    2.174E+13    2.577E+02    4.748E-02    9.753E-08     r       4.2
1.191E+09    5.122E-02    1.311E+30    6.244E+06    2.250E+13    2.646E+02    4.738E-02    1.048E-07     r       4.2
1.183E+09    5.372E-02    1.311E+30    6.348E+06    2.411E+13    2.788E+02    4.720E-02    1.209E-07     r       4.2
1.179E+09    5.501E-02    1.311E+30    6.401E+06    2.495E+13    2.862E+02    4.711E-02    1.298E-07     r       4.2
1.170E+09    5.766E-02    1.311E+30    6.507E+06    2.672E+13    3.014E+02    4.693E-02    1.496E-07     r       4.2
1.166E+09    5.902E-02    1.311E+30    6.561E+06    2.764E+13    3.094E+02    4.684E-02    1.604E-07     r       4.1
1.158E+09    6.183E-02    1.311E+30    6.669E+06    2.959E+13    3.257E+02    4.666E-02    1.845E-07     r       4.1
1.154E+09    6.327E-02    1.311E+30    6.724E+06    3.060E+13    3.342E+02    4.657E-02    1.977E-07     r       4.1
1.146E+09    6.623E-02    1.311E+30    6.835E+06    3.274E+13    3.517E+02    4.640E-02    2.270E-07     r       4.1
1.141E+09    6.775E-02    1.311E+30    6.890E+06    3.385E+13    3.608E+02    4.631E-02    2.431E-07     r       4.1
1.133E+09    7.088E-02    1.311E+30    7.003E+06    3.619E+13    3.795E+02    4.614E-02    2.785E-07     r       4.1
1.129E+09    7.249E-02    1.311E+30    7.060E+06    3.742E+13    3.892E+02    4.605E-02    2.981E-07     r       4.1
1.121E+09    7.580E-02    1.311E+30    7.175E+06    3.999E+13    4.093E+02    4.588E-02    3.411E-07     r       4.1
1.117E+09    7.749E-02    1.311E+30    7.233E+06    4.133E+13    4.197E+02    4.580E-02    3.647E-07     r       4.1
1.108E+09    8.097E-02    1.311E+30    7.350E+06    4.415E+13    4.411E+02    4.563E-02    4.166E-07     r       4.1
1.104E+09    8.276E-02    1.311E+30    7.409E+06    4.562E+13    4.522E+02    4.555E-02    4.451E-07     r       4.1
1.096E+09    8.643E-02    1.311E+30    7.528E+06    4.870E+13    4.751E+02    4.539E-02    5.077E-07     r       4.1
1.092E+09    8.831E-02    1.311E+30    7.589E+06    5.032E+13    4.870E+02    4.531E-02    5.421E-07     r       4.1
1.084E+09    9.217E-02    1.311E+30    7.710E+06    5.369E+13    5.114E+02    4.515E-02    6.174E-07     r       4.1
1.079E+09    9.415E-02    1.311E+30    7.772E+06    5.546E+13    5.241E+02    4.507E-02    6.587E-07     r       4.1
1.071E+09    9.821E-02    1.311E+30    7.896E+06    5.915E+13    5.502E+02    4.491E-02    7.491E-07     r       4.1
1.067E+09    1.003E-01    1.311E+30    7.959E+06    6.108E+13    5.637E+02    4.483E-02    7.986E-07     r       4.1
1.059E+09    1.046E-01    1.311E+30    8.085E+06    6.511E+13    5.915E+02    4.468E-02    9.070E-07     r       4.1
1.055E+09    1.067E-01    1.311E+30    8.149E+06    6.722E+13    6.059E+02    4.460E-02    9.663E-07     r       4.0
1.046E+09    1.112E-01    1.311E+30    8.278E+06    7.163E+13    6.355E+02    4.445E-02    1.096E-06     r       4.0
1.042E+09    1.135E-01    1.311E+30    8.343E+06    7.393E+13    6.509E+02    4.437E-02    1.167E-06     r       4.0
1.034E+09    1.182E-01    1.311E+30    8.475E+06    7.874E+13    6.824E+02    4.422E-02    1.321E-06     r       4.0
1.030E+09    1.206E-01    1.311E+30    8.541E+06    8.125E+13    6.987E+02    4.414E-02    1.406E-06     r       4.0
1.021E+09    1.255E-01    1.311E+30    8.675E+06    8.650E+13    7.323E+02    4.400E-02    1.590E-06     r       4.0
1.017E+09    1.280E-01    1.311E+30    8.743E+06    8.923E+13    7.496E+02    4.392E-02    1.690E-06     r       4.0
1.009E+09    1.332E-01    1.311E+30    8.880E+06    9.495E+13    7.854E+02    4.377E-02    1.909E-06     r       4.0
1.005E+09    1.358E-01    1.311E+30    8.949E+06    9.793E+13    8.038E+02    4.370E-02    2.029E-06     r       4.0
9.966E+08    1.412E-01    1.311E+30    9.089E+06    1.042E+14    8.417E+02    4.356E-02    2.288E-06     r       4.0
9.924E+08    1.440E-01    1.311E+30    9.159E+06    1.074E+14    8.613E+02    4.349E-02    2.430E-06     r       4.0
9.842E+08    1.496E-01    1.311E+30    9.301E+06    1.142E+14    9.015E+02    4.334E-02    2.737E-06     r       4.0
9.800E+08    1.525E-01    1.311E+30    9.373E+06    1.177E+14    9.223E+02    4.327E-02    2.905E-06     r       4.0
9.717E+08    1.583E-01    1.311E+30    9.518E+06    1.251E+14    9.650E+02    4.313E-02    3.268E-06     r       3.9
9.676E+08    1.613E-01    1.311E+30    9.591E+06    1.289E+14    9.870E+02    4.306E-02    3.466E-06     r       3.9
9.593E+08    1.675E-01    1.311E+30    9.739E+06    1.369E+14    1.032E+03    4.292E-02    3.895E-06     r       3.9
9.552E+08    1.706E-01    1.311E+30    9.814E+06    1.410E+14    1.056E+03    4.285E-02    4.128E-06     r       3.9
9.469E+08    1.770E-01    1.311E+30    9.965E+06    1.497E+14    1.103E+03    4.272E-02    4.633E-06     r       3.9
9.428E+08    1.802E-01    1.311E+30    1.004E+07    1.542E+14    1.128E+03    4.265E-02    4.907E-06     r       3.9
9.345E+08    1.869E-01    1.311E+30    1.019E+07    1.636E+14    1.179E+03    4.251E-02    5.502E-06     r       3.9
9.303E+08    1.903E-01    1.311E+30    1.027E+07    1.685E+14    1.205E+03    4.245E-02    5.824E-06     r       3.9
9.221E+08    1.972E-01    1.311E+30    1.043E+07    1.787E+14    1.258E+03    4.231E-02    6.521E-06     r       3.9
9.179E+08    2.007E-01    1.311E+30    1.051E+07    1.840E+14    1.286E+03    4.224E-02    6.899E-06     r       3.9
9.096E+08    2.079E-01    1.311E+30    1.067E+07    1.950E+14    1.342E+03    4.211E-02    7.716E-06     r       3.9
9.055E+08    2.115E-01    1.311E+30    1.075E+07    2.007E+14    1.371E+03    4.205E-02    8.158E-06     r       3.8
8.972E+08    2.190E-01    1.311E+30    1.091E+07    2.126E+14    1.431E+03    4.192E-02    9.115E-06     r       3.8
8.931E+08    2.228E-01    1.311E+30    1.099E+07    2.188E+14    1.461E+03    4.185E-02    9.632E-06     r       3.8
8.848E+08    2.305E-01    1.311E+30    1.116E+07    2.316E+14    1.524E+03    4.172E-02    1.075E-05     r       3.8
8.807E+08    2.344E-01    1.311E+30    1.124E+07    2.383E+14    1.556E+03    4.166E-02    1.135E-05     r       3.8
8.724E+08    2.424E-01    1.311E+30    1.141E+07    2.522E+14    1.622E+03    4.153E-02    1.266E-05     r       3.8
8.682E+08    2.464E-01    1.311E+30    1.150E+07    2.593E+14    1.656E+03    4.147E-02    1.336E-05     r       3.8
8.600E+08    2.547E-01    1.311E+30    1.167E+07    2.743E+14    1.725E+03    4.134E-02    1.488E-05     r       3.8
8.558E+08    2.589E-01    1.311E+30    1.176E+07    2.820E+14    1.761E+03    4.128E-02    1.570E-05     r       3.7
8.475E+08    2.674E-01    1.311E+30    1.193E+07    2.981E+14    1.834E+03    4.115E-02    1.746E-05     r       3.7
8.434E+08    2.717E-01    1.311E+30    1.202E+07    3.064E+14    1.871E+03    4.109E-02    1.842E-05     r       3.7
8.351E+08    2.805E-01    1.311E+30    1.220E+07    3.236E+14    1.947E+03    4.097E-02    2.047E-05     r       3.7
8.310E+08    2.850E-01    1.311E+30    1.229E+07    3.326E+14    1.986E+03    4.091E-02    2.158E-05     r       3.7
8.227E+08    2.940E-01    1.311E+30    1.247E+07    3.511E+14    2.066E+03    4.078E-02    2.396E-05     r       3.7
8.186E+08    2.986E-01    1.311E+30    1.256E+07    3.606E+14    2.107E+03    4.072E-02    2.525E-05     r       3.7
8.103E+08    3.079E-01    1.311E+30    1.275E+07    3.805E+14    2.190E+03    4.060E-02    2.802E-05     r       3.7
8.061E+08    3.127E-01    1.311E+30    1.284E+07    3.908E+14    2.233E+03    4.054E-02    2.951E-05     r       3.6
7.979E+08    3.222E-01    1.311E+30    1.303E+07    4.120E+14    2.320E+03    4.042E-02    3.272E-05     r       3.6
7.937E+08    3.271E-01    1.311E+30    1.313E+07    4.230E+14    2.364E+03    4.036E-02    3.445E-05     r       3.6
7.854E+08    3.369E-01    1.311E+30    1.332E+07    4.457E+14    2.455E+03    4.025E-02    3.818E-05     r       3.6
7.813E+08    3.419E-01    1.311E+30    1.342E+07    4.574E+14    2.501E+03    4.019E-02    4.018E-05     r       3.6
7.730E+08    3.519E-01    1.311E+30    1.361E+07    4.816E+14    2.595E+03    4.007E-02    4.451E-05     r       3.6
7.689E+08    3.570E-01    1.311E+30    1.371E+07    4.941E+14    2.643E+03    4.001E-02    4.684E-05     r       3.5
7.606E+08    3.673E-01    1.311E+30    1.391E+07    5.199E+14    2.741E+03    3.990E-02    5.186E-05     r       3.5
7.565E+08    3.725E-01    1.311E+30    1.401E+07    5.332E+14    2.791E+03    3.984E-02    5.457E-05     r       3.5
7.482E+08    3.830E-01    1.311E+30    1.421E+07    5.607E+14    2.892E+03    3.973E-02    6.042E-05     r       3.5
7.440E+08    3.883E-01    1.311E+30    1.432E+07    5.749E+14    2.944E+03    3.967E-02    6.358E-05     r       3.5
7.358E+08    3.991E-01    1.311E+30    1.452E+07    6.040E+14    3.049E+03    3.956E-02    7.041E-05     r       3.5
7.316E+08    4.045E-01    1.310E+30    1.463E+07    6.191E+14    3.102E+03    3.950E-02    7.410E-05     r       3.4
7.233E+08    4.154E-01    1.310E+30    1.484E+07    6.500E+14    3.210E+03    3.939E-02    8.209E-05     r       3.4
7.068E+08    4.376E-01    1.310E+30    1.526E+07    7.155E+14    3.434E+03    3.917E-02    1.009E-04     r       3.4
6.985E+08    4.489E-01    1.310E+30    1.548E+07    7.501E+14    3.549E+03    3.906E-02    1.121E-04     r       3.3
6.819E+08    4.717E-01    1.310E+30    1.592E+07    8.232E+14    3.785E+03    3.885E-02    1.388E-04     r       3.3
6.737E+08    4.833E-01    1.310E+30    1.615E+07    8.616E+14    3.906E+03    3.874E-02    1.548E-04     r       3.3
6.571E+08    5.066E-01    1.310E+30    1.661E+07    9.424E+14    4.152E+03    3.853E-02    1.940E-04     r       3.2
6.488E+08    5.183E-01    1.310E+30    1.684E+07    9.848E+14    4.278E+03    3.843E-02    2.182E-04     r       3.2
6.323E+08    5.420E-01    1.310E+30    1.731E+07    1.074E+15    4.534E+03    3.823E-02    2.790E-04     r       3.1
6.240E+08    5.538E-01    1.310E+30    1.755E+07    1.120E+15    4.664E+03    3.813E-02    3.175E-04     r       3.1
6.074E+08    5.776E-01    1.310E+30    1.804E+07    1.216E+15    4.926E+03    3.793E-02    4.175E-04     r       3.0
5.991E+08    5.895E-01    1.310E+30    1.829E+07    1.267E+15    5.059E+03    3.784E-02    4.827E-04     r       3.0
5.826E+08    6.132E-01    1.310E+30    1.879E+07    1.371E+15    5.325E+03    3.765E-02    6.571E-04     r       2.9
5.743E+08    6.250E-01    1.310E+30    1.904E+07    1.425E+15    5.458E+03    3.755E-02    7.738E-04     r       2.9
5.577E+08    6.484E-01    1.309E+30    1.956E+07    1.536E+15    5.725E+03    3.737E-02    1.093E-03     r       2.8
5.495E+08    6.600E-01    1.309E+30    1.983E+07    1.594E+15    5.857E+03    3.728E-02    1.311E-03     r       2.7
5.329E+08    6.829E-01    1.308E+30    2.036E+07    1.712E+15    6.121E+03    3.710E-02    1.915E-03     r       2.7
5.246E+08    6.942E-01    1.308E+30    2.063E+07    1.773E+15    6.251E+03    3.702E-02    2.332E-03     r       2.6
5.081E+08    7.165E-01    1.307E+30    2.118E+07    1.896E+15    6.507E+03    3.685E-02    3.498E-03     r       2.6
4.998E+08    7.274E-01    1.306E+30    2.146E+07    1.960E+15    6.633E+03    3.677E-02    4.305E-03     r       2.5
4.832E+08    7.487E-01    1.305E+30    2.203E+07    2.089E+15    6.879E+03    3.661E-02    6.568E-03     r       2.4
4.749E+08    7.591E-01    1.303E+30    2.231E+07    2.154E+15    7.001E+03    3.653E-02    8.100E-03     r       2.4
4.584E+08    7.794E-01    1.300E+30    2.287E+07    2.287E+15    7.242E+03    3.639E-02    1.224E-02     r       2.4
4.501E+08    7.893E-01    1.298E+30    2.314E+07    2.354E+15    7.362E+03    3.633E-02    1.498E-02     r       2.4
4.335E+08    8.084E-01    1.292E+30    2.368E+07    2.489E+15    7.599E+03    3.620E-02    2.225E-02     r       2.4
4.253E+08    8.176E-01    1.289E+30    2.395E+07    2.557E+15    7.716E+03    3.615E-02    2.696E-02     r       2.4
4.087E+08    8.354E-01    1.279E+30    2.447E+07    2.695E+15    7.947E+03    3.604E-02    3.917E-02     r       2.4
4.004E+08    8.440E-01    1.274E+30    2.473E+07    2.764E+15    8.061E+03    3.599E-02    4.694E-02     r       2.4
3.963E+08    8.482E-01    1.270E+30    2.486E+07    2.798E+15    8.117E+03    3.597E-02    5.131E-02     r       2.4
3.880E+08    8.564E-01    1.263E+30    2.511E+07    2.867E+15    8.229E+03    3.593E-02    6.112E-02     r       2.4
3.839E+08    8.604E-01    1.259E+30    2.524E+07    2.902E+15    8.285E+03    3.590E-02    6.660E-02     r       2.4
3.756E+08    8.683E-01    1.250E+30    2.548E+07    2.971E+15    8.395E+03    3.586E-02    7.885E-02     r       2.4
3.714E+08    8.721E-01    1.245E+30    2.561E+07    3.005E+15    8.449E+03    3.584E-02    8.566E-02     r       2.4
3.632E+08    8.796E-01    1.234E+30    2.585E+07    3.074E+15    8.557E+03    3.580E-02    1.008E-01     r       2.4
3.590E+08    8.833E-01    1.228E+30    2.597E+07    3.108E+15    8.610E+03    3.578E-02    1.092E-01     r       2.4
3.507E+08    8.904E-01    1.214E+30    2.620E+07    3.177E+15    8.716E+03    3.574E-02    1.276E-01     r       2.4
3.466E+08    8.939E-01    1.207E+30    2.632E+07    3.211E+15    8.768E+03    3.573E-02    1.378E-01     r       2.4
3.383E+08    9.006E-01    1.191E+30    2.655E+07    3.279E+15    8.871E+03    3.569E-02    1.602E-01     r       2.4
3.342E+08    9.039E-01    1.182E+30    2.666E+07    3.312E+15    8.922E+03    3.567E-02    1.724E-01     r       2.4
3.259E+08    9.103E-01    1.163E+30    2.689E+07    3.380E+15    9.022E+03    3.564E-02    1.991E-01     r       2.4
3.218E+08    9.134E-01    1.153E+30    2.700E+07    3.413E+15    9.072E+03    3.563E-02    2.137E-01     r       2.4
3.135E+08    9.194E-01    1.131E+30    2.721E+07    3.479E+15    9.169E+03    3.560E-02    2.453E-01     r       2.4
3.093E+08    9.223E-01    1.119E+30    2.732E+07    3.512E+15    9.218E+03    3.558E-02    2.625E-01     r       2.4
3.011E+08    9.280E-01    1.094E+30    2.753E+07    3.578E+15    9.312E+03    3.555E-02    2.995E-01     r       2.4
2.969E+08    9.307E-01    1.081E+30    2.764E+07    3.610E+15    9.359E+03    3.554E-02    3.194E-01     r       2.4
2.886E+08    9.360E-01    1.052E+30    2.784E+07    3.675E+15    9.451E+03    3.551E-02    3.623E-01     r       2.4
2.845E+08    9.385E-01    1.037E+30    2.794E+07    3.706E+15    9.496E+03    3.550E-02    3.853E-01     r       2.4
2.762E+08    9.434E-01    1.005E+30    2.814E+07    3.769E+15    9.585E+03    3.548E-02    4.345E-01     r       2.4
2.721E+08    9.458E-01    9.884E+29    2.823E+07    3.800E+15    9.629E+03    3.546E-02    4.607E-01     r       2.4
2.638E+08    9.503E-01    9.531E+29    2.842E+07    3.862E+15    9.715E+03    3.544E-02    5.165E-01     r       2.4
2.597E+08    9.525E-01    9.347E+29    2.852E+07    3.892E+15    9.757E+03    3.543E-02    5.461E-01     r       2.4
2.514E+08    9.567E-01    8.963E+29    2.870E+07    3.952E+15    9.839E+03    3.541E-02    6.086E-01     r       2.4
2.472E+08    9.587E-01    8.764E+29    2.879E+07    3.982E+15    9.880E+03    3.540E-02    6.416E-01     r       2.4
2.390E+08    9.625E-01    8.352E+29    2.896E+07    4.040E+15    9.959E+03    3.538E-02    7.111E-01     r       2.4
2.348E+08    9.644E-01    8.139E+29    2.905E+07    4.068E+15    9.998E+03    3.537E-02    7.475E-01     r       2.4
2.265E+08    9.679E-01    7.703E+29    2.922E+07    4.124E+15    1.007E+04    3.535E-02    8.237E-01     r       2.4
2.224E+08    9.695E-01    7.480E+29    2.930E+07    4.152E+15    1.011E+04    3.534E-02    8.635E-01     r       2.4
2.203E+08    9.703E-01    7.368E+29    2.934E+07    4.166E+15    1.013E+04    3.534E-02    8.838E-01     r       2.4
2.162E+08    9.719E-01    7.140E+29    2.942E+07    4.193E+15    1.016E+04    3.533E-02    9.252E-01     r       2.4
2.141E+08    9.727E-01    7.026E+29    2.946E+07    4.206E+15    1.018E+04    3.532E-02    9.462E-01     r       2.4
2.100E+08    9.742E-01    6.795E+29    2.953E+07    4.232E+15    1.022E+04    3.532E-02    9.892E-01     r       2.4
2.079E+08    9.749E-01    6.679E+29    2.957E+07    4.246E+15    1.023E+04    3.531E-02    1.011E+00     r       2.4
2.038E+08    9.763E-01    6.445E+29    2.965E+07    4.272E+15    1.027E+04    3.530E-02    1.055E+00     r       2.4
2.017E+08    9.770E-01    6.328E+29    2.969E+07    4.284E+15    1.029E+04    3.530E-02    1.078E+00     r       2.4
1.976E+08    9.784E-01    6.093E+29    2.976E+07    4.310E+15    1.032E+04    3.529E-02    1.124E+00     r       2.4
1.955E+08    9.790E-01    5.975E+29    2.980E+07    4.322E+15    1.034E+04    3.529E-02    1.147E+00     r       2.4
1.913E+08    9.803E-01    5.739E+29    2.987E+07    4.347E+15    1.037E+04    3.528E-02    1.194E+00     r       2.4
1.893E+08    9.809E-01    5.621E+29    2.990E+07    4.359E+15    1.038E+04    3.528E-02    1.218E+00     r       2.4
1.851E+08    9.821E-01    5.386E+29    2.997E+07    4.383E+15    1.042E+04    3.527E-02    1.266E+00     r       2.4
1.831E+08    9.827E-01    5.268E+29    3.001E+07    4.395E+15    1.043E+04    3.527E-02    1.291E+00     r       2.4
1.789E+08    9.838E-01    5.034E+29    3.007E+07    4.419E+15    1.046E+04    3.526E-02    1.340E+00     r       2.4
1.769E+08    9.843E-01    4.918E+29    3.011E+07    4.430E+15    1.048E+04    3.526E-02    1.365E+00     r       2.4
1.727E+08    9.854E-01    4.686E+29    3.017E+07    4.453E+15    1.051E+04    3.525E-02    1.416E+00     r       2.4
1.706E+08    9.859E-01    4.571E+29    3.020E+07    4.464E+15    1.052E+04    3.525E-02    1.441E+00     r       2.4
1.665E+08    9.869E-01    4.342E+29    3.027E+07    4.487E+15    1.055E+04    3.524E-02    1.492E+00     r       2.4
1.644E+08    9.873E-01    4.229E+29    3.030E+07    4.498E+15    1.056E+04    3.524E-02    1.518E+00     r       2.4
1.603E+08    9.882E-01    4.005E+29    3.036E+07    4.519E+15    1.059E+04    3.523E-02    1.570E+00     r       2.4
1.582E+08    9.887E-01    3.895E+29    3.039E+07    4.530E+15    1.060E+04    3.523E-02    1.596E+00     r       2.4
1.541E+08    9.895E-01    3.676E+29    3.045E+07    4.551E+15    1.063E+04    3.522E-02    1.648E+00     r       2.4
1.520E+08    9.899E-01    3.569E+29    3.047E+07    4.561E+15    1.064E+04    3.522E-02    1.674E+00     r       2.4
1.479E+08    9.907E-01    3.357E+29    3.053E+07    4.581E+15    1.067E+04    3.522E-02    1.727E+00     r       2.4
1.458E+08    9.911E-01    3.252E+29    3.056E+07    4.591E+15    1.068E+04    3.521E-02    1.753E+00     r       2.4
1.417E+08    9.918E-01    3.048E+29    3.061E+07    4.610E+15    1.071E+04    3.521E-02    1.806E+00     r       2.4
1.396E+08    9.922E-01    2.948E+29    3.064E+07    4.620E+15    1.072E+04    3.521E-02    1.832E+00     r       2.4
1.355E+08    9.928E-01    2.751E+29    3.069E+07    4.638E+15    1.074E+04    3.520E-02    1.885E+00     r       2.4
1.334E+08    9.931E-01    2.656E+29    3.072E+07    4.648E+15    1.075E+04    3.520E-02    1.911E+00     r       2.4
1.292E+08    9.938E-01    2.468E+29    3.077E+07    4.666E+15    1.078E+04    3.519E-02    1.963E+00     r       2.4
1.272E+08    9.940E-01    2.377E+29    3.079E+07    4.674E+15    1.079E+04    3.519E-02    1.989E+00     r       2.4
1.230E+08    9.946E-01    2.200E+29    3.084E+07    4.692E+15    1.081E+04    3.519E-02    2.041E+00     r       2.4
1.210E+08    9.949E-01    2.114E+29    3.086E+07    4.700E+15    1.082E+04    3.519E-02    2.067E+00     r       2.4
1.168E+08    9.954E-01    1.947E+29    3.091E+07    4.716E+15    1.084E+04    3.518E-02    2.118E+00     r       2.4
1.148E+08    9.956E-01    1.867E+29    3.093E+07    4.724E+15    1.085E+04    3.518E-02    2.144E+00     r       2.4
1.137E+08    9.957E-01    1.827E+29    3.094E+07    4.728E+15    1.086E+04    3.518E-02    2.156E+00     r       2.4
1.117E+08    9.959E-01    1.749E+29    3.096E+07    4.736E+15    1.087E+04    3.518E-02    2.181E+00     r       2.4
1.106E+08    9.961E-01    1.711E+29    3.097E+07    4.740E+15    1.087E+04    3.518E-02    2.194E+00     r       2.4
1.085E+08    9.963E-01    1.636E+29    3.099E+07    4.748E+15    1.088E+04    3.517E-02    2.219E+00     r       2.4
1.075E+08    9.964E-01    1.600E+29    3.100E+07    4.752E+15    1.088E+04    3.517E-02    2.231E+00     r       2.4
1.054E+08    9.966E-01    1.528E+29    3.102E+07    4.759E+15    1.089E+04    3.517E-02    2.256E+00     r       2.4
1.044E+08    9.967E-01    1.492E+29    3.103E+07    4.763E+15    1.090E+04    3.517E-02    2.268E+00     r       2.4
1.023E+08    9.969E-01    1.423E+29    3.105E+07    4.770E+15    1.091E+04    3.517E-02    2.292E+00     r       2.4
1.013E+08    9.970E-01    1.389E+29    3.106E+07    4.774E+15    1.091E+04    3.517E-02    2.304E+00     r       2.4
9.923E+07    9.971E-01    1.323E+29    3.108E+07    4.781E+15    1.092E+04    3.517E-02    2.328E+00     r       2.4
9.820E+07    9.972E-01    1.291E+29    3.109E+07    4.784E+15    1.092E+04    3.517E-02    2.340E+00     r       2.4
9.613E+07    9.974E-01    1.228E+29    3.111E+07    4.791E+15    1.093E+04    3.516E-02    2.364E+00     r       2.4
9.509E+07    9.975E-01    1.197E+29    3.112E+07    4.794E+15    1.094E+04    3.516E-02    2.376E+00     r       2.4
9.302E+07    9.976E-01    1.137E+29    3.114E+07    4.801E+15    1.095E+04    3.516E-02    2.399E+00     r       2.4
9.199E+07    9.977E-01    1.108E+29    3.115E+07    4.804E+15    1.095E+04    3.516E-02    2.410E+00     r       2.4
8.992E+07    9.979E-01    1.050E+29    3.117E+07    4.811E+15    1.096E+04    3.516E-02    2.433E+00     r       2.4
8.888E+07    9.979E-01    1.023E+29    3.117E+07    4.814E+15    1.096E+04    3.516E-02    2.444E+00     r       2.4
8.681E+07    9.981E-01    9.686E+28    3.119E+07    4.820E+15    1.097E+04    3.516E-02    2.467E+00     r       2.4
8.578E+07    9.981E-01    9.424E+28    3.120E+07    4.823E+15    1.097E+04    3.516E-02    2.478E+00     r       2.4
8.371E+07    9.983E-01    8.913E+28    3.122E+07    4.829E+15    1.098E+04    3.515E-02    2.500E+00     r       2.4
8.267E+07    9.983E-01    8.666E+28    3.123E+07    4.832E+15    1.098E+04    3.515E-02    2.510E+00     r       2.4
8.060E+07    9.984E-01    8.185E+28    3.124E+07    4.838E+15    1.099E+04    3.515E-02    2.532E+00     r       2.4
7.957E+07    9.985E-01    7.953E+28    3.125E+07    4.841E+15    1.100E+04    3.515E-02    2.542E+00     r       2.4
7.750E+07    9.986E-01    7.502E+28    3.126E+07    4.847E+15    1.100E+04    3.515E-02    2.563E+00     r       2.4
7.646E+07    9.987E-01    7.285E+28    3.127E+07    4.850E+15    1.101E+04    3.515E-02    2.574E+00     r       2.4
7.439E+07    9.988E-01    6.864E+28    3.129E+07    4.855E+15    1.101E+04    3.515E-02    2.594E+00     r       2.4
7.336E+07    9.988E-01    6.660E+28    3.129E+07    4.858E+15    1.102E+04    3.515E-02    2.604E+00     r       2.4
7.129E+07    9.989E-01    6.268E+28    3.131E+07    4.863E+15    1.102E+04    3.515E-02    2.624E+00     r       2.4
7.025E+07    9.990E-01    6.080E+28    3.132E+07    4.866E+15    1.103E+04    3.515E-02    2.634E+00     r       2.4
6.818E+07    9.990E-01    5.716E+28    3.133E+07    4.871E+15    1.103E+04    3.514E-02    2.653E+00     r       2.4
6.715E+07    9.991E-01    5.542E+28    3.134E+07    4.873E+15    1.104E+04    3.514E-02    2.662E+00     r       2.4
6.508E+07    9.992E-01    5.206E+28    3.135E+07    4.878E+15    1.104E+04    3.514E-02    2.681E+00     r       2.4
6.404E+07    9.992E-01    5.046E+28    3.136E+07    4.881E+15    1.104E+04    3.514E-02    2.690E+00     r       2.4
6.197E+07    9.993E-01    4.738E+28    3.137E+07    4.885E+15    1.105E+04    3.514E-02    2.709E+00     r       2.4
6.094E+07    9.993E-01    4.590E+28    3.137E+07    4.888E+15    1.105E+04    3.514E-02    2.718E+00     r       2.4
5.887E+07    9.994E-01    4.309E+28    3.139E+07    4.892E+15    1.106E+04    3.514E-02    2.735E+00     r       2.4
5.783E+07    9.994E-01    4.175E+28    3.139E+07    4.894E+15    1.106E+04    3.514E-02    2.744E+00     r       2.4
5.576E+07    9.995E-01    3.919E+28    3.140E+07    4.899E+15    1.107E+04    3.514E-02    2.761E+00     r       2.4
5.473E+07    9.995E-01    3.798E+28    3.141E+07    4.901E+15    1.107E+04    3.514E-02    2.769E+00     r       2.4
5.421E+07    9.995E-01    3.739E+28    3.141E+07    4.902E+15    1.107E+04    3.514E-02    2.773E+00     r       2.4
5.317E+07    9.995E-01    3.624E+28    3.142E+07    4.904E+15    1.107E+04    3.514E-02    2.781E+00     r       2.4
5.266E+07    9.995E-01    3.567E+28    3.142E+07    4.905E+15    1.107E+04    3.514E-02    2.785E+00     r       2.4
5.162E+07    9.996E-01    3.458E+28    3.143E+07    4.907E+15    1.108E+04    3.514E-02    2.794E+00     r       2.4
5.110E+07    9.996E-01    3.405E+28    3.143E+07    4.908E+15    1.108E+04    3.514E-02    2.798E+00     r       2.4
5.007E+07    9.996E-01    3.302E+28    3.144E+07    4.910E+15    1.108E+04    3.514E-02    2.805E+00     r       2.4
4.955E+07    9.996E-01    3.252E+28    3.144E+07    4.911E+15    1.108E+04    3.514E-02    2.809E+00     r       2.4
4.852E+07    9.996E-01    3.154E+28    3.144E+07    4.913E+15    1.108E+04    3.513E-02    2.817E+00     r       2.4
4.800E+07    9.996E-01    3.107E+28    3.145E+07    4.914E+15    1.108E+04    3.513E-02    2.821E+00     r       2.4
4.696E+07    9.997E-01    3.015E+28    3.145E+07    4.916E+15    1.109E+04    3.513E-02    2.829E+00     r       2.4
4.645E+07    9.997E-01    2.970E+28    3.145E+07    4.917E+15    1.109E+04    3.513E-02    2.832E+00     r       2.4
4.541E+07    9.997E-01    2.884E+28    3.146E+07    4.919E+15    1.109E+04    3.513E-02    2.840E+00     r       2.4
4.489E+07    9.997E-01    2.842E+28    3.146E+07    4.919E+15    1.109E+04    3.513E-02    2.844E+00     r       2.4
4.386E+07    9.997E-01    2.761E+28    3.147E+07    4.921E+15    1.109E+04    3.513E-02    2.851E+00     r       2.4
4.334E+07    9.997E-01    2.722E+28    3.147E+07    4.922E+15    1.110E+04    3.513E-02    2.855E+00     r       2.4
4.231E+07    9.997E-01    2.647E+28    3.147E+07    4.924E+15    1.110E+04    3.513E-02    2.862E+00     r       2.4
4.179E+07    9.997E-01    2.610E+28    3.148E+07    4.925E+15    1.110E+04    3.513E-02    2.866E+00     r       2.4
4.075E+07    9.998E-01    2.540E+28    3.148E+07    4.927E+15    1.110E+04    3.513E-02    2.873E+00     r       2.4
4.024E+07    9.998E-01    2.506E+28    3.148E+07    4.927E+15    1.110E+04    3.513E-02    2.876E+00     r       2.4
3.920E+07    9.998E-01    2.440E+28    3.149E+07    4.929E+15    1.110E+04    3.513E-02    2.883E+00     r       2.4
3.868E+07    9.998E-01    2.408E+28    3.149E+07    4.930E+15    1.110E+04    3.513E-02    2.887E+00     r       2.4
3.765E+07    9.998E-01    2.348E+28    3.149E+07    4.932E+15    1.111E+04    3.513E-02    2.894E+00     r       2.4
3.713E+07    9.998E-01    2.318E+28    3.150E+07    4.933E+15    1.111E+04    3.513E-02    2.897E+00     r       2.4
3.610E+07    9.998E-01    2.262E+28    3.150E+07    4.934E+15    1.111E+04    3.513E-02    2.904E+00     r       2.4
3.558E+07    9.998E-01    2.235E+28    3.150E+07    4.935E+15    1.111E+04    3.513E-02    2.907E+00     r       2.4
3.454E+07    9.998E-01    2.183E+28    3.151E+07    4.937E+15    1.111E+04    3.513E-02    2.914E+00     r       2.4
3.403E+07    9.998E-01    2.159E+28    3.151E+07    4.938E+15    1.111E+04    3.513E-02    2.917E+00     r       2.4
3.299E+07    9.999E-01    2.111E+28    3.151E+07    4.939E+15    1.112E+04    3.513E-02    2.924E+00     r       2.4
3.247E+07    9.999E-01    2.089E+28    3.152E+07    4.940E+15    1.112E+04    3.513E-02    2.928E+00     r       2.4
3.144E+07    9.999E-01    2.045E+28    3.152E+07    4.942E+15    1.112E+04    3.513E-02    2.934E+00     r       2.4
3.092E+07    9.999E-01    2.025E+28    3.152E+07    4.942E+15    1.112E+04    3.513E-02    2.938E+00     r       2.4
2.989E+07    9.999E-01    1.985E+28    3.153E+07    4.944E+15    1.112E+04    3.513E-02    2.944E+00     r       2.4
2.937E+07    9.999E-01    1.967E+28    3.153E+07    4.945E+15    1.112E+04    3.513E-02    2.948E+00     r       2.4
2.833E+07    9.999E-01    1.931E+28    3.153E+07    4.946E+15    1.112E+04    3.513E-02    2.954E+00     r       2.4
2.782E+07    9.999E-01    1.914E+28    3.154E+07    4.947E+15    1.113E+04    3.513E-02    2.958E+00     r       2.4
2.678E+07    9.999E-01    1.882E+28    3.154E+07    4.949E+15    1.113E+04    3.513E-02    2.964E+00     r       2.4
2.626E+07    9.999E-01    1.867E+28    3.154E+07    4.950E+15    1.113E+04    3.513E-02    2.968E+00     r       2.4
2.523E+07    9.999E-01    1.839E+28    3.155E+07    4.951E+15    1.113E+04    3.513E-02    2.975E+00     r       2.4
2.471E+07    9.999E-01    1.825E+28    3.155E+07    4.952E+15    1.113E+04    3.513E-02    2.978E+00     r       2.4
2.368E+07    9.999E-01    1.800E+28    3.155E+07    4.954E+15    1.113E+04    3.513E-02    2.985E+00     r       2.4
2.316E+07    9.999E-01    1.788E+28    3.156E+07    4.955E+15    1.113E+04    3.513E-02    2.989E+00     r       2.4
2.212E+07    9.999E-01    1.766E+28    3.156E+07    4.956E+15    1.114E+04    3.512E-02    2.996E+00     r       2.4
2.161E+07    9.999E-01    1.756E+28    3.156E+07    4.957E+15    1.114E+04    3.512E-02    3.000E+00     r       2.4
2.057E+07    9.999E-01    1.736E+28    3.157E+07    4.959E+15    1.114E+04    3.512E-02    3.008E+00     r       2.4
