   r        Qm       L_r       T        P        rho      kap      eps     fl   dlnPdlnT
1.340E+09    0.000E+00    1.308E+29    1.788E+04    2.694E+03    0.000E+00    7.315E-02    0.000E+00     *      99.9
1.339E+09    5.529E-14    1.308E+29    6.968E+03    1.954E+00    1.457E-08    1.465E+00    6.632E-85     r       2.3
1.338E+09    1.119E-13    1.308E+29    1.884E+04    7.885E+00    3.126E-08    1.152E-01    3.552E-63     c       1.3
1.337E+09    1.905E-13    1.308E+29    2.181E+04    1.614E+01    5.525E-08    1.106E-01    2.445E-60     r       4.7
1.337E+09    2.527E-13    1.308E+29    2.182E+04    2.269E+01    7.767E-08    1.346E-01    3.468E-60     *      99.9
1.336E+09    2.928E-13    1.308E+29    2.182E+04    2.691E+01    9.208E-08    1.492E-01    4.140E-60     *      99.9
1.336E+09    3.154E-13    1.308E+29    2.183E+04    2.930E+01    1.003E-07    1.573E-01    4.526E-60     *      99.9
1.336E+09    3.276E-13    1.308E+29    2.183E+04    3.058E+01    1.046E-07    1.615E-01    4.734E-60     *      99.9
1.336E+09    3.534E-13    1.308E+29    2.183E+04    3.330E+01    1.139E-07    1.705E-01    5.181E-60     *      99.9
1.336E+09    3.670E-13    1.308E+29    2.183E+04    3.474E+01    1.189E-07    1.751E-01    5.421E-60     *      99.9
1.336E+09    3.963E-13    1.308E+29    2.183E+04    3.784E+01    1.294E-07    1.850E-01    5.940E-60     *      99.9
1.336E+09    4.119E-13    1.308E+29    2.184E+04    3.948E+01    1.350E-07    1.902E-01    6.220E-60     *      99.9
1.336E+09    4.452E-13    1.308E+29    2.184E+04    4.299E+01    1.470E-07    2.011E-01    6.824E-60     *      99.9
1.336E+09    4.629E-13    1.308E+29    2.184E+04    4.487E+01    1.534E-07    2.068E-01    7.151E-60     *      99.9
1.336E+09    5.007E-13    1.308E+29    2.185E+04    4.886E+01    1.670E-07    2.188E-01    7.860E-60     *      99.9
1.336E+09    5.208E-13    1.308E+29    2.185E+04    5.098E+01    1.743E-07    2.251E-01    8.245E-60     *      99.9
1.336E+09    5.637E-13    1.308E+29    2.186E+04    5.552E+01    1.897E-07    2.383E-01    9.082E-60     *      99.9
1.336E+09    5.826E-13    1.308E+29    2.186E+04    5.752E+01    1.965E-07    2.441E-01    9.460E-60     *      99.9
1.336E+09    5.987E-13    1.308E+29    2.186E+04    5.922E+01    5.468E-09    4.594E-02    2.644E-61     *      99.9
1.335E+09    6.015E-13    1.308E+29    2.186E+04    5.952E+01    6.480E-09    4.768E-02    3.134E-61     *      99.9
1.335E+09    6.087E-13    1.308E+29    2.186E+04    6.029E+01    9.102E-09    5.195E-02    4.404E-61     *      99.9
1.334E+09    6.333E-13    1.308E+29    2.186E+04    6.289E+01    1.795E-08    6.490E-02    8.698E-61     *      99.9
1.333E+09    7.745E-13    1.308E+29    2.187E+04    7.790E+01    6.888E-08    1.246E-01    3.394E-60     *      99.9
1.332E+09    9.592E-13    1.308E+29    2.189E+04    9.760E+01    1.353E-07    1.891E-01    6.904E-60     *      99.9
1.332E+09    1.110E-12    1.308E+29    2.191E+04    1.137E+02    1.894E-07    2.362E-01    1.004E-59     *      99.9
1.332E+09    1.207E-12    1.308E+29    2.193E+04    1.241E+02    2.239E-07    2.647E-01    1.221E-59     *      99.9
1.332E+09    1.262E-12    1.308E+29    2.194E+04    1.299E+02    2.433E-07    2.802E-01    1.351E-59     *      99.9
1.332E+09    1.386E-12    1.308E+29    2.196E+04    1.432E+02    2.873E-07    3.142E-01    1.667E-59     r      88.3
1.332E+09    1.457E-12    1.308E+29    2.198E+04    1.507E+02    3.121E-07    3.327E-01    1.859E-59     r      75.7
1.332E+09    1.494E-12    1.308E+29    2.199E+04    1.547E+02    3.253E-07    3.423E-01    1.967E-59     r      69.9
1.331E+09    1.573E-12    1.308E+29    2.201E+04    1.632E+02    3.532E-07    3.624E-01    2.207E-59     r      64.5
1.331E+09    1.616E-12    1.308E+29    2.202E+04    1.677E+02    3.681E-07    3.728E-01    2.342E-59     r      59.5
1.331E+09    1.706E-12    1.308E+29    2.204E+04    1.774E+02    3.995E-07    3.945E-01    2.646E-59     r      54.9
1.331E+09    1.754E-12    1.308E+29    2.205E+04    1.825E+02    4.161E-07    4.058E-01    2.818E-59     r      50.6
1.331E+09    1.855E-12    1.308E+29    2.208E+04    1.934E+02    4.514E-07    4.291E-01    3.211E-59     r      46.6
1.331E+09    1.909E-12    1.308E+29    2.209E+04    1.991E+02    4.701E-07    4.411E-01    3.435E-59     r      43.0
1.331E+09    2.024E-12    1.308E+29    2.213E+04    2.114E+02    5.096E-07    4.660E-01    3.953E-59     r      39.6
1.331E+09    2.085E-12    1.308E+29    2.214E+04    2.180E+02    5.305E-07    4.789E-01    4.253E-59     r      36.5
1.331E+09    2.214E-12    1.308E+29    2.218E+04    2.318E+02    5.748E-07    5.053E-01    4.953E-59     r      33.6
1.331E+09    2.283E-12    1.308E+29    2.221E+04    2.392E+02    5.981E-07    5.189E-01    5.362E-59     r      31.1
1.331E+09    2.429E-12    1.308E+29    2.226E+04    2.548E+02    6.474E-07    5.467E-01    6.332E-59     r      28.6
1.331E+09    2.507E-12    1.308E+29    2.228E+04    2.631E+02    6.734E-07    5.608E-01    6.908E-59     r      26.5
1.331E+09    2.671E-12    1.308E+29    2.234E+04    2.807E+02    7.282E-07    5.898E-01    8.290E-59     r      24.4
1.331E+09    2.758E-12    1.308E+29    2.237E+04    2.900E+02    7.571E-07    6.044E-01    9.123E-59     r      22.6
1.331E+09    2.942E-12    1.308E+29    2.245E+04    3.098E+02    8.178E-07    6.342E-01    1.115E-58     r      20.9
1.331E+09    3.040E-12    1.308E+29    2.248E+04    3.203E+02    8.498E-07    6.492E-01    1.239E-58     r      19.4
1.330E+09    3.247E-12    1.308E+29    2.257E+04    3.424E+02    9.168E-07    6.793E-01    1.546E-58     r      18.0
1.330E+09    3.356E-12    1.308E+29    2.261E+04    3.542E+02    9.520E-07    6.945E-01    1.737E-58     r      16.8
1.330E+09    3.587E-12    1.308E+29    2.271E+04    3.790E+02    1.026E-06    7.246E-01    2.218E-58     r      15.6
1.330E+09    3.710E-12    1.308E+29    2.276E+04    3.922E+02    1.064E-06    7.396E-01    2.521E-58     r      14.6
1.330E+09    3.968E-12    1.308E+29    2.288E+04    4.199E+02    1.145E-06    7.692E-01    3.298E-58     r      13.7
1.330E+09    4.105E-12    1.308E+29    2.294E+04    4.346E+02    1.188E-06    7.838E-01    3.796E-58     r      12.8
1.330E+09    4.393E-12    1.308E+29    2.307E+04    4.655E+02    1.276E-06    8.123E-01    5.095E-58     r      12.0
1.330E+09    4.545E-12    1.308E+29    2.314E+04    4.819E+02    1.322E-06    8.262E-01    5.942E-58     r      11.3
1.330E+09    4.865E-12    1.308E+29    2.329E+04    5.163E+02    1.418E-06    8.532E-01    8.186E-58     r      10.7
1.330E+09    5.034E-12    1.308E+29    2.337E+04    5.344E+02    1.467E-06    8.663E-01    9.672E-58     r      10.1
1.330E+09    5.390E-12    1.308E+29    2.354E+04    5.726E+02    1.571E-06    8.912E-01    1.368E-57     r       9.6
1.330E+09    5.577E-12    1.308E+29    2.363E+04    5.927E+02    1.625E-06    9.031E-01    1.637E-57     r       9.1
1.330E+09    5.970E-12    1.308E+29    2.382E+04    6.350E+02    1.737E-06    9.257E-01    2.373E-57     r       8.7
1.330E+09    6.176E-12    1.308E+29    2.391E+04    6.572E+02    1.795E-06    9.363E-01    2.875E-57     r       8.3
1.330E+09    6.610E-12    1.308E+29    2.412E+04    7.038E+02    1.915E-06    9.562E-01    4.267E-57     r       8.0
1.330E+09    6.837E-12    1.308E+29    2.423E+04    7.283E+02    1.977E-06    9.655E-01    5.226E-57     r       7.7
1.329E+09    7.315E-12    1.308E+29    2.445E+04    7.797E+02    2.106E-06    9.826E-01    7.922E-57     r       7.4
1.329E+09    7.565E-12    1.308E+29    2.457E+04    8.066E+02    2.172E-06    9.904E-01    9.801E-57     r       7.1
1.329E+09    8.089E-12    1.308E+29    2.481E+04    8.630E+02    2.310E-06    1.005E+00    1.513E-56     r       6.9
1.329E+09    8.363E-12    1.308E+29    2.494E+04    8.925E+02    2.381E-06    1.011E+00    1.888E-56     r       6.7
1.329E+09    8.936E-12    1.308E+29    2.520E+04    9.542E+02    2.527E-06    1.023E+00    2.960E-56     r       6.5
1.329E+09    9.236E-12    1.308E+29    2.533E+04    9.865E+02    2.603E-06    1.028E+00    3.719E-56     r       6.3
1.329E+09    9.862E-12    1.308E+29    2.560E+04    1.054E+03    2.758E-06    1.037E+00    5.903E-56     r       6.2
1.329E+09    1.019E-11    1.308E+29    2.574E+04    1.089E+03    2.839E-06    1.041E+00    7.456E-56     r       6.0
1.329E+09    1.087E-11    1.308E+29    2.603E+04    1.163E+03    3.004E-06    1.047E+00    1.195E-55     r       5.9
1.329E+09    1.123E-11    1.308E+29    2.618E+04    1.201E+03    3.089E-06    1.050E+00    1.515E-55     r       5.8
1.329E+09    1.197E-11    1.308E+29    2.648E+04    1.281E+03    3.264E-06    1.055E+00    2.443E-55     r       5.7
1.329E+09    1.236E-11    1.308E+29    2.663E+04    1.323E+03    3.355E-06    1.056E+00    3.105E-55     r       5.6
1.329E+09    1.316E-11    1.308E+29    2.694E+04    1.410E+03    3.540E-06    1.059E+00    5.028E-55     r       5.5
1.329E+09    1.358E-11    1.308E+29    2.709E+04    1.455E+03    3.635E-06    1.060E+00    6.401E-55     r       5.4
1.329E+09    1.445E-11    1.308E+29    2.741E+04    1.549E+03    3.832E-06    1.061E+00    1.038E-54     r       5.3
1.329E+09    1.491E-11    1.308E+29    2.758E+04    1.598E+03    3.932E-06    1.061E+00    1.322E-54     r       5.3
1.328E+09    1.585E-11    1.308E+29    2.790E+04    1.699E+03    4.140E-06    1.061E+00    2.143E-54     r       5.2
1.328E+09    1.634E-11    1.308E+29    2.807E+04    1.752E+03    4.246E-06    1.061E+00    2.727E-54     r       5.2
1.328E+09    1.735E-11    1.308E+29    2.840E+04    1.862E+03    4.464E-06    1.059E+00    4.412E-54     r       5.1
1.328E+09    1.788E-11    1.308E+29    2.857E+04    1.919E+03    4.577E-06    1.059E+00    5.608E-54     r       5.1
1.328E+09    1.898E-11    1.308E+29    2.891E+04    2.037E+03    4.807E-06    1.056E+00    9.044E-54     r       5.0
1.328E+09    1.954E-11    1.308E+29    2.909E+04    2.099E+03    4.925E-06    1.055E+00    1.147E-53     r       5.0
1.328E+09    2.072E-11    1.308E+29    2.943E+04    2.226E+03    5.168E-06    1.052E+00    1.842E-53     r       5.0
1.328E+09    2.133E-11    1.308E+29    2.961E+04    2.292E+03    5.292E-06    1.050E+00    2.331E-53     r       4.9
1.328E+09    2.260E-11    1.308E+29    2.996E+04    2.428E+03    5.547E-06    1.047E+00    3.723E-53     r       4.9
1.328E+09    2.325E-11    1.308E+29    3.014E+04    2.499E+03    5.678E-06    1.045E+00    4.698E-53     r       4.9
1.328E+09    2.461E-11    1.308E+29    3.049E+04    2.646E+03    5.947E-06    1.041E+00    7.459E-53     r       4.9
1.328E+09    2.531E-11    1.308E+29    3.067E+04    2.722E+03    6.084E-06    1.039E+00    9.384E-53     r       4.8
1.328E+09    2.676E-11    1.308E+29    3.103E+04    2.879E+03    6.366E-06    1.034E+00    1.480E-52     r       4.8
1.328E+09    2.751E-11    1.308E+29    3.121E+04    2.960E+03    6.511E-06    1.032E+00    1.856E-52     r       4.8
1.328E+09    2.906E-11    1.308E+29    3.157E+04    3.128E+03    6.807E-06    1.027E+00    2.908E-52     r       4.8
1.328E+09    2.987E-11    1.308E+29    3.175E+04    3.215E+03    6.958E-06    1.025E+00    3.633E-52     r       4.8
1.327E+09    3.152E-11    1.308E+29    3.212E+04    3.394E+03    7.269E-06    1.020E+00    5.652E-52     r       4.8
1.327E+09    3.238E-11    1.308E+29    3.230E+04    3.487E+03    7.427E-06    1.017E+00    7.037E-52     r       4.7
1.327E+09    3.415E-11    1.308E+29    3.267E+04    3.679E+03    7.753E-06    1.012E+00    1.087E-51     r       4.7
1.327E+09    3.506E-11    1.308E+29    3.285E+04    3.778E+03    7.919E-06    1.009E+00    1.348E-51     r       4.7
1.327E+09    3.695E-11    1.308E+29    3.322E+04    3.982E+03    8.260E-06    1.004E+00    2.067E-51     r       4.7
1.327E+09    3.792E-11    1.308E+29    3.341E+04    4.087E+03    8.435E-06    1.002E+00    2.555E-51     r       4.7
1.327E+09    3.993E-11    1.308E+29    3.378E+04    4.305E+03    8.791E-06    9.963E-01    3.889E-51     r       4.7
1.327E+09    4.096E-11    1.308E+29    3.397E+04    4.417E+03    8.974E-06    9.937E-01    4.789E-51     r       4.7
1.327E+09    4.310E-11    1.308E+29    3.434E+04    4.648E+03    9.347E-06    9.883E-01    7.235E-51     r       4.7
1.327E+09    4.419E-11    1.308E+29    3.453E+04    4.767E+03    9.537E-06    9.857E-01    8.877E-51     r       4.7
1.327E+09    4.646E-11    1.308E+29    3.490E+04    5.013E+03    9.927E-06    9.803E-01    1.331E-50     r       4.7
1.327E+09    4.763E-11    1.308E+29    3.509E+04    5.140E+03    1.013E-05    9.777E-01    1.628E-50     r       4.7
1.327E+09    5.003E-11    1.308E+29    3.546E+04    5.401E+03    1.053E-05    9.724E-01    2.424E-50     r       4.7
1.327E+09    5.127E-11    1.308E+29    3.565E+04    5.535E+03    1.074E-05    9.697E-01    2.953E-50     r       4.6
1.327E+09    5.382E-11    1.308E+29    3.603E+04    5.812E+03    1.117E-05    9.644E-01    4.366E-50     r       4.6
1.327E+09    5.514E-11    1.308E+29    3.622E+04    5.955E+03    1.138E-05    9.618E-01    5.300E-50     r       4.6
1.326E+09    5.784E-11    1.308E+29    3.659E+04    6.248E+03    1.183E-05    9.565E-01    7.782E-50     r       4.6
1.326E+09    6.356E-11    1.308E+29    3.735E+04    6.869E+03    1.275E-05    9.461E-01    1.655E-49     r       4.6
1.326E+09    6.658E-11    1.308E+29    3.773E+04    7.198E+03    1.324E-05    9.409E-01    2.398E-49     r       4.6
1.326E+09    7.297E-11    1.308E+29    3.849E+04    7.892E+03    1.424E-05    9.308E-01    4.966E-49     r       4.6
1.326E+09    7.634E-11    1.308E+29    3.887E+04    8.259E+03    1.476E-05    9.258E-01    7.102E-49     r       4.6
1.326E+09    8.346E-11    1.308E+29    3.964E+04    9.033E+03    1.585E-05    9.159E-01    1.434E-48     r       4.6
1.326E+09    8.721E-11    1.308E+29    4.002E+04    9.442E+03    1.641E-05    9.111E-01    2.026E-48     r       4.6
1.326E+09    9.511E-11    1.308E+29    4.079E+04    1.030E+04    1.759E-05    9.015E-01    3.995E-48     r       4.6
1.325E+09    9.927E-11    1.308E+29    4.117E+04    1.075E+04    1.820E-05    8.968E-01    5.577E-48     r       4.6
1.325E+09    1.080E-10    1.308E+29    4.194E+04    1.171E+04    1.946E-05    8.875E-01    1.075E-47     r       4.6
1.325E+09    1.126E-10    1.308E+29    4.232E+04    1.221E+04    2.012E-05    8.830E-01    1.484E-47     r       4.6
1.325E+09    1.223E-10    1.308E+29    4.309E+04    1.326E+04    2.148E-05    8.741E-01    2.799E-47     r       4.6
1.325E+09    1.273E-10    1.308E+29    4.348E+04    1.382E+04    2.218E-05    8.697E-01    3.824E-47     r       4.6
1.325E+09    1.380E-10    1.308E+29    4.425E+04    1.498E+04    2.365E-05    8.610E-01    7.067E-47     r       4.6
1.325E+09    1.436E-10    1.308E+29    4.463E+04    1.559E+04    2.440E-05    8.568E-01    9.559E-47     r       4.6
1.324E+09    1.553E-10    1.308E+29    4.541E+04    1.686E+04    2.597E-05    8.485E-01    1.732E-46     r       4.6
1.324E+09    1.614E-10    1.308E+29    4.579E+04    1.753E+04    2.678E-05    8.444E-01    2.321E-46     r       4.6
1.324E+09    1.742E-10    1.308E+29    4.657E+04    1.893E+04    2.846E-05    8.364E-01    4.130E-46     r       4.6
1.324E+09    1.809E-10    1.308E+29    4.696E+04    1.966E+04    2.933E-05    8.324E-01    5.484E-46     r       4.6
1.324E+09    1.949E-10    1.308E+29    4.773E+04    2.120E+04    3.112E-05    8.247E-01    9.588E-46     r       4.6
1.324E+09    2.022E-10    1.308E+29    4.812E+04    2.200E+04    3.204E-05    8.209E-01    1.262E-45     r       4.6
1.324E+09    2.175E-10    1.308E+29    4.890E+04    2.367E+04    3.396E-05    8.134E-01    2.171E-45     r       4.6
1.324E+09    2.255E-10    1.308E+29    4.928E+04    2.455E+04    3.494E-05    8.097E-01    2.835E-45     r       4.6
1.323E+09    2.422E-10    1.308E+29    5.006E+04    2.637E+04    3.698E-05    8.025E-01    4.799E-45     r       4.6
1.323E+09    2.509E-10    1.308E+29    5.045E+04    2.733E+04    3.803E-05    7.989E-01    6.219E-45     r       4.6
1.323E+09    2.690E-10    1.308E+29    5.123E+04    2.931E+04    4.020E-05    7.919E-01    1.037E-44     r       4.6
1.323E+09    2.784E-10    1.308E+29    5.162E+04    3.035E+04    4.131E-05    7.885E-01    1.334E-44     r       4.6
1.323E+09    2.981E-10    1.308E+29    5.240E+04    3.250E+04    4.362E-05    7.817E-01    2.193E-44     r       4.6
1.323E+09    3.083E-10    1.308E+29    5.279E+04    3.363E+04    4.480E-05    7.784E-01    2.802E-44     r       4.6
1.323E+09    3.296E-10    1.308E+29    5.357E+04    3.597E+04    4.724E-05    7.719E-01    4.543E-44     r       4.6
1.323E+09    3.407E-10    1.308E+29    5.396E+04    3.718E+04    4.850E-05    7.686E-01    5.767E-44     r       4.6
1.322E+09    3.638E-10    1.308E+29    5.475E+04    3.972E+04    5.109E-05    7.623E-01    9.230E-44     r       4.6
1.322E+09    3.757E-10    1.308E+29    5.514E+04    4.103E+04    5.242E-05    7.592E-01    1.164E-43     r       4.6
1.322E+09    4.006E-10    1.308E+29    5.592E+04    4.377E+04    5.516E-05    7.531E-01    1.840E-43     r       4.6
1.322E+09    4.136E-10    1.308E+29    5.631E+04    4.519E+04    5.657E-05    7.501E-01    2.307E-43     r       4.6
1.322E+09    4.404E-10    1.308E+29    5.709E+04    4.814E+04    5.947E-05    7.441E-01    3.604E-43     r       4.6
1.322E+09    4.543E-10    1.308E+29    5.749E+04    4.967E+04    6.096E-05    7.412E-01    4.492E-43     r       4.6
1.322E+09    4.832E-10    1.308E+29    5.827E+04    5.285E+04    6.401E-05    7.355E-01    6.940E-43     r       4.6
1.322E+09    4.982E-10    1.308E+29    5.866E+04    5.450E+04    6.559E-05    7.326E-01    8.602E-43     r       4.6
1.321E+09    5.292E-10    1.308E+29    5.945E+04    5.793E+04    6.881E-05    7.270E-01    1.315E-42     r       4.6
1.321E+09    5.453E-10    1.308E+29    5.984E+04    5.970E+04    7.047E-05    7.243E-01    1.621E-42     r       4.6
1.321E+09    5.786E-10    1.308E+29    6.063E+04    6.338E+04    7.387E-05    7.189E-01    2.451E-42     r       4.6
1.321E+09    5.959E-10    1.308E+29    6.102E+04    6.528E+04    7.561E-05    7.162E-01    3.007E-42     r       4.6
1.321E+09    6.316E-10    1.308E+29    6.181E+04    6.922E+04    7.920E-05    7.109E-01    4.503E-42     r       4.6
1.321E+09    6.501E-10    1.308E+29    6.220E+04    7.127E+04    8.103E-05    7.084E-01    5.498E-42     r       4.6
1.321E+09    6.884E-10    1.308E+29    6.299E+04    7.549E+04    8.480E-05    7.032E-01    8.155E-42     r       4.6
1.321E+09    7.082E-10    1.308E+29    6.339E+04    7.768E+04    8.673E-05    7.007E-01    9.910E-42     r       4.6
1.320E+09    7.491E-10    1.308E+29    6.418E+04    8.220E+04    9.069E-05    6.958E-01    1.457E-41     r       4.6
1.320E+09    7.703E-10    1.308E+29    6.457E+04    8.454E+04    9.272E-05    6.933E-01    1.762E-41     r       4.6
1.320E+09    8.140E-10    1.308E+29    6.536E+04    8.938E+04    9.687E-05    6.885E-01    2.568E-41     r       4.6
1.320E+09    8.366E-10    1.308E+29    6.575E+04    9.188E+04    9.900E-05    6.861E-01    3.093E-41     r       4.6
1.320E+09    8.832E-10    1.308E+29    6.655E+04    9.704E+04    1.034E-04    6.814E-01    4.469E-41     r       4.6
1.320E+09    9.073E-10    1.308E+29    6.694E+04    9.971E+04    1.056E-04    6.791E-01    5.362E-41     r       4.6
1.320E+09    9.570E-10    1.308E+29    6.773E+04    1.052E+05    1.102E-04    6.745E-01    7.685E-41     r       4.6
1.320E+09    9.827E-10    1.308E+29    6.813E+04    1.081E+05    1.125E-04    6.723E-01    9.183E-41     r       4.6
1.319E+09    1.036E-09    1.308E+29    6.892E+04    1.139E+05    1.173E-04    6.678E-01    1.306E-40     r       4.6
1.319E+09    1.063E-09    1.308E+29    6.932E+04    1.170E+05    1.197E-04    6.656E-01    1.555E-40     r       4.6
1.319E+09    1.119E-09    1.308E+29    7.011E+04    1.232E+05    1.248E-04    6.613E-01    2.194E-40     r       4.6
1.319E+09    1.148E-09    1.308E+29    7.051E+04    1.264E+05    1.273E-04    6.592E-01    2.603E-40     r       4.6
1.319E+09    1.208E-09    1.308E+29    7.130E+04    1.331E+05    1.326E-04    6.549E-01    3.647E-40     r       4.6
1.319E+09    1.239E-09    1.308E+29    7.170E+04    1.365E+05    1.352E-04    6.528E-01    4.310E-40     r       4.6
1.319E+09    1.302E-09    1.308E+29    7.249E+04    1.435E+05    1.407E-04    6.487E-01    5.999E-40     r       4.6
1.319E+09    1.335E-09    1.308E+29    7.289E+04    1.472E+05    1.435E-04    6.467E-01    7.066E-40     r       4.6
1.318E+09    1.402E-09    1.308E+29    7.368E+04    1.547E+05    1.492E-04    6.427E-01    9.769E-40     r       4.6
1.318E+09    1.437E-09    1.308E+29    7.408E+04    1.585E+05    1.522E-04    6.407E-01    1.147E-39     r       4.6
1.318E+09    1.508E-09    1.308E+29    7.488E+04    1.665E+05    1.581E-04    6.368E-01    1.575E-39     r       4.6
1.318E+09    1.545E-09    1.308E+29    7.527E+04    1.706E+05    1.612E-04    6.348E-01    1.843E-39     r       4.6
1.318E+09    1.621E-09    1.308E+29    7.607E+04    1.790E+05    1.674E-04    6.310E-01    2.516E-39     r       4.6
1.318E+09    1.780E-09    1.308E+29    7.766E+04    1.968E+05    1.804E-04    6.236E-01    4.633E-39     r       4.6
1.317E+09    1.865E-09    1.308E+29    7.846E+04    2.062E+05    1.872E-04    6.199E-01    6.250E-39     r       4.6
1.317E+09    2.043E-09    1.308E+29    8.006E+04    2.261E+05    2.013E-04    6.128E-01    1.125E-38     r       4.6
1.317E+09    2.137E-09    1.308E+29    8.086E+04    2.366E+05    2.086E-04    6.093E-01    1.501E-38     r       4.6
1.317E+09    2.335E-09    1.308E+29    8.245E+04    2.588E+05    2.238E-04    6.025E-01    2.643E-38     r       4.6
1.316E+09    2.440E-09    1.308E+29    8.326E+04    2.705E+05    2.318E-04    5.992E-01    3.490E-38     r       4.6
1.316E+09    2.660E-09    1.308E+29    8.486E+04    2.951E+05    2.482E-04    5.927E-01    6.026E-38     r       4.6
1.316E+09    2.776E-09    1.308E+29    8.566E+04    3.081E+05    2.568E-04    5.895E-01    7.880E-38     r       4.6
1.316E+09    3.019E-09    1.308E+29    8.726E+04    3.354E+05    2.745E-04    5.833E-01    1.335E-37     r       4.6
1.315E+09    3.147E-09    1.308E+29    8.806E+04    3.497E+05    2.837E-04    5.802E-01    1.730E-37     r       4.6
1.315E+09    3.415E-09    1.308E+29    8.967E+04    3.799E+05    3.028E-04    5.742E-01    2.879E-37     r       4.6
1.315E+09    3.556E-09    1.308E+29    9.048E+04    3.957E+05    3.127E-04    5.713E-01    3.699E-37     r       4.6
1.315E+09    3.851E-09    1.308E+29    9.208E+04    4.289E+05    3.332E-04    5.656E-01    6.055E-37     r       4.6
1.314E+09    4.006E-09    1.308E+29    9.289E+04    4.463E+05    3.438E-04    5.628E-01    7.717E-37     r       4.6
1.314E+09    4.330E-09    1.308E+29    9.450E+04    4.829E+05    3.657E-04    5.573E-01    1.243E-36     r       4.6
1.314E+09    4.500E-09    1.308E+29    9.531E+04    5.020E+05    3.771E-04    5.546E-01    1.573E-36     r       4.6
1.314E+09    4.855E-09    1.308E+29    9.692E+04    5.421E+05    4.005E-04    5.493E-01    2.497E-36     r       4.6
1.313E+09    5.041E-09    1.308E+29    9.773E+04    5.630E+05    4.127E-04    5.467E-01    3.135E-36     r       4.6
1.313E+09    5.429E-09    1.308E+29    9.934E+04    6.069E+05    4.378E-04    5.416E-01    4.907E-36     r       4.6
1.313E+09    5.631E-09    1.308E+29    1.002E+05    6.298E+05    4.507E-04    5.391E-01    6.119E-36     r       4.6
1.313E+09    6.054E-09    1.308E+29    1.018E+05    6.777E+05    4.775E-04    5.341E-01    9.452E-36     r       4.6
1.312E+09    6.275E-09    1.308E+29    1.026E+05    7.027E+05    4.913E-04    5.317E-01    1.171E-35     r       4.6
1.312E+09    6.736E-09    1.308E+29    1.042E+05    7.549E+05    5.198E-04    5.270E-01    1.786E-35     r       4.6
1.312E+09    6.976E-09    1.308E+29    1.050E+05    7.821E+05    5.345E-04    5.247E-01    2.199E-35     r       4.6
1.312E+09    7.476E-09    1.308E+29    1.066E+05    8.390E+05    5.648E-04    5.201E-01    3.315E-35     r       4.6
1.311E+09    7.737E-09    1.308E+29    1.074E+05    8.686E+05    5.804E-04    5.179E-01    4.058E-35     r       4.6
1.311E+09    8.280E-09    1.308E+29    1.091E+05    9.303E+05    6.125E-04    5.134E-01    6.046E-35     r       4.6
1.311E+09    8.562E-09    1.308E+29    1.099E+05    9.624E+05    6.291E-04    5.113E-01    7.360E-35     r       4.6
1.311E+09    9.149E-09    1.308E+29    1.115E+05    1.029E+06    6.633E-04    5.070E-01    1.085E-34     r       4.6
1.310E+09    9.455E-09    1.308E+29    1.123E+05    1.064E+06    6.808E-04    5.049E-01    1.314E-34     r       4.6
1.310E+09    1.009E-08    1.308E+29    1.140E+05    1.137E+06    7.170E-04    5.008E-01    1.917E-34     r       4.6
1.310E+09    1.042E-08    1.308E+29    1.148E+05    1.174E+06    7.356E-04    4.988E-01    2.309E-34     r       4.6
1.310E+09    1.110E-08    1.308E+29    1.164E+05    1.252E+06    7.739E-04    4.948E-01    3.336E-34     r       4.6
1.309E+09    1.146E-08    1.308E+29    1.172E+05    1.293E+06    7.935E-04    4.928E-01    4.000E-34     r       4.6
1.309E+09    1.220E-08    1.308E+29    1.189E+05    1.378E+06    8.340E-04    4.889E-01    5.723E-34     r       4.6
1.309E+09    1.258E-08    1.308E+29    1.197E+05    1.421E+06    8.548E-04    4.870E-01    6.831E-34     r       4.6
1.309E+09    1.337E-08    1.308E+29    1.213E+05    1.512E+06    8.975E-04    4.833E-01    9.688E-34     r       4.6
1.308E+09    1.379E-08    1.308E+29    1.221E+05    1.560E+06    9.194E-04    4.815E-01    1.151E-33     r       4.6
1.308E+09    1.464E-08    1.308E+29    1.238E+05    1.657E+06    9.645E-04    4.778E-01    1.619E-33     r       4.6
1.308E+09    1.508E-08    1.308E+29    1.246E+05    1.708E+06    9.876E-04    4.760E-01    1.916E-33     r       4.6
1.308E+09    1.600E-08    1.308E+29    1.262E+05    1.813E+06    1.035E-03    4.725E-01    2.671E-33     r       4.6
1.307E+09    1.647E-08    1.308E+29    1.270E+05    1.868E+06    1.059E-03    4.708E-01    3.148E-33     r       4.6
1.307E+09    1.745E-08    1.308E+29    1.287E+05    1.981E+06    1.109E-03    4.674E-01    4.356E-33     r       4.6
1.307E+09    1.796E-08    1.308E+29    1.295E+05    2.039E+06    1.135E-03    4.657E-01    5.114E-33     r       4.6
1.307E+09    1.901E-08    1.308E+29    1.311E+05    2.160E+06    1.188E-03    4.624E-01    7.023E-33     r       4.6
1.306E+09    1.955E-08    1.308E+29    1.320E+05    2.223E+06    1.215E-03    4.607E-01    8.215E-33     r       4.6
1.306E+09    2.067E-08    1.308E+29    1.336E+05    2.352E+06    1.270E-03    4.575E-01    1.120E-32     r       4.6
1.306E+09    2.125E-08    1.308E+29    1.344E+05    2.419E+06    1.298E-03    4.559E-01    1.305E-32     r       4.6
1.306E+09    2.245E-08    1.308E+29    1.361E+05    2.558E+06    1.356E-03    4.528E-01    1.768E-32     r       4.6
1.305E+09    2.307E-08    1.308E+29    1.369E+05    2.629E+06    1.386E-03    4.512E-01    2.053E-32     r       4.6
1.305E+09    2.434E-08    1.308E+29    1.386E+05    2.777E+06    1.447E-03    4.482E-01    2.761E-32     r       4.6
1.305E+09    2.500E-08    1.308E+29    1.394E+05    2.854E+06    1.478E-03    4.467E-01    3.197E-32     r       4.6
1.305E+09    2.636E-08    1.308E+29    1.410E+05    3.011E+06    1.542E-03    4.437E-01    4.272E-32     r       4.6
1.304E+09    2.706E-08    1.308E+29    1.419E+05    3.093E+06    1.574E-03    4.422E-01    4.931E-32     r       4.6
1.304E+09    2.851E-08    1.308E+29    1.435E+05    3.261E+06    1.641E-03    4.393E-01    6.549E-32     r       4.6
1.304E+09    2.926E-08    1.308E+29    1.443E+05    3.348E+06    1.676E-03    4.379E-01    7.536E-32     r       4.6
1.304E+09    3.080E-08    1.308E+29    1.460E+05    3.527E+06    1.745E-03    4.351E-01    9.949E-32     r       4.6
1.303E+09    3.159E-08    1.308E+29    1.468E+05    3.619E+06    1.781E-03    4.337E-01    1.141E-31     r       4.6
1.303E+09    3.322E-08    1.308E+29    1.485E+05    3.809E+06    1.854E-03    4.310E-01    1.498E-31     r       4.6
1.303E+09    3.406E-08    1.308E+29    1.493E+05    3.908E+06    1.892E-03    4.296E-01    1.714E-31     r       4.6
1.303E+09    3.580E-08    1.308E+29    1.510E+05    4.110E+06    1.968E-03    4.269E-01    2.238E-31     r       4.6
1.302E+09    3.669E-08    1.308E+29    1.518E+05    4.214E+06    2.007E-03    4.256E-01    2.554E-31     r       4.6
1.302E+09    3.853E-08    1.308E+29    1.535E+05    4.429E+06    2.087E-03    4.230E-01    3.316E-31     r       4.6
1.302E+09    3.947E-08    1.308E+29    1.543E+05    4.539E+06    2.128E-03    4.217E-01    3.774E-31     r       4.6
1.302E+09    4.142E-08    1.308E+29    1.560E+05    4.767E+06    2.212E-03    4.192E-01    4.875E-31     r       4.6
1.301E+09    4.242E-08    1.308E+29    1.568E+05    4.884E+06    2.254E-03    4.179E-01    5.534E-31     r       4.6
1.301E+09    4.448E-08    1.308E+29    1.584E+05    5.126E+06    2.341E-03    4.154E-01    7.114E-31     r       4.6
1.300E+09    4.883E-08    1.308E+29    1.618E+05    5.637E+06    2.523E-03    4.106E-01    1.165E-30     r       4.6
1.300E+09    5.113E-08    1.308E+29    1.634E+05    5.908E+06    2.617E-03    4.082E-01    1.483E-30     r       4.6
1.299E+09    5.598E-08    1.308E+29    1.668E+05    6.479E+06    2.814E-03    4.036E-01    2.384E-30     r       4.6
1.299E+09    5.854E-08    1.308E+29    1.685E+05    6.781E+06    2.916E-03    4.013E-01    3.009E-30     r       4.6
1.298E+09    6.394E-08    1.308E+29    1.718E+05    7.419E+06    3.129E-03    3.969E-01    4.755E-30     r       4.6
1.298E+09    6.678E-08    1.308E+29    1.735E+05    7.755E+06    3.240E-03    3.948E-01    5.953E-30     r       4.6
1.297E+09    7.276E-08    1.308E+29    1.768E+05    8.464E+06    3.470E-03    3.905E-01    9.258E-30     r       4.6
1.297E+09    7.590E-08    1.308E+29    1.785E+05    8.837E+06    3.590E-03    3.885E-01    1.150E-29     r       4.6
1.296E+09    8.251E-08    1.308E+29    1.819E+05    9.623E+06    3.838E-03    3.844E-01    1.762E-29     r       4.6
1.296E+09    8.598E-08    1.308E+29    1.836E+05    1.004E+07    3.967E-03    3.824E-01    2.174E-29     r       4.6
1.295E+09    9.326E-08    1.308E+29    1.869E+05    1.090E+07    4.234E-03    3.786E-01    3.284E-29     r       4.6
1.295E+09    9.708E-08    1.308E+29    1.886E+05    1.136E+07    4.372E-03    3.767E-01    4.022E-29     r       4.6
1.294E+09    1.051E-07    1.308E+29    1.920E+05    1.232E+07    4.659E-03    3.729E-01    5.996E-29     r       4.6
1.294E+09    1.093E-07    1.308E+29    1.937E+05    1.282E+07    4.807E-03    3.711E-01    7.298E-29     r       4.6
1.293E+09    1.181E-07    1.308E+29    1.971E+05    1.388E+07    5.115E-03    3.675E-01    1.074E-28     r       4.6
1.293E+09    1.227E-07    1.308E+29    1.988E+05    1.443E+07    5.274E-03    3.658E-01    1.300E-28     r       4.6
1.292E+09    1.323E-07    1.308E+29    2.022E+05    1.559E+07    5.603E-03    3.623E-01    1.891E-28     r       4.6
1.292E+09    1.373E-07    1.308E+29    2.038E+05    1.619E+07    5.773E-03    3.606E-01    2.274E-28     r       4.6
1.291E+09    1.478E-07    1.308E+29    2.072E+05    1.746E+07    6.125E-03    3.573E-01    3.272E-28     r       4.6
1.291E+09    1.533E-07    1.308E+29    2.089E+05    1.812E+07    6.306E-03    3.557E-01    3.914E-28     r       4.6
1.290E+09    1.647E-07    1.308E+29    2.124E+05    1.951E+07    6.682E-03    3.525E-01    5.572E-28     r       4.6
1.290E+09    1.707E-07    1.308E+29    2.141E+05    2.024E+07    6.875E-03    3.510E-01    6.632E-28     r       4.6
1.289E+09    1.832E-07    1.308E+29    2.175E+05    2.175E+07    7.275E-03    3.479E-01    9.346E-28     r       4.6
1.289E+09    1.897E-07    1.308E+29    2.192E+05    2.254E+07    7.482E-03    3.464E-01    1.107E-27     r       4.6
1.288E+09    2.032E-07    1.308E+29    2.226E+05    2.419E+07    7.907E-03    3.434E-01    1.545E-27     r       4.6
1.288E+09    2.102E-07    1.308E+29    2.243E+05    2.505E+07    8.127E-03    3.419E-01    1.821E-27     r       4.6
1.287E+09    2.249E-07    1.308E+29    2.277E+05    2.684E+07    8.579E-03    3.391E-01    2.519E-27     r       4.6
1.287E+09    2.325E-07    1.308E+29    2.294E+05    2.777E+07    8.813E-03    3.377E-01    2.956E-27     r       4.6
1.286E+09    2.484E-07    1.308E+29    2.329E+05    2.972E+07    9.293E-03    3.349E-01    4.054E-27     r       4.6
1.286E+09    2.566E-07    1.308E+29    2.346E+05    3.073E+07    9.540E-03    3.335E-01    4.738E-27     r       4.6
1.285E+09    2.737E-07    1.308E+29    2.380E+05    3.284E+07    1.005E-02    3.308E-01    6.444E-27     r       4.6
1.285E+09    2.826E-07    1.308E+29    2.397E+05    3.393E+07    1.031E-02    3.295E-01    7.500E-27     r       4.6
1.284E+09    3.011E-07    1.308E+29    2.432E+05    3.622E+07    1.085E-02    3.269E-01    1.012E-26     r       4.6
1.284E+09    3.107E-07    1.308E+29    2.449E+05    3.740E+07    1.113E-02    3.256E-01    1.174E-26     r       4.6
1.283E+09    3.306E-07    1.308E+29    2.484E+05    3.987E+07    1.170E-02    3.231E-01    1.572E-26     r       4.6
1.283E+09    3.409E-07    1.308E+29    2.501E+05    4.115E+07    1.199E-02    3.219E-01    1.816E-26     r       4.6
1.282E+09    3.623E-07    1.308E+29    2.536E+05    4.380E+07    1.260E-02    3.195E-01    2.415E-26     r       4.6
1.282E+09    3.734E-07    1.308E+29    2.553E+05    4.518E+07    1.291E-02    3.183E-01    2.780E-26     r       4.6
1.281E+09    3.964E-07    1.308E+29    2.588E+05    4.805E+07    1.354E-02    3.159E-01    3.671E-26     r       4.6
1.281E+09    4.083E-07    1.308E+29    2.605E+05    4.953E+07    1.387E-02    3.147E-01    4.212E-26     r       4.6
1.280E+09    4.329E-07    1.308E+29    2.640E+05    5.262E+07    1.454E-02    3.124E-01    5.527E-26     r       4.6
1.280E+09    4.457E-07    1.308E+29    2.657E+05    5.421E+07    1.489E-02    3.113E-01    6.321E-26     r       4.6
1.279E+09    4.721E-07    1.308E+29    2.692E+05    5.752E+07    1.559E-02    3.091E-01    8.241E-26     r       4.6
1.279E+09    4.858E-07    1.308E+29    2.709E+05    5.924E+07    1.596E-02    3.080E-01    9.396E-26     r       4.6
1.278E+09    5.140E-07    1.308E+29    2.744E+05    6.279E+07    1.670E-02    3.058E-01    1.218E-25     r       4.6
1.278E+09    5.286E-07    1.308E+29    2.762E+05    6.463E+07    1.708E-02    3.048E-01    1.384E-25     r       4.6
1.277E+09    5.588E-07    1.308E+29    2.796E+05    6.844E+07    1.787E-02    3.027E-01    1.784E-25     r       4.6
1.277E+09    5.744E-07    1.308E+29    2.814E+05    7.041E+07    1.827E-02    3.016E-01    2.022E-25     r       4.6
1.276E+09    6.066E-07    1.308E+29    2.849E+05    7.449E+07    1.909E-02    2.996E-01    2.591E-25     r       4.6
1.276E+09    6.233E-07    1.308E+29    2.866E+05    7.660E+07    1.951E-02    2.986E-01    2.929E-25     r       4.6
1.275E+09    6.576E-07    1.308E+29    2.901E+05    8.096E+07    2.038E-02    2.966E-01    3.734E-25     r       4.6
1.275E+09    6.753E-07    1.308E+29    2.919E+05    8.321E+07    2.082E-02    2.956E-01    4.210E-25     r       4.6
1.274E+09    7.119E-07    1.308E+29    2.954E+05    8.787E+07    2.173E-02    2.937E-01    5.339E-25     r       4.6
1.274E+09    7.308E-07    1.308E+29    2.972E+05    9.028E+07    2.219E-02    2.927E-01    6.005E-25     r       4.6
1.273E+09    7.697E-07    1.308E+29    3.007E+05    9.525E+07    2.315E-02    2.908E-01    7.577E-25     r       4.6
1.273E+09    7.897E-07    1.308E+29    3.025E+05    9.782E+07    2.363E-02    2.899E-01    8.501E-25     r       4.6
1.272E+09    8.311E-07    1.308E+29    3.060E+05    1.031E+08    2.463E-02    2.881E-01    1.068E-24     r       4.6
1.272E+09    8.524E-07    1.308E+29    3.077E+05    1.059E+08    2.514E-02    2.872E-01    1.195E-24     r       4.6
1.271E+09    8.963E-07    1.308E+29    3.113E+05    1.115E+08    2.618E-02    2.854E-01    1.494E-24     r       4.6
1.271E+09    9.189E-07    1.308E+29    3.130E+05    1.144E+08    2.672E-02    2.845E-01    1.669E-24     r       4.6
1.270E+09    9.655E-07    1.308E+29    3.166E+05    1.204E+08    2.781E-02    2.828E-01    2.077E-24     r       4.6
1.270E+09    9.895E-07    1.308E+29    3.184E+05    1.235E+08    2.837E-02    2.819E-01    2.315E-24     r       4.6
1.269E+09    1.039E-06    1.308E+29    3.219E+05    1.299E+08    2.951E-02    2.802E-01    2.869E-24     r       4.6
1.269E+09    1.064E-06    1.308E+29    3.237E+05    1.332E+08    3.010E-02    2.794E-01    3.190E-24     r       4.6
1.268E+09    1.117E-06    1.308E+29    3.272E+05    1.400E+08    3.129E-02    2.777E-01    3.938E-24     r       4.6
1.268E+09    1.143E-06    1.308E+29    3.290E+05    1.435E+08    3.190E-02    2.769E-01    4.371E-24     r       4.6
1.267E+09    1.199E-06    1.308E+29    3.326E+05    1.507E+08    3.315E-02    2.753E-01    5.373E-24     r       4.6
1.267E+09    1.227E-06    1.308E+29    3.343E+05    1.544E+08    3.378E-02    2.745E-01    5.952E-24     r       4.6
1.266E+09    1.286E-06    1.308E+29    3.379E+05    1.620E+08    3.508E-02    2.729E-01    7.289E-24     r       4.5
1.265E+09    1.409E-06    1.308E+29    3.451E+05    1.782E+08    3.780E-02    2.698E-01    1.085E-23     r       4.5
1.264E+09    1.474E-06    1.308E+29    3.486E+05    1.868E+08    3.921E-02    2.683E-01    1.320E-23     r       4.5
1.263E+09    1.612E-06    1.308E+29    3.558E+05    2.049E+08    4.216E-02    2.653E-01    1.937E-23     r       4.5
1.262E+09    1.684E-06    1.308E+29    3.594E+05    2.145E+08    4.370E-02    2.639E-01    2.339E-23     r       4.5
1.261E+09    1.837E-06    1.308E+29    3.666E+05    2.347E+08    4.689E-02    2.611E-01    3.389E-23     r       4.5
1.260E+09    1.917E-06    1.308E+29    3.702E+05    2.454E+08    4.856E-02    2.597E-01    4.067E-23     r       4.5
1.259E+09    2.086E-06    1.308E+29    3.774E+05    2.680E+08    5.201E-02    2.570E-01    5.819E-23     r       4.5
1.258E+09    2.174E-06    1.308E+29    3.811E+05    2.799E+08    5.381E-02    2.557E-01    6.941E-23     r       4.5
1.257E+09    2.361E-06    1.308E+29    3.883E+05    3.049E+08    5.754E-02    2.531E-01    9.817E-23     r       4.5
1.256E+09    2.459E-06    1.308E+29    3.919E+05    3.181E+08    5.948E-02    2.518E-01    1.164E-22     r       4.5
1.255E+09    2.664E-06    1.308E+29    3.992E+05    3.459E+08    6.350E-02    2.493E-01    1.629E-22     r       4.5
1.254E+09    2.771E-06    1.308E+29    4.029E+05    3.605E+08    6.559E-02    2.481E-01    1.921E-22     r       4.5
1.253E+09    2.996E-06    1.308E+29    4.102E+05    3.911E+08    6.992E-02    2.457E-01    2.660E-22     r       4.5
1.252E+09    3.114E-06    1.308E+29    4.138E+05    4.072E+08    7.216E-02    2.446E-01    3.123E-22     r       4.5
1.251E+09    3.361E-06    1.308E+29    4.212E+05    4.411E+08    7.681E-02    2.423E-01    4.282E-22     r       4.5
1.250E+09    3.490E-06    1.308E+29    4.248E+05    4.588E+08    7.922E-02    2.412E-01    5.002E-22     r       4.5
1.249E+09    3.760E-06    1.308E+29    4.322E+05    4.961E+08    8.420E-02    2.389E-01    6.795E-22     r       4.5
1.248E+09    3.901E-06    1.308E+29    4.359E+05    5.156E+08    8.678E-02    2.379E-01    7.902E-22     r       4.5
1.247E+09    4.196E-06    1.308E+29    4.433E+05    5.565E+08    9.212E-02    2.357E-01    1.064E-21     r       4.5
1.246E+09    4.350E-06    1.308E+29    4.470E+05    5.779E+08    9.488E-02    2.347E-01    1.232E-21     r       4.5
1.245E+09    4.670E-06    1.308E+29    4.544E+05    6.227E+08    1.006E-01    2.326E-01    1.646E-21     r       4.5
1.244E+09    4.838E-06    1.308E+29    4.581E+05    6.462E+08    1.035E-01    2.316E-01    1.898E-21     r       4.5
1.243E+09    5.186E-06    1.308E+29    4.655E+05    6.952E+08    1.096E-01    2.297E-01    2.515E-21     r       4.5
1.242E+09    5.368E-06    1.308E+29    4.693E+05    7.208E+08    1.128E-01    2.287E-01    2.890E-21     r       4.5
1.241E+09    5.747E-06    1.308E+29    4.767E+05    7.744E+08    1.193E-01    2.268E-01    3.801E-21     r       4.5
1.240E+09    5.943E-06    1.308E+29    4.805E+05    8.024E+08    1.226E-01    2.258E-01    4.351E-21     r       4.5
1.239E+09    6.353E-06    1.308E+29    4.880E+05    8.608E+08    1.296E-01    2.240E-01    5.681E-21     r       4.5
1.238E+09    6.567E-06    1.308E+29    4.917E+05    8.912E+08    1.331E-01    2.231E-01    6.481E-21     r       4.5
1.237E+09    7.010E-06    1.308E+29    4.993E+05    9.548E+08    1.405E-01    2.213E-01    8.406E-21     r       4.5
1.236E+09    7.240E-06    1.308E+29    5.030E+05    9.880E+08    1.443E-01    2.204E-01    9.557E-21     r       4.5
1.235E+09    7.719E-06    1.308E+29    5.106E+05    1.057E+09    1.521E-01    2.187E-01    1.232E-20     r       4.5
1.234E+09    7.967E-06    1.308E+29    5.144E+05    1.093E+09    1.561E-01    2.178E-01    1.396E-20     r       4.5
1.233E+09    8.484E-06    1.308E+29    5.219E+05    1.168E+09    1.645E-01    2.162E-01    1.788E-20     r       4.5
1.232E+09    8.751E-06    1.308E+29    5.257E+05    1.207E+09    1.687E-01    2.153E-01    2.020E-20     r       4.5
1.231E+09    9.307E-06    1.308E+29    5.333E+05    1.288E+09    1.775E-01    2.137E-01    2.572E-20     r       4.5
1.230E+09    9.595E-06    1.308E+29    5.371E+05    1.331E+09    1.821E-01    2.129E-01    2.897E-20     r       4.5
1.229E+09    1.019E-05    1.308E+29    5.448E+05    1.418E+09    1.914E-01    2.113E-01    3.668E-20     r       4.5
1.228E+09    1.050E-05    1.308E+29    5.486E+05    1.464E+09    1.962E-01    2.106E-01    4.121E-20     r       4.5
1.227E+09    1.114E-05    1.308E+29    5.563E+05    1.559E+09    2.061E-01    2.090E-01    5.190E-20     r       4.5
1.226E+09    1.148E-05    1.308E+29    5.601E+05    1.609E+09    2.112E-01    2.083E-01    5.816E-20     r       4.5
1.225E+09    1.216E-05    1.308E+29    5.678E+05    1.711E+09    2.216E-01    2.068E-01    7.285E-20     r       4.5
1.224E+09    1.252E-05    1.308E+29    5.716E+05    1.764E+09    2.270E-01    2.061E-01    8.143E-20     r       4.5
1.223E+09    1.326E-05    1.308E+29    5.794E+05    1.875E+09    2.380E-01    2.046E-01    1.015E-19     r       4.5
1.222E+09    1.364E-05    1.308E+29    5.832E+05    1.932E+09    2.437E-01    2.039E-01    1.132E-19     r       4.5
1.221E+09    1.442E-05    1.308E+29    5.910E+05    2.051E+09    2.553E-01    2.025E-01    1.404E-19     r       4.5
1.220E+09    1.483E-05    1.308E+29    5.949E+05    2.113E+09    2.613E-01    2.018E-01    1.562E-19     r       4.5
1.219E+09    1.567E-05    1.308E+29    6.026E+05    2.241E+09    2.736E-01    2.005E-01    1.929E-19     r       4.5
1.218E+09    1.611E-05    1.308E+29    6.065E+05    2.307E+09    2.799E-01    1.998E-01    2.141E-19     r       4.5
1.217E+09    1.701E-05    1.308E+29    6.143E+05    2.445E+09    2.929E-01    1.985E-01    2.632E-19     r       4.5
1.216E+09    1.747E-05    1.308E+29    6.182E+05    2.516E+09    2.995E-01    1.978E-01    2.915E-19     r       4.5
1.215E+09    1.843E-05    1.308E+29    6.261E+05    2.664E+09    3.131E-01    1.965E-01    3.569E-19     r       4.5
1.214E+09    1.892E-05    1.308E+29    6.300E+05    2.740E+09    3.201E-01    1.959E-01    3.945E-19     r       4.5
1.213E+09    1.994E-05    1.308E+29    6.378E+05    2.898E+09    3.345E-01    1.946E-01    4.810E-19     r       4.5
1.212E+09    2.047E-05    1.308E+29    6.418E+05    2.980E+09    3.418E-01    1.940E-01    5.307E-19     r       4.5
1.211E+09    2.155E-05    1.308E+29    6.497E+05    3.150E+09    3.569E-01    1.928E-01    6.445E-19     r       4.5
1.210E+09    2.211E-05    1.308E+29    6.536E+05    3.237E+09    3.646E-01    1.922E-01    7.096E-19     r       4.5
1.209E+09    2.326E-05    1.308E+29    6.615E+05    3.418E+09    3.805E-01    1.910E-01    8.586E-19     r       4.5
1.208E+09    2.386E-05    1.308E+29    6.655E+05    3.512E+09    3.886E-01    1.904E-01    9.436E-19     r       4.5
1.207E+09    2.508E-05    1.308E+29    6.734E+05    3.706E+09    4.052E-01    1.893E-01    1.138E-18     r       4.5
1.206E+09    2.571E-05    1.308E+29    6.774E+05    3.806E+09    4.138E-01    1.887E-01    1.248E-18     r       4.5
1.205E+09    2.701E-05    1.308E+29    6.854E+05    4.013E+09    4.312E-01    1.875E-01    1.499E-18     r       4.5
1.204E+09    2.768E-05    1.308E+29    6.894E+05    4.120E+09    4.402E-01    1.870E-01    1.642E-18     r       4.5
1.203E+09    2.906E-05    1.308E+29    6.974E+05    4.341E+09    4.585E-01    1.859E-01    1.966E-18     r       4.5
1.202E+09    2.977E-05    1.308E+29    7.014E+05    4.455E+09    4.678E-01    1.853E-01    2.149E-18     r       4.5
1.201E+09    3.122E-05    1.308E+29    7.094E+05    4.690E+09    4.870E-01    1.843E-01    2.565E-18     r       4.5
1.200E+09    3.197E-05    1.308E+29    7.135E+05    4.812E+09    4.969E-01    1.837E-01    2.800E-18     r       4.5
1.199E+09    3.352E-05    1.308E+29    7.215E+05    5.063E+09    5.170E-01    1.827E-01    3.331E-18     r       4.5
1.198E+09    3.431E-05    1.308E+29    7.256E+05    5.192E+09    5.272E-01    1.821E-01    3.631E-18     r       4.5
1.196E+09    3.594E-05    1.308E+29    7.336E+05    5.459E+09    5.483E-01    1.811E-01    4.306E-18     r       4.5
1.196E+09    3.678E-05    1.308E+29    7.377E+05    5.597E+09    5.590E-01    1.806E-01    4.686E-18     r       4.5
1.194E+09    3.850E-05    1.308E+29    7.458E+05    5.881E+09    5.811E-01    1.796E-01    5.542E-18     r       4.5
1.194E+09    3.939E-05    1.308E+29    7.499E+05    6.027E+09    5.923E-01    1.791E-01    6.022E-18     r       4.5
1.192E+09    4.121E-05    1.308E+29    7.580E+05    6.329E+09    6.153E-01    1.781E-01    7.101E-18     r       4.5
1.192E+09    4.214E-05    1.308E+29    7.621E+05    6.484E+09    6.271E-01    1.776E-01    7.706E-18     r       4.5
1.190E+09    4.406E-05    1.308E+29    7.703E+05    6.805E+09    6.511E-01    1.767E-01    9.062E-18     r       4.5
1.188E+09    4.811E-05    1.308E+29    7.867E+05    7.485E+09    7.014E-01    1.748E-01    1.246E-17     r       4.5
1.186E+09    5.024E-05    1.308E+29    7.950E+05    7.846E+09    7.276E-01    1.739E-01    1.458E-17     r       4.5
1.184E+09    5.473E-05    1.308E+29    8.115E+05    8.611E+09    7.824E-01    1.721E-01    1.985E-17     r       4.5
1.182E+09    5.709E-05    1.308E+29    8.198E+05    9.016E+09    8.110E-01    1.712E-01    2.311E-17     r       4.5
1.180E+09    6.205E-05    1.308E+29    8.365E+05    9.873E+09    8.705E-01    1.695E-01    3.117E-17     r       4.5
1.178E+09    6.466E-05    1.308E+29    8.448E+05    1.033E+10    9.015E-01    1.686E-01    3.611E-17     r       4.5
1.176E+09    7.014E-05    1.308E+29    8.616E+05    1.129E+10    9.662E-01    1.670E-01    4.826E-17     r       4.5
1.174E+09    7.301E-05    1.308E+29    8.700E+05    1.179E+10    9.999E-01    1.661E-01    5.567E-17     r       4.5
1.172E+09    7.904E-05    1.308E+29    8.869E+05    1.286E+10    1.070E+00    1.645E-01    7.378E-17     r       4.5
1.170E+09    8.219E-05    1.308E+29    8.954E+05    1.343E+10    1.106E+00    1.638E-01    8.476E-17     r       4.5
1.168E+09    8.881E-05    1.308E+29    9.125E+05    1.462E+10    1.182E+00    1.622E-01    1.114E-16     r       4.5
1.166E+09    9.228E-05    1.308E+29    9.210E+05    1.525E+10    1.222E+00    1.615E-01    1.275E-16     r       4.5
1.164E+09    9.953E-05    1.308E+29    9.382E+05    1.657E+10    1.303E+00    1.600E-01    1.663E-16     r       4.5
1.162E+09    1.033E-04    1.308E+29    9.468E+05    1.727E+10    1.346E+00    1.593E-01    1.896E-16     r       4.5
1.160E+09    1.113E-04    1.308E+29    9.641E+05    1.873E+10    1.434E+00    1.578E-01    2.456E-16     r       4.5
1.158E+09    1.154E-04    1.308E+29    9.727E+05    1.951E+10    1.480E+00    1.571E-01    2.791E-16     r       4.5
1.156E+09    1.241E-04    1.308E+29    9.902E+05    2.113E+10    1.575E+00    1.558E-01    3.590E-16     r       4.5
1.154E+09    1.286E-04    1.308E+29    9.989E+05    2.198E+10    1.625E+00    1.551E-01    4.066E-16     r       4.5
1.152E+09    1.380E-04    1.308E+29    1.016E+06    2.378E+10    1.727E+00    1.538E-01    5.196E-16     r       4.5
1.150E+09    1.429E-04    1.308E+29    1.025E+06    2.472E+10    1.780E+00    1.531E-01    5.866E-16     r       4.5
1.148E+09    1.532E-04    1.308E+29    1.043E+06    2.670E+10    1.890E+00    1.518E-01    7.451E-16     r       4.5
1.146E+09    1.585E-04    1.308E+29    1.052E+06    2.773E+10    1.947E+00    1.512E-01    8.386E-16     r       4.5
1.144E+09    1.696E-04    1.308E+29    1.070E+06    2.991E+10    2.066E+00    1.500E-01    1.059E-15     r       4.5
1.142E+09    1.754E-04    1.308E+29    1.079E+06    3.105E+10    2.127E+00    1.494E-01    1.188E-15     r       4.5
1.140E+09    1.875E-04    1.308E+29    1.096E+06    3.345E+10    2.253E+00    1.482E-01    1.493E-15     r       4.5
1.138E+09    1.938E-04    1.308E+29    1.105E+06    3.470E+10    2.319E+00    1.476E-01    1.670E-15     r       4.5
1.136E+09    2.068E-04    1.308E+29    1.124E+06    3.733E+10    2.455E+00    1.464E-01    2.087E-15     r       4.5
1.134E+09    2.136E-04    1.308E+29    1.133E+06    3.870E+10    2.525E+00    1.458E-01    2.329E-15     r       4.5
1.131E+09    2.277E-04    1.308E+29    1.151E+06    4.158E+10    2.670E+00    1.447E-01    2.895E-15     r       4.5
1.130E+09    2.351E-04    1.308E+29    1.160E+06    4.309E+10    2.745E+00    1.442E-01    3.223E-15     r       4.5
1.127E+09    2.503E-04    1.308E+29    1.178E+06    4.624E+10    2.900E+00    1.431E-01    3.987E-15     r       4.5
1.126E+09    2.582E-04    1.308E+29    1.188E+06    4.789E+10    2.980E+00    1.425E-01    4.429E-15     r       4.5
1.123E+09    2.746E-04    1.308E+29    1.206E+06    5.133E+10    3.146E+00    1.415E-01    5.452E-15     r       4.5
1.122E+09    2.831E-04    1.308E+29    1.215E+06    5.313E+10    3.231E+00    1.410E-01    6.043E-15     r       4.5
1.119E+09    3.007E-04    1.308E+29    1.234E+06    5.689E+10    3.408E+00    1.399E-01    7.407E-15     r       4.5
1.118E+09    3.099E-04    1.308E+29    1.243E+06    5.885E+10    3.499E+00    1.394E-01    8.192E-15     r       4.5
1.115E+09    3.289E-04    1.308E+29    1.262E+06    6.295E+10    3.687E+00    1.384E-01    9.998E-15     r       4.5
1.114E+09    3.387E-04    1.308E+29    1.272E+06    6.509E+10    3.784E+00    1.379E-01    1.103E-14     r       4.5
1.111E+09    3.591E-04    1.308E+29    1.290E+06    6.955E+10    3.985E+00    1.370E-01    1.341E-14     r       4.5
1.110E+09    3.696E-04    1.308E+29    1.300E+06    7.188E+10    4.088E+00    1.365E-01    1.477E-14     r       4.5
1.107E+09    3.914E-04    1.308E+29    1.319E+06    7.674E+10    4.302E+00    1.355E-01    1.789E-14     r       4.5
1.106E+09    4.027E-04    1.308E+29    1.329E+06    7.927E+10    4.412E+00    1.351E-01    1.966E-14     r       4.5
1.103E+09    4.261E-04    1.308E+29    1.348E+06    8.454E+10    4.639E+00    1.342E-01    2.372E-14     r       4.5
1.102E+09    4.382E-04    1.308E+29    1.357E+06    8.729E+10    4.755E+00    1.337E-01    2.603E-14     r       4.5
1.099E+09    4.632E-04    1.308E+29    1.377E+06    9.301E+10    4.996E+00    1.328E-01    3.128E-14     r       4.5
1.098E+09    4.761E-04    1.308E+29    1.386E+06    9.599E+10    5.121E+00    1.324E-01    3.427E-14     r       4.5
1.095E+09    5.028E-04    1.308E+29    1.406E+06    1.022E+11    5.376E+00    1.315E-01    4.104E-14     r       4.5
1.094E+09    5.166E-04    1.308E+29    1.416E+06    1.054E+11    5.508E+00    1.311E-01    4.488E-14     r       4.5
1.091E+09    5.452E-04    1.308E+29    1.435E+06    1.122E+11    5.780E+00    1.302E-01    5.358E-14     r       4.5
1.090E+09    5.599E-04    1.308E+29    1.445E+06    1.157E+11    5.919E+00    1.298E-01    5.849E-14     r       4.5
1.087E+09    5.903E-04    1.308E+29    1.465E+06    1.229E+11    6.207E+00    1.290E-01    6.961E-14     r       4.5
1.086E+09    6.060E-04    1.308E+29    1.475E+06    1.267E+11    6.355E+00    1.286E-01    7.587E-14     r       4.5
1.083E+09    6.384E-04    1.308E+29    1.495E+06    1.346E+11    6.660E+00    1.278E-01    9.001E-14     r       4.5
1.082E+09    6.551E-04    1.308E+29    1.505E+06    1.387E+11    6.817E+00    1.274E-01    9.797E-14     r       4.5
1.079E+09    6.896E-04    1.308E+29    1.525E+06    1.472E+11    7.140E+00    1.266E-01    1.159E-13     r       4.5
1.078E+09    7.074E-04    1.308E+29    1.535E+06    1.516E+11    7.306E+00    1.262E-01    1.259E-13     r       4.5
1.075E+09    7.441E-04    1.308E+29    1.556E+06    1.608E+11    7.647E+00    1.254E-01    1.485E-13     r       4.5
1.074E+09    7.630E-04    1.308E+29    1.566E+06    1.655E+11    7.823E+00    1.250E-01    1.612E-13     r       4.5
1.071E+09    8.020E-04    1.308E+29    1.586E+06    1.754E+11    8.184E+00    1.243E-01    1.896E-13     r       4.5
1.070E+09    8.220E-04    1.308E+29    1.596E+06    1.805E+11    8.370E+00    1.239E-01    2.055E-13     r       4.5
1.067E+09    8.634E-04    1.308E+29    1.617E+06    1.912E+11    8.752E+00    1.232E-01    2.410E-13     r       4.5
1.066E+09    8.847E-04    1.308E+29    1.627E+06    1.967E+11    8.948E+00    1.228E-01    2.609E-13     r       4.5
1.063E+09    9.286E-04    1.308E+29    1.648E+06    2.082E+11    9.351E+00    1.221E-01    3.052E-13     r       4.5
1.062E+09    9.512E-04    1.308E+29    1.659E+06    2.142E+11    9.559E+00    1.218E-01    3.299E-13     r       4.5
1.059E+09    9.977E-04    1.308E+29    1.679E+06    2.265E+11    9.985E+00    1.211E-01    3.851E-13     r       4.5
1.058E+09    1.022E-03    1.308E+29    1.690E+06    2.329E+11    1.020E+01    1.207E-01    4.157E-13     r       4.5
1.055E+09    1.071E-03    1.308E+29    1.711E+06    2.462E+11    1.065E+01    1.200E-01    4.840E-13     r       4.5
1.054E+09    1.096E-03    1.308E+29    1.722E+06    2.531E+11    1.088E+01    1.197E-01    5.220E-13     r       4.5
1.051E+09    1.148E-03    1.308E+29    1.743E+06    2.674E+11    1.136E+01    1.190E-01    6.063E-13     r       4.5
1.050E+09    1.175E-03    1.308E+29    1.754E+06    2.748E+11    1.160E+01    1.187E-01    6.531E-13     r       4.5
1.047E+09    1.230E-03    1.308E+29    1.775E+06    2.901E+11    1.210E+01    1.180E-01    7.569E-13     r       4.5
1.046E+09    1.259E-03    1.308E+29    1.786E+06    2.980E+11    1.236E+01    1.177E-01    8.144E-13     r       4.5
1.043E+09    1.317E-03    1.308E+29    1.807E+06    3.145E+11    1.288E+01    1.171E-01    9.419E-13     r       4.5
1.042E+09    1.347E-03    1.308E+29    1.818E+06    3.230E+11    1.315E+01    1.168E-01    1.012E-12     r       4.5
1.039E+09    1.408E-03    1.308E+29    1.840E+06    3.406E+11    1.371E+01    1.161E-01    1.168E-12     r       4.5
1.038E+09    1.440E-03    1.308E+29    1.851E+06    3.498E+11    1.399E+01    1.158E-01    1.254E-12     r       4.5
1.035E+09    1.505E-03    1.308E+29    1.873E+06    3.687E+11    1.458E+01    1.152E-01    1.445E-12     r       4.5
1.034E+09    1.538E-03    1.308E+29    1.884E+06    3.784E+11    1.488E+01    1.149E-01    1.549E-12     r       4.5
1.031E+09    1.607E-03    1.308E+29    1.906E+06    3.987E+11    1.549E+01    1.143E-01    1.781E-12     r       4.5
1.030E+09    1.642E-03    1.308E+29    1.917E+06    4.092E+11    1.581E+01    1.140E-01    1.908E-12     r       4.5
1.027E+09    1.714E-03    1.308E+29    1.939E+06    4.308E+11    1.645E+01    1.134E-01    2.189E-12     r       4.5
1.026E+09    1.751E-03    1.308E+29    1.951E+06    4.420E+11    1.678E+01    1.131E-01    2.344E-12     r       4.5
1.023E+09    1.827E-03    1.308E+29    1.973E+06    4.652E+11    1.746E+01    1.125E-01    2.684E-12     r       4.5
1.022E+09    1.866E-03    1.308E+29    1.984E+06    4.772E+11    1.781E+01    1.122E-01    2.870E-12     r       4.5
1.019E+09    1.946E-03    1.308E+29    2.007E+06    5.020E+11    1.853E+01    1.117E-01    3.281E-12     r       4.5
1.018E+09    1.987E-03    1.308E+29    2.018E+06    5.148E+11    1.889E+01    1.114E-01    3.506E-12     r       4.5
1.015E+09    2.072E-03    1.308E+29    2.041E+06    5.413E+11    1.964E+01    1.108E-01    4.000E-12     r       4.5
1.014E+09    2.115E-03    1.308E+29    2.053E+06    5.550E+11    2.003E+01    1.106E-01    4.271E-12     r       4.5
1.011E+09    2.203E-03    1.308E+29    2.076E+06    5.833E+11    2.082E+01    1.100E-01    4.865E-12     r       4.5
1.010E+09    2.249E-03    1.308E+29    2.087E+06    5.979E+11    2.122E+01    1.097E-01    5.190E-12     r       4.5
1.007E+09    2.342E-03    1.308E+29    2.111E+06    6.282E+11    2.205E+01    1.092E-01    5.902E-12     r       4.5
1.006E+09    2.390E-03    1.308E+29    2.122E+06    6.438E+11    2.247E+01    1.089E-01    6.291E-12     r       4.5
1.003E+09    2.487E-03    1.308E+29    2.146E+06    6.760E+11    2.334E+01    1.084E-01    7.142E-12     r       4.5
1.001E+09    2.538E-03    1.308E+29    2.157E+06    6.927E+11    2.379E+01    1.082E-01    7.607E-12     r       4.5
9.988E+08    2.640E-03    1.308E+29    2.181E+06    7.271E+11    2.470E+01    1.076E-01    8.623E-12     r       4.5
9.934E+08    2.856E-03    1.308E+29    2.229E+06    8.005E+11    2.661E+01    1.066E-01    1.105E-11     r       4.4
9.908E+08    2.969E-03    1.308E+29    2.253E+06    8.396E+11    2.762E+01    1.061E-01    1.248E-11     r       4.4
9.854E+08    3.206E-03    1.308E+29    2.301E+06    9.229E+11    2.972E+01    1.051E-01    1.590E-11     r       4.4
9.827E+08    3.330E-03    1.308E+29    2.326E+06    9.672E+11    3.082E+01    1.047E-01    1.792E-11     r       4.4
9.774E+08    3.590E-03    1.308E+29    2.375E+06    1.062E+12    3.313E+01    1.037E-01    2.269E-11     r       4.4
9.747E+08    3.726E-03    1.308E+29    2.400E+06    1.112E+12    3.434E+01    1.032E-01    2.551E-11     r       4.4
9.693E+08    4.010E-03    1.308E+29    2.450E+06    1.219E+12    3.687E+01    1.023E-01    3.214E-11     r       4.4
9.666E+08    4.159E-03    1.308E+29    2.475E+06    1.275E+12    3.820E+01    1.019E-01    3.603E-11     r       4.4
9.613E+08    4.471E-03    1.308E+29    2.526E+06    1.396E+12    4.097E+01    1.010E-01    4.517E-11     r       4.4
9.586E+08    4.633E-03    1.308E+29    2.552E+06    1.460E+12    4.243E+01    1.006E-01    5.051E-11     r       4.4
9.532E+08    4.973E-03    1.308E+29    2.604E+06    1.596E+12    4.546E+01    9.969E-02    6.303E-11     r       4.4
9.506E+08    5.151E-03    1.308E+29    2.630E+06    1.669E+12    4.705E+01    9.927E-02    7.033E-11     r       4.4
9.452E+08    5.521E-03    1.308E+29    2.682E+06    1.822E+12    5.037E+01    9.844E-02    8.736E-11     r       4.4
9.425E+08    5.714E-03    1.308E+29    2.709E+06    1.904E+12    5.210E+01    9.802E-02    9.726E-11     r       4.4
9.372E+08    6.117E-03    1.308E+29    2.763E+06    2.076E+12    5.573E+01    9.721E-02    1.203E-10     r       4.4
9.345E+08    6.328E-03    1.308E+29    2.790E+06    2.168E+12    5.762E+01    9.682E-02    1.337E-10     r       4.4
9.291E+08    6.766E-03    1.308E+29    2.844E+06    2.362E+12    6.158E+01    9.603E-02    1.646E-10     r       4.4
9.264E+08    6.994E-03    1.308E+29    2.872E+06    2.465E+12    6.365E+01    9.564E-02    1.826E-10     r       4.4
9.211E+08    7.469E-03    1.308E+29    2.927E+06    2.683E+12    6.796E+01    9.488E-02    2.240E-10     r       4.4
9.184E+08    7.716E-03    1.308E+29    2.955E+06    2.798E+12    7.022E+01    9.450E-02    2.479E-10     r       4.4
9.130E+08    8.231E-03    1.308E+29    3.012E+06    3.042E+12    7.492E+01    9.376E-02    3.031E-10     r       4.4
9.103E+08    8.499E-03    1.308E+29    3.041E+06    3.171E+12    7.737E+01    9.339E-02    3.348E-10     r       4.4
9.050E+08    9.057E-03    1.308E+29    3.098E+06    3.445E+12    8.249E+01    9.267E-02    4.079E-10     r       4.4
9.023E+08    9.347E-03    1.308E+29    3.127E+06    3.590E+12    8.516E+01    9.231E-02    4.498E-10     r       4.4
8.969E+08    9.949E-03    1.308E+29    3.186E+06    3.896E+12    9.073E+01    9.161E-02    5.461E-10     r       4.4
8.943E+08    1.026E-02    1.308E+29    3.215E+06    4.058E+12    9.363E+01    9.126E-02    6.012E-10     r       4.4
8.889E+08    1.091E-02    1.308E+29    3.275E+06    4.400E+12    9.969E+01    9.057E-02    7.276E-10     r       4.4
8.862E+08    1.125E-02    1.308E+29    3.305E+06    4.581E+12    1.028E+02    9.023E-02    7.998E-10     r       4.4
8.809E+08    1.195E-02    1.308E+29    3.366E+06    4.964E+12    1.094E+02    8.957E-02    9.648E-10     r       4.4
8.782E+08    1.232E-02    1.308E+29    3.396E+06    5.166E+12    1.129E+02    8.923E-02    1.059E-09     r       4.4
8.728E+08    1.307E-02    1.308E+29    3.458E+06    5.592E+12    1.200E+02    8.858E-02    1.274E-09     r       4.4
8.701E+08    1.346E-02    1.308E+29    3.489E+06    5.818E+12    1.237E+02    8.826E-02    1.396E-09     r       4.4
8.648E+08    1.428E-02    1.308E+29    3.552E+06    6.294E+12    1.315E+02    8.762E-02    1.674E-09     r       4.4
8.621E+08    1.470E-02    1.308E+29    3.584E+06    6.545E+12    1.355E+02    8.731E-02    1.832E-09     r       4.4
8.567E+08    1.557E-02    1.308E+29    3.648E+06    7.075E+12    1.439E+02    8.668E-02    2.191E-09     r       4.4
8.541E+08    1.602E-02    1.308E+29    3.681E+06    7.355E+12    1.483E+02    8.638E-02    2.395E-09     r       4.4
8.487E+08    1.696E-02    1.308E+29    3.746E+06    7.945E+12    1.574E+02    8.577E-02    2.857E-09     r       4.4
8.460E+08    1.745E-02    1.308E+29    3.779E+06    8.256E+12    1.621E+02    8.547E-02    3.119E-09     r       4.4
8.407E+08    1.845E-02    1.308E+29    3.846E+06    8.913E+12    1.720E+02    8.487E-02    3.711E-09     r       4.4
8.380E+08    1.897E-02    1.308E+29    3.879E+06    9.259E+12    1.771E+02    8.458E-02    4.046E-09     r       4.4
8.326E+08    2.005E-02    1.308E+29    3.947E+06    9.989E+12    1.878E+02    8.399E-02    4.802E-09     r       4.4
8.299E+08    2.061E-02    1.308E+29    3.981E+06    1.037E+13    1.934E+02    8.371E-02    5.229E-09     r       4.4
8.246E+08    2.176E-02    1.308E+29    4.051E+06    1.118E+13    2.050E+02    8.313E-02    6.192E-09     r       4.4
8.219E+08    2.236E-02    1.308E+29    4.085E+06    1.161E+13    2.110E+02    8.285E-02    6.734E-09     r       4.4
8.165E+08    2.359E-02    1.308E+29    4.156E+06    1.251E+13    2.235E+02    8.229E-02    7.957E-09     r       4.4
8.138E+08    2.423E-02    1.308E+29    4.191E+06    1.298E+13    2.300E+02    8.202E-02    8.644E-09     r       4.4
8.085E+08    2.555E-02    1.308E+29    4.263E+06    1.398E+13    2.435E+02    8.147E-02    1.019E-08     r       4.4
8.058E+08    2.623E-02    1.308E+29    4.299E+06    1.451E+13    2.505E+02    8.120E-02    1.106E-08     r       4.4
8.004E+08    2.764E-02    1.308E+29    4.373E+06    1.562E+13    2.651E+02    8.066E-02    1.301E-08     r       4.4
7.978E+08    2.836E-02    1.308E+29    4.410E+06    1.620E+13    2.727E+02    8.039E-02    1.411E-08     r       4.4
7.924E+08    2.987E-02    1.308E+29    4.484E+06    1.743E+13    2.885E+02    7.987E-02    1.656E-08     r       4.3
7.897E+08    3.064E-02    1.308E+29    4.522E+06    1.807E+13    2.967E+02    7.961E-02    1.794E-08     r       4.3
7.844E+08    3.224E-02    1.308E+29    4.598E+06    1.943E+13    3.138E+02    7.909E-02    2.102E-08     r       4.3
7.817E+08    3.307E-02    1.308E+29    4.636E+06    2.014E+13    3.226E+02    7.883E-02    2.274E-08     r       4.3
7.763E+08    3.477E-02    1.308E+29    4.714E+06    2.165E+13    3.410E+02    7.832E-02    2.660E-08     r       4.3
7.736E+08    3.565E-02    1.308E+29    4.753E+06    2.244E+13    3.505E+02    7.807E-02    2.875E-08     r       4.3
7.683E+08    3.747E-02    1.308E+29    4.832E+06    2.410E+13    3.704E+02    7.757E-02    3.356E-08     r       4.3
7.656E+08    3.840E-02    1.308E+29    4.872E+06    2.497E+13    3.807E+02    7.733E-02    3.625E-08     r       4.3
7.602E+08    4.033E-02    1.308E+29    4.953E+06    2.681E+13    4.020E+02    7.684E-02    4.224E-08     r       4.3
7.576E+08    4.132E-02    1.308E+29    4.993E+06    2.778E+13    4.131E+02    7.659E-02    4.558E-08     r       4.3
7.522E+08    4.337E-02    1.308E+29    5.076E+06    2.981E+13    4.362E+02    7.611E-02    5.302E-08     r       4.3
7.495E+08    4.443E-02    1.308E+29    5.117E+06    3.088E+13    4.481E+02    7.587E-02    5.716E-08     r       4.3
7.442E+08    4.660E-02    1.308E+29    5.201E+06    3.312E+13    4.729E+02    7.539E-02    6.639E-08     r       4.3
7.415E+08    4.772E-02    1.308E+29    5.243E+06    3.430E+13    4.858E+02    7.516E-02    7.151E-08     r       4.3
7.361E+08    5.003E-02    1.308E+29    5.329E+06    3.677E+13    5.125E+02    7.469E-02    8.291E-08     r       4.3
7.334E+08    5.121E-02    1.308E+29    5.372E+06    3.807E+13    5.264E+02    7.446E-02    8.924E-08     r       4.3
7.281E+08    5.366E-02    1.308E+29    5.459E+06    4.080E+13    5.551E+02    7.400E-02    1.033E-07     r       4.3
7.254E+08    5.492E-02    1.308E+29    5.503E+06    4.224E+13    5.701E+02    7.377E-02    1.111E-07     r       4.3
7.200E+08    5.750E-02    1.308E+29    5.592E+06    4.525E+13    6.010E+02    7.332E-02    1.284E-07     r       4.3
7.173E+08    5.884E-02    1.308E+29    5.637E+06    4.683E+13    6.170E+02    7.309E-02    1.380E-07     r       4.3
7.120E+08    6.158E-02    1.308E+29    5.728E+06    5.015E+13    6.503E+02    7.264E-02    1.593E-07     r       4.3
7.093E+08    6.298E-02    1.308E+29    5.774E+06    5.189E+13    6.675E+02    7.242E-02    1.711E-07     r       4.3
7.039E+08    6.588E-02    1.308E+29    5.867E+06    5.554E+13    7.033E+02    7.198E-02    1.971E-07     r       4.3
7.013E+08    6.737E-02    1.308E+29    5.914E+06    5.746E+13    7.218E+02    7.176E-02    2.115E-07     r       4.3
6.959E+08    7.043E-02    1.308E+29    6.008E+06    6.148E+13    7.602E+02    7.132E-02    2.434E-07     r       4.3
6.932E+08    7.201E-02    1.308E+29    6.056E+06    6.360E+13    7.801E+02    7.111E-02    2.610E-07     r       4.3
6.879E+08    7.524E-02    1.308E+29    6.152E+06    6.802E+13    8.213E+02    7.068E-02    3.000E-07     r       4.3
6.852E+08    7.690E-02    1.308E+29    6.201E+06    7.034E+13    8.427E+02    7.046E-02    3.215E-07     r       4.3
6.798E+08    8.031E-02    1.308E+29    6.300E+06    7.521E+13    8.870E+02    7.004E-02    3.689E-07     r       4.2
6.771E+08    8.206E-02    1.308E+29    6.349E+06    7.776E+13    9.099E+02    6.983E-02    3.950E-07     r       4.2
6.718E+08    8.565E-02    1.308E+29    6.450E+06    8.312E+13    9.573E+02    6.941E-02    4.527E-07     r       4.2
6.691E+08    8.750E-02    1.308E+29    6.501E+06    8.592E+13    9.819E+02    6.920E-02    4.845E-07     r       4.2
6.637E+08    9.129E-02    1.308E+29    6.603E+06    9.180E+13    1.033E+03    6.878E-02    5.545E-07     r       4.2
6.611E+08    9.323E-02    1.308E+29    6.655E+06    9.488E+13    1.059E+03    6.858E-02    5.930E-07     r       4.2
6.557E+08    9.722E-02    1.308E+29    6.760E+06    1.013E+14    1.114E+03    6.816E-02    6.779E-07     r       4.2
6.530E+08    9.926E-02    1.308E+29    6.813E+06    1.047E+14    1.142E+03    6.796E-02    7.245E-07     r       4.2
6.477E+08    1.035E-01    1.308E+29    6.920E+06    1.118E+14    1.200E+03    6.755E-02    8.271E-07     r       4.2
6.450E+08    1.056E-01    1.308E+29    6.974E+06    1.155E+14    1.231E+03    6.735E-02    8.834E-07     r       4.2
6.396E+08    1.100E-01    1.308E+29    7.083E+06    1.233E+14    1.293E+03    6.695E-02    1.007E-06     r       4.2
6.369E+08    1.123E-01    1.308E+29    7.138E+06    1.273E+14    1.325E+03    6.675E-02    1.075E-06     r       4.2
6.316E+08    1.169E-01    1.308E+29    7.249E+06    1.358E+14    1.392E+03    6.635E-02    1.224E-06     r       4.2
6.289E+08    1.193E-01    1.308E+29    7.306E+06    1.403E+14    1.427E+03    6.615E-02    1.306E-06     r       4.2
6.235E+08    1.241E-01    1.308E+29    7.419E+06    1.496E+14    1.499E+03    6.576E-02    1.486E-06     r       4.2
6.208E+08    1.266E-01    1.308E+29    7.477E+06    1.545E+14    1.535E+03    6.556E-02    1.584E-06     r       4.2
6.155E+08    1.317E-01    1.308E+29    7.593E+06    1.647E+14    1.612E+03    6.517E-02    1.799E-06     r       4.2
6.128E+08    1.343E-01    1.308E+29    7.651E+06    1.701E+14    1.651E+03    6.498E-02    1.917E-06     r       4.1
6.074E+08    1.396E-01    1.308E+29    7.770E+06    1.812E+14    1.733E+03    6.459E-02    2.175E-06     r       4.1
6.048E+08    1.424E-01    1.308E+29    7.830E+06    1.871E+14    1.775E+03    6.439E-02    2.317E-06     r       4.1
5.994E+08    1.479E-01    1.308E+29    7.951E+06    1.993E+14    1.862E+03    6.401E-02    2.625E-06     r       4.1
5.967E+08    1.508E-01    1.308E+29    8.012E+06    2.056E+14    1.907E+03    6.382E-02    2.794E-06     r       4.1
5.914E+08    1.566E-01    1.308E+29    8.135E+06    2.190E+14    2.000E+03    6.344E-02    3.163E-06     r       4.1
5.887E+08    1.596E-01    1.308E+29    8.198E+06    2.259E+14    2.048E+03    6.325E-02    3.364E-06     r       4.1
5.833E+08    1.657E-01    1.308E+29    8.324E+06    2.405E+14    2.147E+03    6.287E-02    3.804E-06     r       4.1
5.806E+08    1.688E-01    1.308E+29    8.387E+06    2.481E+14    2.198E+03    6.268E-02    4.044E-06     r       4.1
5.753E+08    1.752E-01    1.308E+29    8.516E+06    2.640E+14    2.303E+03    6.230E-02    4.567E-06     r       4.1
5.726E+08    1.784E-01    1.308E+29    8.581E+06    2.723E+14    2.358E+03    6.212E-02    4.852E-06     r       4.1
5.672E+08    1.851E-01    1.308E+29    8.712E+06    2.896E+14    2.470E+03    6.174E-02    5.474E-06     r       4.1
5.646E+08    1.885E-01    1.308E+29    8.778E+06    2.986E+14    2.528E+03    6.156E-02    5.812E-06     r       4.0
5.592E+08    1.954E-01    1.308E+29    8.913E+06    3.175E+14    2.647E+03    6.119E-02    6.549E-06     r       4.0
5.565E+08    1.989E-01    1.308E+29    8.980E+06    3.273E+14    2.708E+03    6.100E-02    6.950E-06     r       4.0
5.512E+08    2.061E-01    1.308E+29    9.117E+06    3.478E+14    2.835E+03    6.063E-02    7.823E-06     r       4.0
5.485E+08    2.098E-01    1.308E+29    9.186E+06    3.585E+14    2.900E+03    6.045E-02    8.297E-06     r       4.0
5.431E+08    2.173E-01    1.307E+29    9.326E+06    3.808E+14    3.034E+03    6.008E-02    9.329E-06     r       4.0
5.404E+08    2.211E-01    1.307E+29    9.396E+06    3.924E+14    3.103E+03    5.990E-02    9.889E-06     r       4.0
5.351E+08    2.288E-01    1.307E+29    9.539E+06    4.166E+14    3.246E+03    5.953E-02    1.111E-05     r       4.0
5.324E+08    2.328E-01    1.307E+29    9.611E+06    4.292E+14    3.319E+03    5.935E-02    1.177E-05     r       4.0
5.270E+08    2.409E-01    1.307E+29    9.756E+06    4.555E+14    3.470E+03    5.899E-02    1.320E-05     r       4.0
5.243E+08    2.450E-01    1.307E+29    9.829E+06    4.692E+14    3.547E+03    5.881E-02    1.398E-05     r       3.9
5.190E+08    2.533E-01    1.307E+29    9.978E+06    4.977E+14    3.706E+03    5.845E-02    1.566E-05     r       3.9
5.163E+08    2.576E-01    1.307E+29    1.005E+07    5.125E+14    3.788E+03    5.827E-02    1.657E-05     r       3.9
5.109E+08    2.662E-01    1.307E+29    1.020E+07    5.433E+14    3.957E+03    5.791E-02    1.855E-05     r       3.9
5.083E+08    2.706E-01    1.307E+29    1.028E+07    5.594E+14    4.043E+03    5.773E-02    1.962E-05     r       3.9
5.029E+08    2.796E-01    1.307E+29    1.043E+07    5.927E+14    4.221E+03    5.737E-02    2.194E-05     r       3.9
5.002E+08    2.841E-01    1.307E+29    1.051E+07    6.100E+14    4.312E+03    5.720E-02    2.319E-05     r       3.9
4.949E+08    2.933E-01    1.307E+29    1.067E+07    6.461E+14    4.499E+03    5.684E-02    2.590E-05     r       3.9
4.922E+08    2.980E-01    1.307E+29    1.075E+07    6.648E+14    4.595E+03    5.666E-02    2.736E-05     r       3.8
4.868E+08    3.076E-01    1.307E+29    1.091E+07    7.037E+14    4.792E+03    5.631E-02    3.053E-05     r       3.8
4.841E+08    3.124E-01    1.307E+29    1.099E+07    7.238E+14    4.893E+03    5.613E-02    3.223E-05     r       3.8
4.788E+08    3.222E-01    1.307E+29    1.116E+07    7.657E+14    5.100E+03    5.578E-02    3.592E-05     r       3.8
4.761E+08    3.272E-01    1.307E+29    1.124E+07    7.875E+14    5.206E+03    5.561E-02    3.791E-05     r       3.8
4.707E+08    3.372E-01    1.307E+29    1.141E+07    8.325E+14    5.424E+03    5.526E-02    4.221E-05     r       3.8
4.681E+08    3.424E-01    1.307E+29    1.149E+07    8.559E+14    5.535E+03    5.508E-02    4.452E-05     r       3.8
4.627E+08    3.527E-01    1.307E+29    1.166E+07    9.043E+14    5.763E+03    5.473E-02    4.952E-05     r       3.7
4.600E+08    3.580E-01    1.307E+29    1.175E+07    9.294E+14    5.879E+03    5.456E-02    5.221E-05     r       3.7
4.546E+08    3.686E-01    1.307E+29    1.192E+07    9.814E+14    6.117E+03    5.421E-02    5.800E-05     r       3.7
4.520E+08    3.740E-01    1.307E+29    1.201E+07    1.008E+15    6.239E+03    5.404E-02    6.112E-05     r       3.7
4.466E+08    3.848E-01    1.307E+29    1.218E+07    1.064E+15    6.488E+03    5.369E-02    6.784E-05     r       3.7
4.439E+08    3.903E-01    1.307E+29    1.227E+07    1.093E+15    6.615E+03    5.352E-02    7.146E-05     r       3.7
4.386E+08    4.014E-01    1.307E+29    1.245E+07    1.152E+15    6.874E+03    5.318E-02    7.924E-05     r       3.6
4.359E+08    4.071E-01    1.307E+29    1.254E+07    1.183E+15    7.007E+03    5.300E-02    8.342E-05     r       3.6
4.305E+08    4.184E-01    1.307E+29    1.273E+07    1.247E+15    7.277E+03    5.266E-02    9.243E-05     r       3.6
4.278E+08    4.241E-01    1.307E+29    1.282E+07    1.280E+15    7.414E+03    5.249E-02    9.727E-05     r       3.6
4.225E+08    4.357E-01    1.307E+29    1.301E+07    1.347E+15    7.695E+03    5.215E-02    1.077E-04     r       3.6
4.198E+08    4.415E-01    1.307E+29    1.310E+07    1.382E+15    7.837E+03    5.198E-02    1.133E-04     r       3.5
4.144E+08    4.533E-01    1.307E+29    1.329E+07    1.455E+15    8.128E+03    5.164E-02    1.253E-04     r       3.5
4.118E+08    4.592E-01    1.307E+29    1.339E+07    1.492E+15    8.276E+03    5.148E-02    1.318E-04     r       3.5
4.064E+08    4.712E-01    1.306E+29    1.358E+07    1.568E+15    8.576E+03    5.114E-02    1.457E-04     r       3.5
4.037E+08    4.772E-01    1.306E+29    1.368E+07    1.608E+15    8.729E+03    5.097E-02    1.532E-04     r       3.5
3.984E+08    4.893E-01    1.306E+29    1.388E+07    1.689E+15    9.039E+03    5.064E-02    1.693E-04     r       3.4
3.957E+08    4.953E-01    1.306E+29    1.398E+07    1.731E+15    9.196E+03    5.047E-02    1.780E-04     r       3.4
3.903E+08    5.076E-01    1.306E+29    1.418E+07    1.817E+15    9.516E+03    5.014E-02    1.966E-04     r       3.4
3.796E+08    5.323E-01    1.305E+29    1.459E+07    1.998E+15    1.017E+04    4.948E-02    2.400E-04     r       3.3
3.742E+08    5.447E-01    1.305E+29    1.480E+07    2.094E+15    1.051E+04    4.915E-02    2.653E-04     r       3.3
3.635E+08    5.697E-01    1.305E+29    1.522E+07    2.295E+15    1.119E+04    4.850E-02    3.245E-04     r       3.2
3.581E+08    5.822E-01    1.304E+29    1.544E+07    2.400E+15    1.154E+04    4.818E-02    3.593E-04     r       3.2
3.474E+08    6.073E-01    1.303E+29    1.588E+07    2.621E+15    1.225E+04    4.754E-02    4.420E-04     r       3.1
3.421E+08    6.198E-01    1.303E+29    1.610E+07    2.736E+15    1.261E+04    4.722E-02    4.913E-04     r       3.1
3.313E+08    6.447E-01    1.302E+29    1.655E+07    2.975E+15    1.334E+04    4.660E-02    6.112E-04     r       3.0
3.260E+08    6.571E-01    1.301E+29    1.678E+07    3.100E+15    1.371E+04    4.629E-02    6.845E-04     r       3.0
3.153E+08    6.816E-01    1.300E+29    1.725E+07    3.357E+15    1.444E+04    4.568E-02    8.673E-04     r       2.9
3.099E+08    6.937E-01    1.299E+29    1.749E+07    3.491E+15    1.480E+04    4.537E-02    9.823E-04     r       2.8
2.992E+08    7.175E-01    1.297E+29    1.797E+07    3.765E+15    1.553E+04    4.478E-02    1.278E-03     r       2.8
2.938E+08    7.292E-01    1.296E+29    1.822E+07    3.905E+15    1.589E+04    4.449E-02    1.470E-03     r       2.7
2.831E+08    7.521E-01    1.292E+29    1.872E+07    4.194E+15    1.661E+04    4.391E-02    1.977E-03     r       2.6
2.777E+08    7.633E-01    1.290E+29    1.897E+07    4.341E+15    1.696E+04    4.363E-02    2.315E-03     r       2.6
2.670E+08    7.850E-01    1.286E+29    1.949E+07    4.640E+15    1.764E+04    4.308E-02    3.228E-03     r       2.5
2.616E+08    7.955E-01    1.283E+29    1.975E+07    4.793E+15    1.798E+04    4.282E-02    3.832E-03     r       2.5
2.509E+08    8.159E-01    1.275E+29    2.026E+07    5.101E+15    1.865E+04    4.232E-02    5.468E-03     r       2.4
2.456E+08    8.257E-01    1.271E+29    2.051E+07    5.256E+15    1.898E+04    4.210E-02    6.524E-03     r       2.5
2.429E+08    8.305E-01    1.268E+29    2.063E+07    5.335E+15    1.915E+04    4.199E-02    7.128E-03     r       2.5
2.375E+08    8.400E-01    1.262E+29    2.087E+07    5.492E+15    1.948E+04    4.179E-02    8.506E-03     r       2.5
2.348E+08    8.446E-01    1.259E+29    2.099E+07    5.570E+15    1.964E+04    4.169E-02    9.291E-03     r       2.5
2.295E+08    8.536E-01    1.252E+29    2.123E+07    5.728E+15    1.997E+04    4.150E-02    1.108E-02     r       2.5
2.268E+08    8.580E-01    1.248E+29    2.135E+07    5.807E+15    2.013E+04    4.141E-02    1.209E-02     r       2.5
2.214E+08    8.667E-01    1.239E+29    2.158E+07    5.965E+15    2.046E+04    4.123E-02    1.438E-02     r       2.5
2.188E+08    8.709E-01    1.233E+29    2.170E+07    6.044E+15    2.062E+04    4.115E-02    1.567E-02     r       2.5
2.134E+08    8.791E-01    1.222E+29    2.192E+07    6.203E+15    2.093E+04    4.098E-02    1.857E-02     r       2.5
2.107E+08    8.831E-01    1.216E+29    2.204E+07    6.282E+15    2.109E+04    4.090E-02    2.020E-02     r       2.5
2.080E+08    8.870E-01    1.210E+29    2.215E+07    6.361E+15    2.125E+04    4.083E-02    2.196E-02     r       2.5
2.054E+08    8.909E-01    1.203E+29    2.226E+07    6.440E+15    2.140E+04    4.075E-02    2.385E-02     r       2.5
2.000E+08    8.984E-01    1.187E+29    2.248E+07    6.597E+15    2.171E+04    4.061E-02    2.808E-02     r       2.5
1.973E+08    9.020E-01    1.179E+29    2.258E+07    6.675E+15    2.186E+04    4.054E-02    3.042E-02     r       2.5
1.920E+08    9.091E-01    1.160E+29    2.279E+07    6.831E+15    2.216E+04    4.040E-02    3.563E-02     r       2.5
1.893E+08    9.125E-01    1.150E+29    2.290E+07    6.909E+15    2.231E+04    4.034E-02    3.850E-02     r       2.5
1.839E+08    9.191E-01    1.128E+29    2.310E+07    7.064E+15    2.260E+04    4.021E-02    4.483E-02     r       2.5
1.812E+08    9.223E-01    1.116E+29    2.321E+07    7.140E+15    2.274E+04    4.015E-02    4.831E-02     r       2.5
1.759E+08    9.285E-01    1.091E+29    2.340E+07    7.293E+15    2.303E+04    4.004E-02    5.592E-02     r       2.5
1.732E+08    9.315E-01    1.077E+29    2.350E+07    7.368E+15    2.317E+04    3.998E-02    6.007E-02     r       2.5
1.678E+08    9.372E-01    1.048E+29    2.369E+07    7.518E+15    2.345E+04    3.988E-02    6.911E-02     r       2.5
1.651E+08    9.400E-01    1.032E+29    2.379E+07    7.592E+15    2.358E+04    3.982E-02    7.401E-02     r       2.5
1.598E+08    9.453E-01    9.985E+28    2.397E+07    7.739E+15    2.385E+04    3.972E-02    8.461E-02     r       2.5
1.571E+08    9.478E-01    9.808E+28    2.406E+07    7.811E+15    2.398E+04    3.968E-02    9.032E-02     r       2.5
1.517E+08    9.527E-01    9.435E+28    2.424E+07    7.954E+15    2.424E+04    3.959E-02    1.026E-01     r       2.5
1.491E+08    9.550E-01    9.239E+28    2.433E+07    8.025E+15    2.436E+04    3.954E-02    1.091E-01     r       2.5
1.437E+08    9.595E-01    8.829E+28    2.450E+07    8.164E+15    2.461E+04    3.946E-02    1.231E-01     r       2.5
1.410E+08    9.616E-01    8.615E+28    2.458E+07    8.232E+15    2.473E+04    3.942E-02    1.306E-01     r       2.5
1.397E+08    9.626E-01    8.506E+28    2.462E+07    8.266E+15    2.479E+04    3.940E-02    1.344E-01     r       2.5
1.370E+08    9.646E-01    8.285E+28    2.470E+07    8.333E+15    2.491E+04    3.936E-02    1.423E-01     r       2.5
1.357E+08    9.656E-01    8.172E+28    2.474E+07    8.366E+15    2.497E+04    3.934E-02    1.464E-01     r       2.5
1.330E+08    9.675E-01    7.943E+28    2.482E+07    8.432E+15    2.509E+04    3.930E-02    1.547E-01     r       2.5
1.316E+08    9.685E-01    7.827E+28    2.486E+07    8.465E+15    2.514E+04    3.928E-02    1.590E-01     r       2.5
1.290E+08    9.703E-01    7.592E+28    2.494E+07    8.530E+15    2.526E+04    3.924E-02    1.677E-01     r       2.5
1.276E+08    9.711E-01    7.473E+28    2.497E+07    8.562E+15    2.531E+04    3.923E-02    1.722E-01     r       2.5
1.249E+08    9.729E-01    7.232E+28    2.505E+07    8.625E+15    2.542E+04    3.919E-02    1.814E-01     r       2.5
1.236E+08    9.737E-01    7.110E+28    2.508E+07    8.656E+15    2.548E+04    3.918E-02    1.861E-01     r       2.5
1.209E+08    9.753E-01    6.865E+28    2.516E+07    8.718E+15    2.558E+04    3.914E-02    1.957E-01     r       2.5
1.196E+08    9.761E-01    6.741E+28    2.519E+07    8.749E+15    2.564E+04    3.913E-02    2.006E-01     r       2.5
1.169E+08    9.776E-01    6.493E+28    2.526E+07    8.810E+15    2.574E+04    3.909E-02    2.106E-01     r       2.5
1.156E+08    9.783E-01    6.368E+28    2.530E+07    8.839E+15    2.579E+04    3.908E-02    2.157E-01     r       2.5
1.129E+08    9.798E-01    6.117E+28    2.537E+07    8.898E+15    2.589E+04    3.905E-02    2.260E-01     r       2.5
1.115E+08    9.805E-01    5.991E+28    2.540E+07    8.928E+15    2.594E+04    3.903E-02    2.313E-01     r       2.5
1.089E+08    9.818E-01    5.740E+28    2.547E+07    8.985E+15    2.604E+04    3.900E-02    2.420E-01     r       2.5
1.075E+08    9.824E-01    5.614E+28    2.550E+07    9.013E+15    2.609E+04    3.899E-02    2.474E-01     r       2.5
1.048E+08    9.837E-01    5.363E+28    2.556E+07    9.069E+15    2.618E+04    3.896E-02    2.585E-01     r       2.5
1.035E+08    9.843E-01    5.238E+28    2.559E+07    9.097E+15    2.623E+04    3.895E-02    2.640E-01     r       2.5
1.008E+08    9.855E-01    4.989E+28    2.566E+07    9.151E+15    2.632E+04    3.892E-02    2.753E-01     r       2.5
9.947E+07    9.860E-01    4.865E+28    2.569E+07    9.178E+15    2.637E+04    3.891E-02    2.810E-01     r       2.5
9.679E+07    9.871E-01    4.619E+28    2.574E+07    9.230E+15    2.645E+04    3.889E-02    2.926E-01     r       2.5
9.545E+07    9.876E-01    4.498E+28    2.577E+07    9.256E+15    2.650E+04    3.887E-02    2.984E-01     r       2.5
9.277E+07    9.886E-01    4.257E+28    2.583E+07    9.306E+15    2.658E+04    3.885E-02    3.101E-01     r       2.5
9.143E+07    9.891E-01    4.138E+28    2.586E+07    9.331E+15    2.662E+04    3.884E-02    3.160E-01     r       2.5
8.875E+07    9.900E-01    3.903E+28    2.591E+07    9.380E+15    2.671E+04    3.881E-02    3.278E-01     r       2.5
8.741E+07    9.904E-01    3.788E+28    2.594E+07    9.404E+15    2.675E+04    3.880E-02    3.338E-01     r       2.5
8.473E+07    9.913E-01    3.561E+28    2.599E+07    9.451E+15    2.683E+04    3.878E-02    3.457E-01     r       2.5
8.339E+07    9.917E-01    3.449E+28    2.602E+07    9.474E+15    2.686E+04    3.877E-02    3.517E-01     r       2.5
8.071E+07    9.924E-01    3.231E+28    2.607E+07    9.519E+15    2.694E+04    3.875E-02    3.637E-01     r       2.5
7.937E+07    9.928E-01    3.124E+28    2.609E+07    9.541E+15    2.698E+04    3.874E-02    3.697E-01     r       2.5
7.669E+07    9.935E-01    2.916E+28    2.614E+07    9.585E+15    2.705E+04    3.872E-02    3.816E-01     r       2.5
7.535E+07    9.938E-01    2.815E+28    2.616E+07    9.606E+15    2.708E+04    3.871E-02    3.876E-01     r       2.5
7.468E+07    9.940E-01    2.765E+28    2.618E+07    9.616E+15    2.710E+04    3.871E-02    3.905E-01     r       2.5
7.334E+07    9.943E-01    2.667E+28    2.620E+07    9.637E+15    2.713E+04    3.870E-02    3.964E-01     r       2.5
7.267E+07    9.945E-01    2.618E+28    2.621E+07    9.647E+15    2.715E+04    3.869E-02    3.994E-01     r       2.5
7.133E+07    9.948E-01    2.523E+28    2.623E+07    9.667E+15    2.718E+04    3.869E-02    4.053E-01     r       2.5
7.066E+07    9.949E-01    2.476E+28    2.624E+07    9.677E+15    2.720E+04    3.868E-02    4.082E-01     r       2.5
6.932E+07    9.952E-01    2.383E+28    2.626E+07    9.696E+15    2.723E+04    3.867E-02    4.141E-01     r       2.5
6.865E+07    9.953E-01    2.338E+28    2.627E+07    9.706E+15    2.725E+04    3.867E-02    4.170E-01     r       2.5
6.731E+07    9.956E-01    2.249E+28    2.630E+07    9.725E+15    2.728E+04    3.866E-02    4.228E-01     r       2.5
6.664E+07    9.957E-01    2.205E+28    2.631E+07    9.734E+15    2.729E+04    3.866E-02    4.257E-01     r       2.5
6.530E+07    9.960E-01    2.119E+28    2.633E+07    9.753E+15    2.732E+04    3.865E-02    4.314E-01     r       2.5
6.463E+07    9.961E-01    2.077E+28    2.634E+07    9.762E+15    2.734E+04    3.864E-02    4.342E-01     r       2.5
6.329E+07    9.963E-01    1.995E+28    2.636E+07    9.780E+15    2.737E+04    3.864E-02    4.399E-01     r       2.5
6.262E+07    9.965E-01    1.955E+28    2.637E+07    9.789E+15    2.738E+04    3.863E-02    4.427E-01     r       2.5
6.128E+07    9.967E-01    1.876E+28    2.638E+07    9.806E+15    2.741E+04    3.863E-02    4.483E-01     r       2.5
6.061E+07    9.968E-01    1.837E+28    2.639E+07    9.815E+15    2.743E+04    3.862E-02    4.511E-01     r       2.5
5.927E+07    9.970E-01    1.762E+28    2.641E+07    9.832E+15    2.745E+04    3.861E-02    4.566E-01     r       2.5
5.860E+07    9.971E-01    1.725E+28    2.642E+07    9.840E+15    2.747E+04    3.861E-02    4.593E-01     r       2.5
5.726E+07    9.973E-01    1.653E+28    2.644E+07    9.857E+15    2.749E+04    3.860E-02    4.647E-01     r       2.5
5.659E+07    9.974E-01    1.618E+28    2.645E+07    9.865E+15    2.751E+04    3.860E-02    4.674E-01     r       2.5
5.524E+07    9.976E-01    1.550E+28    2.646E+07    9.880E+15    2.753E+04    3.859E-02    4.727E-01     r       2.5
5.457E+07    9.977E-01    1.517E+28    2.647E+07    9.888E+15    2.755E+04    3.859E-02    4.753E-01     r       2.5
5.323E+07    9.978E-01    1.453E+28    2.649E+07    9.903E+15    2.757E+04    3.858E-02    4.805E-01     r       2.5
5.256E+07    9.979E-01    1.421E+28    2.650E+07    9.911E+15    2.758E+04    3.858E-02    4.831E-01     r       2.5
5.122E+07    9.981E-01    1.361E+28    2.651E+07    9.926E+15    2.761E+04    3.858E-02    4.881E-01     r       2.5
5.055E+07    9.981E-01    1.331E+28    2.652E+07    9.933E+15    2.762E+04    3.857E-02    4.906E-01     r       2.5
4.921E+07    9.983E-01    1.274E+28    2.654E+07    9.947E+15    2.764E+04    3.857E-02    4.956E-01     r       2.5
4.854E+07    9.984E-01    1.246E+28    2.654E+07    9.954E+15    2.765E+04    3.856E-02    4.980E-01     r       2.5
4.720E+07    9.985E-01    1.193E+28    2.656E+07    9.968E+15    2.768E+04    3.856E-02    5.028E-01     r       2.5
4.653E+07    9.986E-01    1.167E+28    2.657E+07    9.974E+15    2.769E+04    3.856E-02    5.052E-01     r       2.5
4.519E+07    9.987E-01    1.117E+28    2.658E+07    9.987E+15    2.771E+04    3.855E-02    5.098E-01     r       2.5
4.452E+07    9.987E-01    1.093E+28    2.659E+07    9.994E+15    2.772E+04    3.855E-02    5.121E-01     r       2.5
4.318E+07    9.988E-01    1.047E+28    2.660E+07    1.001E+16    2.774E+04    3.854E-02    5.166E-01     r       2.5
4.251E+07    9.989E-01    1.025E+28    2.661E+07    1.001E+16    2.775E+04    3.854E-02    5.188E-01     r       2.5
4.117E+07    9.990E-01    9.823E+27    2.662E+07    1.002E+16    2.777E+04    3.853E-02    5.231E-01     r       2.5
4.050E+07    9.991E-01    9.619E+27    2.663E+07    1.003E+16    2.778E+04    3.853E-02    5.252E-01     r       2.5
3.916E+07    9.991E-01    9.227E+27    2.664E+07    1.004E+16    2.780E+04    3.853E-02    5.294E-01     r       2.5
3.849E+07    9.992E-01    9.040E+27    2.664E+07    1.005E+16    2.780E+04    3.853E-02    5.314E-01     r       2.5
3.816E+07    9.992E-01    8.949E+27    2.665E+07    1.005E+16    2.781E+04    3.852E-02    5.324E-01     r       2.5
3.749E+07    9.993E-01    8.770E+27    2.665E+07    1.005E+16    2.782E+04    3.852E-02    5.344E-01     r       2.5
3.715E+07    9.993E-01    8.683E+27    2.666E+07    1.006E+16    2.782E+04    3.852E-02    5.354E-01     r       2.5
3.648E+07    9.993E-01    8.512E+27    2.666E+07    1.006E+16    2.783E+04    3.852E-02    5.373E-01     r       2.5
3.615E+07    9.993E-01    8.429E+27    2.666E+07    1.006E+16    2.783E+04    3.852E-02    5.383E-01     r       2.5
3.548E+07    9.994E-01    8.267E+27    2.667E+07    1.007E+16    2.784E+04    3.852E-02    5.402E-01     r       2.5
3.514E+07    9.994E-01    8.188E+27    2.667E+07    1.007E+16    2.785E+04    3.852E-02    5.411E-01     r       2.5
3.447E+07    9.994E-01    8.034E+27    2.668E+07    1.008E+16    2.785E+04    3.851E-02    5.429E-01     r       2.5
3.414E+07    9.994E-01    7.959E+27    2.668E+07    1.008E+16    2.786E+04    3.851E-02    5.438E-01     r       2.5
3.347E+07    9.995E-01    7.813E+27    2.668E+07    1.008E+16    2.787E+04    3.851E-02    5.456E-01     r       2.5
3.313E+07    9.995E-01    7.742E+27    2.669E+07    1.009E+16    2.787E+04    3.851E-02    5.465E-01     r       2.5
3.246E+07    9.995E-01    7.604E+27    2.669E+07    1.009E+16    2.788E+04    3.851E-02    5.482E-01     r       2.5
3.212E+07    9.995E-01    7.537E+27    2.669E+07    1.009E+16    2.788E+04    3.851E-02    5.491E-01     r       2.5
3.145E+07    9.996E-01    7.406E+27    2.670E+07    1.010E+16    2.789E+04    3.850E-02    5.508E-01     r       2.5
3.112E+07    9.996E-01    7.343E+27    2.670E+07    1.010E+16    2.789E+04    3.850E-02    5.516E-01     r       2.5
3.045E+07    9.996E-01    7.220E+27    2.671E+07    1.010E+16    2.790E+04    3.850E-02    5.532E-01     r       2.5
3.011E+07    9.996E-01    7.160E+27    2.671E+07    1.011E+16    2.790E+04    3.850E-02    5.540E-01     r       2.5
2.944E+07    9.997E-01    7.045E+27    2.671E+07    1.011E+16    2.791E+04    3.850E-02    5.556E-01     r       2.5
2.911E+07    9.997E-01    6.989E+27    2.671E+07    1.011E+16    2.791E+04    3.850E-02    5.563E-01     r       2.5
2.844E+07    9.997E-01    6.880E+27    2.672E+07    1.012E+16    2.792E+04    3.850E-02    5.578E-01     r       2.5
2.810E+07    9.997E-01    6.828E+27    2.672E+07    1.012E+16    2.792E+04    3.850E-02    5.586E-01     r       2.5
2.743E+07    9.997E-01    6.726E+27    2.672E+07    1.012E+16    2.793E+04    3.850E-02    5.600E-01     r       2.5
2.710E+07    9.997E-01    6.677E+27    2.673E+07    1.012E+16    2.793E+04    3.849E-02    5.607E-01     r       2.5
2.643E+07    9.998E-01    6.583E+27    2.673E+07    1.013E+16    2.793E+04    3.849E-02    5.621E-01     r       2.5
2.609E+07    9.998E-01    6.537E+27    2.673E+07    1.013E+16    2.794E+04    3.849E-02    5.628E-01     r       2.5
2.542E+07    9.998E-01    6.449E+27    2.674E+07    1.013E+16    2.794E+04    3.849E-02    5.641E-01     r       2.5
2.509E+07    9.998E-01    6.407E+27    2.674E+07    1.013E+16    2.795E+04    3.849E-02    5.647E-01     r       2.5
2.442E+07    9.998E-01    6.325E+27    2.674E+07    1.014E+16    2.795E+04    3.849E-02    5.660E-01     r       2.5
2.408E+07    9.998E-01    6.286E+27    2.674E+07    1.014E+16    2.795E+04    3.849E-02    5.666E-01     r       2.5
2.341E+07    9.998E-01    6.211E+27    2.675E+07    1.014E+16    2.796E+04    3.849E-02    5.678E-01     r       2.5
2.308E+07    9.998E-01    6.175E+27    2.675E+07    1.014E+16    2.796E+04    3.849E-02    5.684E-01     r       2.5
2.241E+07    9.999E-01    6.105E+27    2.675E+07    1.015E+16    2.797E+04    3.849E-02    5.695E-01     r       2.5
2.207E+07    9.999E-01    6.072E+27    2.675E+07    1.015E+16    2.797E+04    3.849E-02    5.700E-01     r       2.5
2.191E+07    9.999E-01    6.056E+27    2.675E+07    1.015E+16    2.797E+04    3.848E-02    5.703E-01     r       2.5
2.157E+07    9.999E-01    6.024E+27    2.675E+07    1.015E+16    2.797E+04    3.848E-02    5.708E-01     r       2.5
2.140E+07    9.999E-01    6.009E+27    2.675E+07    1.015E+16    2.797E+04    3.848E-02    5.710E-01     r       2.5
2.107E+07    9.999E-01    5.978E+27    2.676E+07    1.015E+16    2.797E+04    3.848E-02    5.715E-01     r       2.5
2.090E+07    9.999E-01    5.964E+27    2.676E+07    1.015E+16    2.797E+04    3.848E-02    5.718E-01     r       2.5
2.056E+07    9.999E-01    5.935E+27    2.676E+07    1.015E+16    2.798E+04    3.848E-02    5.723E-01     r       2.5
2.040E+07    9.999E-01    5.920E+27    2.676E+07    1.015E+16    2.798E+04    3.848E-02    5.725E-01     r       2.5
2.006E+07    9.999E-01    5.893E+27    2.676E+07    1.015E+16    2.798E+04    3.848E-02    5.730E-01     r       2.5
1.989E+07    9.999E-01    5.879E+27    2.676E+07    1.015E+16    2.798E+04    3.848E-02    5.732E-01     r       2.5
1.956E+07    9.999E-01    5.853E+27    2.676E+07    1.016E+16    2.798E+04    3.848E-02    5.736E-01     r       2.5
1.939E+07    9.999E-01    5.840E+27    2.676E+07    1.016E+16    2.798E+04    3.848E-02    5.738E-01     r       2.5
1.906E+07    9.999E-01    5.815E+27    2.676E+07    1.016E+16    2.798E+04    3.848E-02    5.743E-01     r       2.5
1.889E+07    9.999E-01    5.803E+27    2.676E+07    1.016E+16    2.799E+04    3.848E-02    5.745E-01     r       2.5
1.855E+07    9.999E-01    5.779E+27    2.676E+07    1.016E+16    2.799E+04    3.848E-02    5.749E-01     r       2.5
1.839E+07    9.999E-01    5.768E+27    2.677E+07    1.016E+16    2.799E+04    3.848E-02    5.750E-01     r       2.5
1.805E+07    9.999E-01    5.745E+27    2.677E+07    1.016E+16    2.799E+04    3.848E-02    5.754E-01     r       2.5
1.788E+07    9.999E-01    5.734E+27    2.677E+07    1.016E+16    2.799E+04    3.848E-02    5.756E-01     r       2.5
1.755E+07    9.999E-01    5.713E+27    2.677E+07    1.016E+16    2.799E+04    3.848E-02    5.759E-01     r       2.5
1.738E+07    9.999E-01    5.703E+27    2.677E+07    1.016E+16    2.799E+04    3.848E-02    5.761E-01     r       2.5
1.705E+07    1.000E+00    5.682E+27    2.677E+07    1.016E+16    2.799E+04    3.848E-02    5.764E-01     r       2.5
1.688E+07    1.000E+00    5.673E+27    2.677E+07    1.016E+16    2.799E+04    3.848E-02    5.766E-01     r       2.5
1.654E+07    1.000E+00    5.654E+27    2.677E+07    1.016E+16    2.800E+04    3.848E-02    5.769E-01     r       2.5
1.638E+07    1.000E+00    5.645E+27    2.677E+07    1.016E+16    2.800E+04    3.848E-02    5.770E-01     r       2.5
1.629E+07    1.000E+00    5.640E+27    2.677E+07    1.016E+16    2.800E+04    3.848E-02    5.771E-01     r       2.5
1.613E+07    1.000E+00    5.631E+27    2.677E+07    1.017E+16    2.800E+04    3.848E-02    5.772E-01     r       2.5
1.604E+07    1.000E+00    5.627E+27    2.677E+07    1.017E+16    2.800E+04    3.848E-02    5.773E-01     r       2.5
1.587E+07    1.000E+00    5.618E+27    2.677E+07    1.017E+16    2.800E+04    3.848E-02    5.774E-01     r       2.5
1.579E+07    1.000E+00    5.614E+27    2.677E+07    1.017E+16    2.800E+04    3.848E-02    5.775E-01     r       2.5
1.562E+07    1.000E+00    5.605E+27    2.677E+07    1.017E+16    2.800E+04    3.848E-02    5.776E-01     r       2.5
1.554E+07    1.000E+00    5.601E+27    2.677E+07    1.017E+16    2.800E+04    3.848E-02    5.777E-01     r       2.5
1.537E+07    1.000E+00    5.593E+27    2.677E+07    1.017E+16    2.800E+04    3.848E-02    5.778E-01     r       2.5
1.529E+07    1.000E+00    5.589E+27    2.677E+07    1.017E+16    2.800E+04    3.848E-02    5.779E-01     r       2.5
1.512E+07    1.000E+00    5.581E+27    2.677E+07    1.017E+16    2.800E+04    3.848E-02    5.780E-01     r       2.5
1.504E+07    1.000E+00    5.577E+27    2.677E+07    1.017E+16    2.800E+04    3.848E-02    5.780E-01     r       2.5
1.487E+07    1.000E+00    5.570E+27    2.677E+07    1.017E+16    2.800E+04    3.848E-02    5.781E-01     r       2.5
1.479E+07    1.000E+00    5.566E+27    2.677E+07    1.017E+16    2.800E+04    3.848E-02    5.782E-01     r       2.5
1.462E+07    1.000E+00    5.559E+27    2.677E+07    1.017E+16    2.800E+04    3.848E-02    5.783E-01     r       2.5
1.453E+07    1.000E+00    5.555E+27    2.677E+07    1.017E+16    2.800E+04    3.848E-02    5.783E-01     r       2.5
1.437E+07    1.000E+00    5.548E+27    2.677E+07    1.017E+16    2.800E+04    3.848E-02    5.784E-01     r       2.5
1.428E+07    1.000E+00    5.544E+27    2.677E+07    1.017E+16    2.800E+04    3.848E-02    5.784E-01     r       2.5
1.411E+07    1.000E+00    5.537E+27    2.677E+07    1.017E+16    2.800E+04    3.848E-02    5.785E-01     r       2.5
1.403E+07    1.000E+00    5.534E+27    2.677E+07    1.017E+16    2.800E+04    3.848E-02    5.785E-01     r       2.5
1.386E+07    1.000E+00    5.527E+27    2.677E+07    1.017E+16    2.800E+04    3.848E-02    5.786E-01     r       2.5
1.378E+07    1.000E+00    5.524E+27    2.677E+07    1.017E+16    2.800E+04    3.848E-02    5.786E-01     r       2.5
1.374E+07    1.000E+00    5.523E+27    2.677E+07    1.017E+16    2.800E+04    3.848E-02    5.786E-01     r       2.5
1.365E+07    1.000E+00    5.519E+27    2.677E+07    1.017E+16    2.800E+04    3.848E-02    5.787E-01     r       2.5
1.361E+07    1.000E+00    5.518E+27    2.677E+07    1.017E+16    2.800E+04    3.848E-02    5.787E-01     r       2.5
1.353E+07    1.000E+00    5.515E+27    2.677E+07    1.017E+16    2.800E+04    3.848E-02    5.787E-01     r       2.5
1.349E+07    1.000E+00    5.513E+27    2.677E+07    1.017E+16    2.800E+04    3.848E-02    5.787E-01     r       2.5
1.340E+07    1.000E+00    5.510E+27    2.678E+07    1.017E+16    2.800E+04    3.848E-02    5.788E-01     r       2.5
1.336E+07    1.000E+00    5.508E+27    2.678E+07    1.017E+16    2.800E+04    3.848E-02    5.788E-01     r       2.5
