   r        Qm       L_r       T        P        rho      kap      eps     fl   dlnPdlnT
8.757E+08    0.000E+00    8.637E+27    1.121E+04    9.846E+02    0.000E+00    2.344E-01    0.000E+00     *      99.9
8.748E+08    4.519E-14    8.637E+27    5.332E+03    1.724E+00    2.129E-08    4.981E+00    7.844E-92     r       2.8
8.740E+08    2.405E-13    8.637E+27    8.724E+03    2.983E+01    2.428E-07    6.234E+00    3.345E-78     r       3.7
8.735E+08    6.338E-13    8.637E+27    1.132E+04    8.656E+01    5.438E-07    4.787E+00    5.346E-72     r       3.8
8.733E+08    9.801E-13    8.637E+27    1.249E+04    1.366E+02    7.797E-07    4.524E+00    9.372E-70     r       4.5
8.732E+08    1.204E-12    8.637E+27    1.308E+04    1.689E+02    9.221E-07    4.403E+00    9.961E-69     r       4.6
8.732E+08    1.331E-12    8.637E+27    1.338E+04    1.872E+02    1.000E-06    4.346E+00    3.089E-68     r       4.6
8.731E+08    1.398E-12    8.637E+27    1.353E+04    1.970E+02    1.041E-06    4.317E+00    5.375E-68     r       4.6
8.731E+08    1.433E-12    8.637E+27    1.360E+04    2.020E+02    1.062E-06    4.304E+00    7.069E-68     r       4.6
8.731E+08    1.504E-12    8.637E+27    1.375E+04    2.123E+02    1.104E-06    4.276E+00    1.216E-67     r       4.6
8.731E+08    1.541E-12    8.637E+27    1.382E+04    2.176E+02    1.126E-06    4.263E+00    1.591E-67     r       4.6
8.730E+08    1.616E-12    8.637E+27    1.397E+04    2.285E+02    1.170E-06    4.236E+00    2.707E-67     r       4.6
8.730E+08    1.655E-12    8.637E+27    1.405E+04    2.342E+02    1.193E-06    4.222E+00    3.521E-67     r       4.6
8.730E+08    1.736E-12    8.637E+27    1.419E+04    2.458E+02    1.239E-06    4.196E+00    5.927E-67     r       4.6
8.729E+08    1.905E-12    8.637E+27    1.449E+04    2.703E+02    1.336E-06    4.145E+00    1.646E-66     r       4.6
8.729E+08    1.995E-12    8.637E+27    1.464E+04    2.833E+02    1.386E-06    4.120E+00    2.715E-66     r       4.6
8.729E+08    2.184E-12    8.637E+27    1.494E+04    3.107E+02    1.491E-06    4.071E+00    7.247E-66     r       4.6
8.728E+08    2.284E-12    8.637E+27    1.509E+04    3.252E+02    1.545E-06    4.048E+00    1.173E-65     r       4.6
8.728E+08    2.495E-12    8.637E+27    1.538E+04    3.557E+02    1.658E-06    4.001E+00    3.019E-65     r       4.6
8.728E+08    2.606E-12    8.637E+27    1.553E+04    3.718E+02    1.717E-06    3.978E+00    4.801E-65     r       4.6
8.727E+08    2.840E-12    8.637E+27    1.583E+04    4.057E+02    1.839E-06    3.933E+00    1.194E-64     r       4.6
8.727E+08    2.963E-12    8.637E+27    1.598E+04    4.236E+02    1.903E-06    3.912E+00    1.868E-64     r       4.6
8.726E+08    3.222E-12    8.637E+27    1.628E+04    4.611E+02    2.034E-06    3.869E+00    4.497E-64     r       4.6
8.726E+08    3.358E-12    8.637E+27    1.643E+04    4.808E+02    2.103E-06    3.848E+00    6.925E-64     r       4.6
8.725E+08    3.644E-12    8.637E+27    1.672E+04    5.223E+02    2.244E-06    3.807E+00    1.618E-63     r       4.6
8.725E+08    3.794E-12    8.637E+27    1.687E+04    5.441E+02    2.318E-06    3.787E+00    2.455E-63     r       4.6
8.725E+08    4.109E-12    8.637E+27    1.717E+04    5.898E+02    2.470E-06    3.748E+00    5.575E-63     r       4.6
8.724E+08    4.274E-12    8.637E+27    1.732E+04    6.137E+02    2.548E-06    3.728E+00    8.343E-63     r       4.6
8.724E+08    4.620E-12    8.637E+27    1.762E+04    6.639E+02    2.711E-06    3.691E+00    1.844E-62     r       4.6
8.723E+08    4.801E-12    8.637E+27    1.777E+04    6.902E+02    2.795E-06    3.672E+00    2.724E-62     r       4.6
8.723E+08    5.180E-12    8.637E+27    1.807E+04    7.452E+02    2.969E-06    3.636E+00    5.871E-62     r       4.6
8.723E+08    5.379E-12    8.637E+27    1.822E+04    7.740E+02    3.059E-06    3.618E+00    8.566E-62     r       4.6
8.722E+08    5.793E-12    8.637E+27    1.852E+04    8.341E+02    3.245E-06    3.583E+00    1.802E-61     r       4.6
8.722E+08    6.010E-12    8.637E+27    1.867E+04    8.656E+02    3.340E-06    3.566E+00    2.599E-61     r       4.6
8.721E+08    6.462E-12    8.637E+27    1.897E+04    9.313E+02    3.538E-06    3.532E+00    5.347E-61     r       4.6
8.721E+08    6.698E-12    8.637E+27    1.912E+04    9.655E+02    3.641E-06    3.516E+00    7.627E-61     r       4.6
8.720E+08    7.190E-12    8.637E+27    1.942E+04    1.037E+03    3.851E-06    3.483E+00    1.535E-60     r       4.6
8.720E+08    7.447E-12    8.637E+27    1.957E+04    1.074E+03    3.960E-06    3.467E+00    2.167E-60     r       4.6
8.720E+08    7.982E-12    8.637E+27    1.987E+04    1.152E+03    4.184E-06    3.436E+00    4.275E-60     r       4.6
8.719E+08    8.261E-12    8.637E+27    2.002E+04    1.193E+03    4.299E-06    3.421E+00    5.974E-60     r       4.6
8.719E+08    8.842E-12    8.637E+27    2.032E+04    1.277E+03    4.537E-06    3.391E+00    1.156E-59     r       4.6
8.719E+08    9.144E-12    8.637E+27    2.047E+04    1.321E+03    4.659E-06    3.376E+00    1.600E-59     r       4.6
8.718E+08    9.772E-12    8.637E+27    2.077E+04    1.413E+03    4.911E-06    3.347E+00    3.039E-59     r       4.6
8.718E+08    1.010E-11    8.637E+27    2.092E+04    1.460E+03    5.041E-06    3.332E+00    4.170E-59     r       4.6
8.717E+08    1.078E-11    8.637E+27    2.122E+04    1.559E+03    5.308E-06    3.304E+00    7.781E-59     r       4.6
8.717E+08    1.113E-11    8.637E+27    2.137E+04    1.610E+03    5.445E-06    3.290E+00    1.059E-58     r       4.6
8.716E+08    1.187E-11    8.637E+27    2.167E+04    1.717E+03    5.727E-06    3.263E+00    1.943E-58     r       4.6
8.716E+08    1.225E-11    8.637E+27    2.182E+04    1.773E+03    5.872E-06    3.249E+00    2.621E-58     r       4.6
8.715E+08    1.304E-11    8.637E+27    2.212E+04    1.888E+03    6.170E-06    3.223E+00    4.735E-58     r       4.6
8.715E+08    1.345E-11    8.637E+27    2.227E+04    1.948E+03    6.323E-06    3.210E+00    6.339E-58     r       4.6
8.715E+08    1.430E-11    8.637E+27    2.257E+04    2.072E+03    6.638E-06    3.184E+00    1.128E-57     r       4.6
8.714E+08    1.474E-11    8.637E+27    2.272E+04    2.136E+03    6.799E-06    3.172E+00    1.499E-57     r       4.6
8.714E+08    1.565E-11    8.637E+27    2.302E+04    2.269E+03    7.131E-06    3.147E+00    2.628E-57     r       4.6
8.714E+08    1.613E-11    8.637E+27    2.317E+04    2.338E+03    7.301E-06    3.135E+00    3.467E-57     r       4.6
8.713E+08    1.711E-11    8.637E+27    2.348E+04    2.481E+03    7.650E-06    3.111E+00    5.996E-57     r       4.6
8.713E+08    1.762E-11    8.637E+27    2.363E+04    2.555E+03    7.829E-06    3.099E+00    7.857E-57     r       4.6
8.712E+08    1.867E-11    8.637E+27    2.393E+04    2.709E+03    8.196E-06    3.076E+00    1.341E-56     r       4.6
8.712E+08    1.921E-11    8.637E+27    2.408E+04    2.788E+03    8.384E-06    3.064E+00    1.746E-56     r       4.6
8.711E+08    2.034E-11    8.637E+27    2.438E+04    2.952E+03    8.770E-06    3.041E+00    2.941E-56     r       4.6
8.711E+08    2.092E-11    8.637E+27    2.453E+04    3.037E+03    8.968E-06    3.030E+00    3.805E-56     r       4.6
8.711E+08    2.212E-11    8.637E+27    2.483E+04    3.213E+03    9.374E-06    3.008E+00    6.332E-56     r       4.6
8.710E+08    2.274E-11    8.637E+27    2.498E+04    3.303E+03    9.581E-06    2.997E+00    8.145E-56     r       4.6
8.710E+08    2.403E-11    8.637E+27    2.529E+04    3.491E+03    1.001E-05    2.976E+00    1.340E-55     r       4.6
8.709E+08    2.469E-11    8.637E+27    2.544E+04    3.588E+03    1.022E-05    2.965E+00    1.713E-55     r       4.6
8.709E+08    2.606E-11    8.637E+27    2.574E+04    3.788E+03    1.067E-05    2.945E+00    2.786E-55     r       4.6
8.709E+08    2.677E-11    8.637E+27    2.589E+04    3.891E+03    1.090E-05    2.934E+00    3.543E-55     r       4.6
8.708E+08    2.823E-11    8.637E+27    2.619E+04    4.104E+03    1.136E-05    2.914E+00    5.701E-55     r       4.6
8.708E+08    2.898E-11    8.637E+27    2.634E+04    4.214E+03    1.160E-05    2.904E+00    7.212E-55     r       4.6
8.707E+08    3.053E-11    8.637E+27    2.665E+04    4.441E+03    1.209E-05    2.885E+00    1.148E-54     r       4.6
8.707E+08    3.133E-11    8.637E+27    2.680E+04    4.559E+03    1.234E-05    2.875E+00    1.445E-54     r       4.6
8.706E+08    3.298E-11    8.637E+27    2.710E+04    4.800E+03    1.285E-05    2.856E+00    2.278E-54     r       4.6
8.706E+08    3.384E-11    8.637E+27    2.725E+04    4.924E+03    1.311E-05    2.846E+00    2.853E-54     r       4.6
8.706E+08    3.559E-11    8.637E+27    2.755E+04    5.181E+03    1.365E-05    2.827E+00    4.455E-54     r       4.6
8.705E+08    3.649E-11    8.637E+27    2.771E+04    5.313E+03    1.392E-05    2.818E+00    5.553E-54     r       4.6
8.705E+08    3.835E-11    8.637E+27    2.801E+04    5.585E+03    1.448E-05    2.800E+00    8.589E-54     r       4.6
8.705E+08    3.931E-11    8.637E+27    2.816E+04    5.725E+03    1.476E-05    2.791E+00    1.066E-53     r       4.6
8.704E+08    4.128E-11    8.637E+27    2.846E+04    6.014E+03    1.535E-05    2.773E+00    1.634E-53     r       4.6
8.704E+08    4.230E-11    8.637E+27    2.861E+04    6.163E+03    1.564E-05    2.765E+00    2.019E-53     r       4.6
8.703E+08    4.438E-11    8.637E+27    2.892E+04    6.469E+03    1.625E-05    2.747E+00    3.068E-53     r       4.6
8.702E+08    4.880E-11    8.637E+27    2.952E+04    7.116E+03    1.752E-05    2.713E+00    6.971E-53     r       4.6
8.702E+08    5.114E-11    8.637E+27    2.983E+04    7.459E+03    1.818E-05    2.697E+00    1.042E-52     r       4.6
8.700E+08    5.608E-11    8.637E+27    3.043E+04    8.182E+03    1.955E-05    2.665E+00    2.294E-52     r       4.6
8.700E+08    5.868E-11    8.637E+27    3.074E+04    8.564E+03    2.026E-05    2.649E+00    3.378E-52     r       4.6
8.699E+08    6.418E-11    8.637E+27    3.135E+04    9.371E+03    2.175E-05    2.618E+00    7.220E-52     r       4.6
8.698E+08    6.707E-11    8.637E+27    3.165E+04    9.796E+03    2.252E-05    2.603E+00    1.048E-51     r       4.6
8.697E+08    7.317E-11    8.637E+27    3.226E+04    1.069E+04    2.412E-05    2.574E+00    2.179E-51     r       4.6
8.697E+08    7.638E-11    8.637E+27    3.256E+04    1.116E+04    2.495E-05    2.560E+00    3.121E-51     r       4.6
8.696E+08    8.313E-11    8.637E+27    3.317E+04    1.215E+04    2.668E-05    2.532E+00    6.323E-51     r       4.6
8.695E+08    8.667E-11    8.637E+27    3.348E+04    1.268E+04    2.757E-05    2.518E+00    8.945E-51     r       4.6
8.694E+08    9.412E-11    8.637E+27    3.408E+04    1.377E+04    2.943E-05    2.491E+00    1.769E-50     r       4.6
8.693E+08    9.803E-11    8.637E+27    3.439E+04    1.435E+04    3.039E-05    2.478E+00    2.472E-50     r       4.6
8.692E+08    1.062E-10    8.637E+27    3.500E+04    1.555E+04    3.238E-05    2.452E+00    4.778E-50     r       4.6
8.692E+08    1.105E-10    8.637E+27    3.530E+04    1.618E+04    3.341E-05    2.439E+00    6.606E-50     r       4.6
8.691E+08    1.195E-10    8.637E+27    3.591E+04    1.751E+04    3.554E-05    2.415E+00    1.249E-49     r       4.6
8.690E+08    1.242E-10    8.637E+27    3.622E+04    1.821E+04    3.664E-05    2.402E+00    1.709E-49     r       4.6
8.689E+08    1.341E-10    8.637E+27    3.683E+04    1.966E+04    3.892E-05    2.379E+00    3.168E-49     r       4.6
8.688E+08    1.393E-10    8.637E+27    3.714E+04    2.042E+04    4.010E-05    2.367E+00    4.291E-49     r       4.6
8.687E+08    1.500E-10    8.637E+27    3.775E+04    2.201E+04    4.254E-05    2.344E+00    7.802E-49     r       4.6
8.687E+08    1.557E-10    8.637E+27    3.805E+04    2.284E+04    4.379E-05    2.333E+00    1.047E-48     r       4.6
8.686E+08    1.674E-10    8.637E+27    3.866E+04    2.458E+04    4.639E-05    2.311E+00    1.869E-48     r       4.6
8.685E+08    1.736E-10    8.637E+27    3.897E+04    2.548E+04    4.772E-05    2.300E+00    2.487E-48     r       4.6
8.684E+08    1.864E-10    8.637E+27    3.958E+04    2.738E+04    5.049E-05    2.279E+00    4.363E-48     r       4.6
8.683E+08    1.930E-10    8.637E+27    3.989E+04    2.836E+04    5.191E-05    2.268E+00    5.756E-48     r       4.6
8.682E+08    2.070E-10    8.637E+27    4.050E+04    3.042E+04    5.484E-05    2.248E+00    9.936E-48     r       4.6
8.682E+08    2.142E-10    8.637E+27    4.081E+04    3.149E+04    5.635E-05    2.238E+00    1.300E-47     r       4.6
8.681E+08    2.293E-10    8.637E+27    4.142E+04    3.372E+04    5.947E-05    2.218E+00    2.210E-47     r       4.6
8.680E+08    2.371E-10    8.637E+27    4.173E+04    3.488E+04    6.107E-05    2.208E+00    2.871E-47     r       4.6
8.679E+08    2.535E-10    8.637E+27    4.234E+04    3.730E+04    6.437E-05    2.189E+00    4.808E-47     r       4.6
8.679E+08    2.620E-10    8.637E+27    4.265E+04    3.856E+04    6.607E-05    2.180E+00    6.201E-47     r       4.6
8.677E+08    2.796E-10    8.637E+27    4.326E+04    4.118E+04    6.957E-05    2.161E+00    1.024E-46     r       4.6
8.677E+08    2.888E-10    8.637E+27    4.357E+04    4.254E+04    7.137E-05    2.152E+00    1.312E-46     r       4.6
8.676E+08    3.079E-10    8.637E+27    4.418E+04    4.536E+04    7.506E-05    2.134E+00    2.137E-46     r       4.6
8.675E+08    3.178E-10    8.637E+27    4.449E+04    4.683E+04    7.696E-05    2.126E+00    2.719E-46     r       4.6
8.674E+08    3.383E-10    8.637E+27    4.510E+04    4.988E+04    8.087E-05    2.108E+00    4.375E-46     r       4.6
8.674E+08    3.489E-10    8.637E+27    4.541E+04    5.146E+04    8.287E-05    2.100E+00    5.532E-46     r       4.6
8.673E+08    3.710E-10    8.637E+27    4.602E+04    5.474E+04    8.699E-05    2.083E+00    8.793E-46     r       4.6
8.672E+08    3.825E-10    8.637E+27    4.633E+04    5.644E+04    8.911E-05    2.075E+00    1.105E-45     r       4.6
8.671E+08    4.062E-10    8.637E+27    4.695E+04    5.997E+04    9.345E-05    2.059E+00    1.736E-45     r       4.6
8.670E+08    4.185E-10    8.637E+27    4.725E+04    6.180E+04    9.568E-05    2.051E+00    2.170E-45     r       4.6
8.669E+08    4.439E-10    8.637E+27    4.787E+04    6.558E+04    1.003E-04    2.035E+00    3.372E-45     r       4.6
8.669E+08    4.571E-10    8.637E+27    4.818E+04    6.754E+04    1.026E-04    2.027E+00    4.192E-45     r       4.6
8.668E+08    4.844E-10    8.637E+27    4.879E+04    7.160E+04    1.074E-04    2.012E+00    6.443E-45     r       4.6
8.667E+08    4.985E-10    8.637E+27    4.910E+04    7.371E+04    1.099E-04    2.005E+00    7.968E-45     r       4.6
8.666E+08    5.277E-10    8.637E+27    4.972E+04    7.805E+04    1.149E-04    1.990E+00    1.212E-44     r       4.6
8.665E+08    5.428E-10    8.637E+27    5.003E+04    8.030E+04    1.175E-04    1.982E+00    1.492E-44     r       4.6
8.664E+08    5.740E-10    8.637E+27    5.064E+04    8.495E+04    1.228E-04    1.968E+00    2.248E-44     r       4.6
8.664E+08    5.901E-10    8.637E+27    5.095E+04    8.736E+04    1.256E-04    1.961E+00    2.753E-44     r       4.6
8.663E+08    6.234E-10    8.637E+27    5.157E+04    9.233E+04    1.311E-04    1.947E+00    4.109E-44     r       4.6
8.662E+08    6.406E-10    8.637E+27    5.188E+04    9.489E+04    1.340E-04    1.940E+00    5.008E-44     r       4.6
8.661E+08    6.761E-10    8.637E+27    5.249E+04    1.002E+05    1.398E-04    1.926E+00    7.409E-44     r       4.6
8.660E+08    6.944E-10    8.637E+27    5.280E+04    1.029E+05    1.428E-04    1.920E+00    8.992E-44     r       4.6
8.659E+08    7.323E-10    8.637E+27    5.342E+04    1.086E+05    1.489E-04    1.907E+00    1.319E-43     r       4.6
8.659E+08    7.518E-10    8.637E+27    5.373E+04    1.115E+05    1.521E-04    1.900E+00    1.594E-43     r       4.6
8.658E+08    7.920E-10    8.637E+27    5.435E+04    1.175E+05    1.585E-04    1.887E+00    2.318E-43     r       4.6
8.657E+08    8.128E-10    8.637E+27    5.466E+04    1.206E+05    1.617E-04    1.881E+00    2.789E-43     r       4.6
8.656E+08    8.555E-10    8.637E+27    5.528E+04    1.270E+05    1.684E-04    1.868E+00    4.025E-43     r       4.6
8.656E+08    8.776E-10    8.637E+27    5.559E+04    1.303E+05    1.719E-04    1.862E+00    4.825E-43     r       4.6
8.654E+08    9.230E-10    8.637E+27    5.620E+04    1.371E+05    1.789E-04    1.850E+00    6.908E-43     r       4.6
8.654E+08    9.464E-10    8.637E+27    5.651E+04    1.406E+05    1.824E-04    1.844E+00    8.250E-43     r       4.6
8.653E+08    9.946E-10    8.637E+27    5.713E+04    1.479E+05    1.898E-04    1.832E+00    1.172E-42     r       4.6
8.652E+08    1.019E-09    8.637E+27    5.744E+04    1.516E+05    1.935E-04    1.826E+00    1.395E-42     r       4.6
8.651E+08    1.070E-09    8.637E+27    5.806E+04    1.592E+05    2.011E-04    1.815E+00    1.969E-42     r       4.6
8.651E+08    1.097E-09    8.637E+27    5.837E+04    1.632E+05    2.050E-04    1.809E+00    2.334E-42     r       4.6
8.650E+08    1.151E-09    8.637E+27    5.899E+04    1.713E+05    2.130E-04    1.797E+00    3.271E-42     r       4.6
8.647E+08    1.265E-09    8.637E+27    6.023E+04    1.885E+05    2.296E-04    1.775E+00    6.339E-42     r       4.6
8.646E+08    1.326E-09    8.637E+27    6.085E+04    1.976E+05    2.382E-04    1.765E+00    8.767E-42     r       4.6
8.644E+08    1.453E-09    8.637E+27    6.210E+04    2.168E+05    2.562E-04    1.744E+00    1.656E-41     r       4.6
8.643E+08    1.521E-09    8.637E+27    6.272E+04    2.269E+05    2.656E-04    1.733E+00    2.263E-41     r       4.6
8.641E+08    1.663E-09    8.637E+27    6.396E+04    2.484E+05    2.851E-04    1.713E+00    4.176E-41     r       4.6
8.640E+08    1.738E-09    8.637E+27    6.458E+04    2.596E+05    2.952E-04    1.703E+00    5.641E-41     r       4.6
8.638E+08    1.896E-09    8.637E+27    6.583E+04    2.834E+05    3.162E-04    1.684E+00    1.018E-40     r       4.6
8.636E+08    1.979E-09    8.637E+27    6.645E+04    2.960E+05    3.271E-04    1.675E+00    1.361E-40     r       4.6
8.634E+08    2.153E-09    8.637E+27    6.770E+04    3.224E+05    3.498E-04    1.657E+00    2.406E-40     r       4.6
8.633E+08    2.245E-09    8.637E+27    6.832E+04    3.362E+05    3.615E-04    1.648E+00    3.183E-40     r       4.6
8.631E+08    2.437E-09    8.637E+27    6.957E+04    3.654E+05    3.859E-04    1.630E+00    5.520E-40     r       4.6
8.630E+08    2.538E-09    8.637E+27    7.019E+04    3.807E+05    3.985E-04    1.621E+00    7.234E-40     r       4.6
8.628E+08    2.750E-09    8.637E+27    7.144E+04    4.128E+05    4.247E-04    1.605E+00    1.232E-39     r       4.6
8.627E+08    2.861E-09    8.637E+27    7.207E+04    4.296E+05    4.382E-04    1.596E+00    1.600E-39     r       4.6
8.624E+08    3.094E-09    8.637E+27    7.332E+04    4.649E+05    4.662E-04    1.580E+00    2.677E-39     r       4.6
8.623E+08    3.215E-09    8.637E+27    7.394E+04    4.834E+05    4.807E-04    1.572E+00    3.449E-39     r       4.6
8.621E+08    3.470E-09    8.637E+27    7.519E+04    5.222E+05    5.106E-04    1.557E+00    5.679E-39     r       4.6
8.620E+08    3.603E-09    8.637E+27    7.582E+04    5.424E+05    5.261E-04    1.549E+00    7.258E-39     r       4.6
8.618E+08    3.882E-09    8.637E+27    7.707E+04    5.848E+05    5.581E-04    1.534E+00    1.177E-38     r       4.6
8.617E+08    4.027E-09    8.637E+27    7.770E+04    6.070E+05    5.746E-04    1.527E+00    1.493E-38     r       4.6
8.615E+08    4.331E-09    8.637E+27    7.895E+04    6.533E+05    6.088E-04    1.512E+00    2.385E-38     r       4.6
8.613E+08    4.489E-09    8.637E+27    7.958E+04    6.775E+05    6.264E-04    1.505E+00    3.004E-38     r       4.6
8.611E+08    4.820E-09    8.637E+27    8.083E+04    7.280E+05    6.627E-04    1.491E+00    4.735E-38     r       4.6
8.610E+08    4.992E-09    8.637E+27    8.146E+04    7.543E+05    6.814E-04    1.485E+00    5.924E-38     r       4.6
8.608E+08    5.351E-09    8.637E+27    8.272E+04    8.093E+05    7.200E-04    1.471E+00    9.215E-38     r       4.6
8.607E+08    5.538E-09    8.637E+27    8.335E+04    8.379E+05    7.399E-04    1.465E+00    1.146E-37     r       4.6
8.605E+08    5.928E-09    8.637E+27    8.460E+04    8.976E+05    7.809E-04    1.452E+00    1.760E-37     r       4.6
8.604E+08    6.130E-09    8.637E+27    8.523E+04    9.286E+05    8.020E-04    1.445E+00    2.175E-37     r       4.6
8.601E+08    6.552E-09    8.637E+27    8.649E+04    9.933E+05    8.455E-04    1.433E+00    3.302E-37     r       4.6
8.600E+08    6.771E-09    8.637E+27    8.712E+04    1.027E+06    8.679E-04    1.427E+00    4.057E-37     r       4.6
8.598E+08    7.226E-09    8.637E+27    8.838E+04    1.097E+06    9.140E-04    1.415E+00    6.091E-37     r       4.6
8.597E+08    7.463E-09    8.637E+27    8.901E+04    1.133E+06    9.377E-04    1.409E+00    7.443E-37     r       4.6
8.595E+08    7.955E-09    8.637E+27    9.028E+04    1.209E+06    9.864E-04    1.397E+00    1.105E-36     r       4.6
8.594E+08    8.210E-09    8.637E+27    9.091E+04    1.248E+06    1.011E-03    1.392E+00    1.344E-36     r       4.6
8.592E+08    8.739E-09    8.637E+27    9.217E+04    1.330E+06    1.063E-03    1.380E+00    1.975E-36     r       4.6
8.590E+08    9.014E-09    8.637E+27    9.280E+04    1.372E+06    1.089E-03    1.375E+00    2.389E-36     r       4.6
8.588E+08    9.583E-09    8.637E+27    9.406E+04    1.460E+06    1.144E-03    1.364E+00    3.479E-36     r       4.6
8.587E+08    9.879E-09    8.637E+27    9.470E+04    1.506E+06    1.172E-03    1.358E+00    4.187E-36     r       4.6
8.585E+08    1.049E-08    8.637E+27    9.596E+04    1.601E+06    1.229E-03    1.348E+00    6.040E-36     r       4.6
8.584E+08    1.081E-08    8.637E+27    9.659E+04    1.650E+06    1.258E-03    1.343E+00    7.237E-36     r       4.6
8.582E+08    1.146E-08    8.637E+27    9.786E+04    1.751E+06    1.319E-03    1.332E+00    1.035E-35     r       4.6
8.581E+08    1.180E-08    8.637E+27    9.849E+04    1.804E+06    1.350E-03    1.327E+00    1.234E-35     r       4.6
8.578E+08    1.251E-08    8.637E+27    9.976E+04    1.913E+06    1.413E-03    1.317E+00    1.750E-35     r       4.6
8.577E+08    1.287E-08    8.637E+27    1.004E+05    1.969E+06    1.446E-03    1.312E+00    2.079E-35     r       4.6
8.575E+08    1.362E-08    8.637E+27    1.017E+05    2.086E+06    1.513E-03    1.303E+00    2.922E-35     r       4.6
8.574E+08    1.401E-08    8.637E+27    1.023E+05    2.147E+06    1.547E-03    1.298E+00    3.458E-35     r       4.6
8.572E+08    1.482E-08    8.637E+27    1.036E+05    2.272E+06    1.617E-03    1.288E+00    4.824E-35     r       4.6
8.571E+08    1.523E-08    8.637E+27    1.042E+05    2.337E+06    1.653E-03    1.284E+00    5.686E-35     r       4.6
8.569E+08    1.609E-08    8.637E+27    1.055E+05    2.470E+06    1.727E-03    1.275E+00    7.872E-35     r       4.6
8.567E+08    1.653E-08    8.637E+27    1.061E+05    2.539E+06    1.765E-03    1.270E+00    9.246E-35     r       4.6
8.565E+08    1.745E-08    8.637E+27    1.074E+05    2.682E+06    1.842E-03    1.261E+00    1.271E-34     r       4.6
8.564E+08    1.792E-08    8.637E+27    1.080E+05    2.756E+06    1.882E-03    1.257E+00    1.487E-34     r       4.6
8.562E+08    1.889E-08    8.637E+27    1.093E+05    2.908E+06    1.963E-03    1.248E+00    2.030E-34     r       4.6
8.561E+08    1.940E-08    8.637E+27    1.099E+05    2.987E+06    2.004E-03    1.244E+00    2.368E-34     r       4.6
8.559E+08    2.043E-08    8.637E+27    1.112E+05    3.149E+06    2.089E-03    1.236E+00    3.210E-34     r       4.6
8.558E+08    2.097E-08    8.637E+27    1.118E+05    3.233E+06    2.133E-03    1.231E+00    3.732E-34     r       4.6
8.555E+08    2.207E-08    8.637E+27    1.131E+05    3.406E+06    2.221E-03    1.223E+00    5.028E-34     r       4.6
8.554E+08    2.264E-08    8.637E+27    1.138E+05    3.495E+06    2.267E-03    1.219E+00    5.827E-34     r       4.6
8.552E+08    2.381E-08    8.637E+27    1.150E+05    3.679E+06    2.360E-03    1.211E+00    7.802E-34     r       4.6
8.551E+08    2.441E-08    8.637E+27    1.157E+05    3.773E+06    2.407E-03    1.207E+00    9.014E-34     r       4.6
8.549E+08    2.565E-08    8.637E+27    1.170E+05    3.969E+06    2.504E-03    1.200E+00    1.200E-33     r       4.6
8.548E+08    2.629E-08    8.637E+27    1.176E+05    4.069E+06    2.554E-03    1.196E+00    1.382E-33     r       4.6
8.546E+08    2.761E-08    8.637E+27    1.189E+05    4.276E+06    2.655E-03    1.188E+00    1.829E-33     r       4.6
8.544E+08    2.828E-08    8.637E+27    1.195E+05    4.383E+06    2.707E-03    1.184E+00    2.101E-33     r       4.6
8.542E+08    2.968E-08    8.637E+27    1.208E+05    4.603E+06    2.813E-03    1.177E+00    2.765E-33     r       4.6
8.541E+08    3.039E-08    8.637E+27    1.214E+05    4.716E+06    2.867E-03    1.173E+00    3.168E-33     r       4.6
8.539E+08    3.187E-08    8.637E+27    1.227E+05    4.949E+06    2.977E-03    1.166E+00    4.147E-33     r       4.6
8.535E+08    3.498E-08    8.637E+27    1.253E+05    5.442E+06    3.207E-03    1.152E+00    7.033E-33     r       4.6
8.532E+08    3.663E-08    8.637E+27    1.266E+05    5.702E+06    3.327E-03    1.145E+00    9.113E-33     r       4.6
8.528E+08    4.010E-08    8.637E+27    1.291E+05    6.254E+06    3.576E-03    1.132E+00    1.516E-32     r       4.6
8.526E+08    4.193E-08    8.637E+27    1.304E+05    6.545E+06    3.706E-03    1.125E+00    1.945E-32     r       4.6
8.521E+08    4.579E-08    8.637E+27    1.330E+05    7.159E+06    3.976E-03    1.112E+00    3.176E-32     r       4.6
8.519E+08    4.782E-08    8.637E+27    1.343E+05    7.483E+06    4.116E-03    1.106E+00    4.041E-32     r       4.6
8.515E+08    5.210E-08    8.637E+27    1.369E+05    8.166E+06    4.408E-03    1.094E+00    6.486E-32     r       4.6
8.513E+08    5.434E-08    8.637E+27    1.382E+05    8.525E+06    4.559E-03    1.088E+00    8.184E-32     r       4.6
8.508E+08    5.907E-08    8.637E+27    1.407E+05    9.282E+06    4.873E-03    1.076E+00    1.293E-31     r       4.6
8.506E+08    6.155E-08    8.637E+27    1.420E+05    9.680E+06    5.036E-03    1.070E+00    1.618E-31     r       4.6
8.502E+08    6.675E-08    8.637E+27    1.446E+05    1.052E+07    5.374E-03    1.059E+00    2.517E-31     r       4.6
8.500E+08    6.948E-08    8.637E+27    1.459E+05    1.096E+07    5.549E-03    1.054E+00    3.128E-31     r       4.6
8.495E+08    7.520E-08    8.637E+27    1.485E+05    1.188E+07    5.911E-03    1.043E+00    4.797E-31     r       4.6
8.493E+08    7.820E-08    8.637E+27    1.498E+05    1.236E+07    6.099E-03    1.037E+00    5.920E-31     r       4.6
8.489E+08    8.447E-08    8.637E+27    1.524E+05    1.338E+07    6.488E-03    1.027E+00    8.958E-31     r       4.6
8.486E+08    8.775E-08    8.637E+27    1.537E+05    1.391E+07    6.689E-03    1.022E+00    1.098E-30     r       4.6
8.482E+08    9.462E-08    8.637E+27    1.563E+05    1.502E+07    7.105E-03    1.012E+00    1.641E-30     r       4.6
8.480E+08    9.821E-08    8.637E+27    1.576E+05    1.560E+07    7.320E-03    1.007E+00    1.999E-30     r       4.6
8.475E+08    1.057E-07    8.637E+27    1.602E+05    1.682E+07    7.764E-03    9.976E-01    2.951E-30     r       4.6
8.473E+08    1.096E-07    8.637E+27    1.615E+05    1.746E+07    7.994E-03    9.928E-01    3.575E-30     r       4.6
8.469E+08    1.178E-07    8.637E+27    1.641E+05    1.879E+07    8.468E-03    9.836E-01    5.217E-30     r       4.6
8.467E+08    1.220E-07    8.637E+27    1.654E+05    1.949E+07    8.713E-03    9.791E-01    6.285E-30     r       4.6
8.462E+08    1.309E-07    8.637E+27    1.681E+05    2.094E+07    9.218E-03    9.701E-01    9.073E-30     r       4.6
8.460E+08    1.356E-07    8.637E+27    1.694E+05    2.170E+07    9.478E-03    9.658E-01    1.087E-29     r       4.6
8.456E+08    1.452E-07    8.637E+27    1.720E+05    2.329E+07    1.002E-02    9.571E-01    1.554E-29     r       4.6
8.454E+08    1.502E-07    8.637E+27    1.733E+05    2.411E+07    1.029E-02    9.529E-01    1.853E-29     r       4.6
8.449E+08    1.607E-07    8.637E+27    1.759E+05    2.583E+07    1.086E-02    9.446E-01    2.622E-29     r       4.6
8.447E+08    1.661E-07    8.637E+27    1.772E+05    2.673E+07    1.116E-02    9.405E-01    3.111E-29     r       4.6
8.443E+08    1.774E-07    8.637E+27    1.799E+05    2.860E+07    1.176E-02    9.325E-01    4.362E-29     r       4.6
8.440E+08    1.833E-07    8.637E+27    1.812E+05    2.957E+07    1.208E-02    9.285E-01    5.153E-29     r       4.6
8.436E+08    1.955E-07    8.637E+27    1.838E+05    3.159E+07    1.272E-02    9.208E-01    7.161E-29     r       4.6
8.434E+08    2.018E-07    8.637E+27    1.851E+05    3.265E+07    1.305E-02    9.170E-01    8.424E-29     r       4.6
8.430E+08    2.150E-07    8.637E+27    1.878E+05    3.483E+07    1.373E-02    9.094E-01    1.161E-28     r       4.6
8.427E+08    2.218E-07    8.637E+27    1.891E+05    3.597E+07    1.408E-02    9.057E-01    1.360E-28     r       4.6
8.423E+08    2.360E-07    8.637E+27    1.917E+05    3.834E+07    1.480E-02    8.985E-01    1.859E-28     r       4.6
8.421E+08    2.433E-07    8.637E+27    1.931E+05    3.956E+07    1.517E-02    8.949E-01    2.169E-28     r       4.6
8.416E+08    2.586E-07    8.637E+27    1.957E+05    4.211E+07    1.593E-02    8.878E-01    2.942E-28     r       4.6
8.414E+08    2.665E-07    8.637E+27    1.970E+05    4.344E+07    1.632E-02    8.844E-01    3.420E-28     r       4.6
8.410E+08    2.828E-07    8.637E+27    1.997E+05    4.618E+07    1.712E-02    8.775E-01    4.606E-28     r       4.6
8.408E+08    2.913E-07    8.637E+27    2.010E+05    4.761E+07    1.753E-02    8.742E-01    5.335E-28     r       4.6
8.403E+08    3.089E-07    8.637E+27    2.037E+05    5.056E+07    1.838E-02    8.675E-01    7.133E-28     r       4.6
8.401E+08    3.179E-07    8.637E+27    2.050E+05    5.209E+07    1.881E-02    8.642E-01    8.234E-28     r       4.6
8.397E+08    3.367E-07    8.637E+27    2.077E+05    5.526E+07    1.971E-02    8.578E-01    1.094E-27     r       4.6
8.394E+08    3.464E-07    8.637E+27    2.090E+05    5.691E+07    2.016E-02    8.546E-01    1.258E-27     r       4.6
8.390E+08    3.665E-07    8.637E+27    2.117E+05    6.031E+07    2.110E-02    8.484E-01    1.660E-27     r       4.6
8.388E+08    3.769E-07    8.637E+27    2.130E+05    6.208E+07    2.158E-02    8.453E-01    1.904E-27     r       4.6
8.384E+08    3.984E-07    8.637E+27    2.157E+05    6.572E+07    2.257E-02    8.392E-01    2.497E-27     r       4.6
8.381E+08    4.095E-07    8.637E+27    2.170E+05    6.761E+07    2.308E-02    8.362E-01    2.856E-27     r       4.6
8.377E+08    4.324E-07    8.637E+27    2.197E+05    7.152E+07    2.411E-02    8.303E-01    3.723E-27     r       4.6
8.375E+08    4.442E-07    8.637E+27    2.210E+05    7.354E+07    2.464E-02    8.274E-01    4.245E-27     r       4.6
8.370E+08    4.686E-07    8.637E+27    2.237E+05    7.771E+07    2.573E-02    8.216E-01    5.502E-27     r       4.6
8.368E+08    4.812E-07    8.637E+27    2.251E+05    7.987E+07    2.629E-02    8.188E-01    6.255E-27     r       4.6
8.364E+08    5.072E-07    8.637E+27    2.277E+05    8.433E+07    2.743E-02    8.132E-01    8.064E-27     r       4.6
8.362E+08    5.206E-07    8.637E+27    2.291E+05    8.664E+07    2.802E-02    8.105E-01    9.143E-27     r       4.6
8.357E+08    5.483E-07    8.637E+27    2.318E+05    9.140E+07    2.922E-02    8.050E-01    1.172E-26     r       4.6
8.355E+08    5.626E-07    8.637E+27    2.331E+05    9.385E+07    2.983E-02    8.023E-01    1.326E-26     r       4.6
8.351E+08    5.919E-07    8.637E+27    2.358E+05    9.893E+07    3.108E-02    7.970E-01    1.692E-26     r       4.6
8.349E+08    6.071E-07    8.637E+27    2.372E+05    1.015E+08    3.173E-02    7.944E-01    1.909E-26     r       4.6
8.344E+08    6.383E-07    8.637E+27    2.399E+05    1.069E+08    3.304E-02    7.892E-01    2.423E-26     r       4.6
8.342E+08    6.543E-07    8.637E+27    2.412E+05    1.097E+08    3.371E-02    7.867E-01    2.727E-26     r       4.6
8.338E+08    6.874E-07    8.637E+27    2.439E+05    1.155E+08    3.509E-02    7.816E-01    3.446E-26     r       4.6
8.335E+08    7.045E-07    8.637E+27    2.453E+05    1.184E+08    3.579E-02    7.791E-01    3.869E-26     r       4.6
8.331E+08    7.395E-07    8.637E+27    2.480E+05    1.246E+08    3.723E-02    7.742E-01    4.867E-26     r       4.6
8.329E+08    7.576E-07    8.637E+27    2.493E+05    1.277E+08    3.796E-02    7.718E-01    5.452E-26     r       4.6
8.324E+08    7.947E-07    8.637E+27    2.520E+05    1.342E+08    3.946E-02    7.670E-01    6.828E-26     r       4.6
8.322E+08    8.138E-07    8.637E+27    2.534E+05    1.375E+08    4.023E-02    7.646E-01    7.633E-26     r       4.6
8.318E+08    8.530E-07    8.637E+27    2.561E+05    1.444E+08    4.180E-02    7.599E-01    9.518E-26     r       4.6
8.316E+08    8.732E-07    8.637E+27    2.575E+05    1.480E+08    4.260E-02    7.576E-01    1.062E-25     r       4.6
8.311E+08    9.147E-07    8.637E+27    2.602E+05    1.553E+08    4.423E-02    7.530E-01    1.319E-25     r       4.6
8.303E+08    1.002E-06    8.637E+27    2.657E+05    1.707E+08    4.765E-02    7.441E-01    2.018E-25     r       4.6
8.298E+08    1.049E-06    8.637E+27    2.684E+05    1.789E+08    4.943E-02    7.398E-01    2.487E-25     r       4.6
8.289E+08    1.146E-06    8.637E+27    2.739E+05    1.963E+08    5.313E-02    7.312E-01    3.749E-25     r       4.6
8.285E+08    1.198E-06    8.637E+27    2.766E+05    2.054E+08    5.506E-02    7.271E-01    4.586E-25     r       4.6
8.276E+08    1.306E-06    8.637E+27    2.821E+05    2.248E+08    5.908E-02    7.189E-01    6.816E-25     r       4.6
8.272E+08    1.363E-06    8.637E+27    2.848E+05    2.350E+08    6.117E-02    7.149E-01    8.281E-25     r       4.6
8.263E+08    1.482E-06    8.637E+27    2.904E+05    2.565E+08    6.551E-02    7.071E-01    1.215E-24     r       4.6
8.259E+08    1.545E-06    8.637E+27    2.931E+05    2.678E+08    6.777E-02    7.033E-01    1.466E-24     r       4.6
8.250E+08    1.677E-06    8.637E+27    2.986E+05    2.918E+08    7.246E-02    6.958E-01    2.124E-24     r       4.6
8.246E+08    1.747E-06    8.637E+27    3.014E+05    3.044E+08    7.490E-02    6.921E-01    2.549E-24     r       4.6
8.237E+08    1.892E-06    8.637E+27    3.070E+05    3.309E+08    7.995E-02    6.849E-01    3.649E-24     r       4.6
8.232E+08    1.968E-06    8.637E+27    3.097E+05    3.448E+08    8.257E-02    6.814E-01    4.354E-24     r       4.6
8.224E+08    2.128E-06    8.637E+27    3.153E+05    3.741E+08    8.801E-02    6.745E-01    6.164E-24     r       4.6
8.219E+08    2.212E-06    8.637E+27    3.181E+05    3.894E+08    9.083E-02    6.711E-01    7.315E-24     r       4.6
8.211E+08    2.387E-06    8.637E+27    3.237E+05    4.217E+08    9.667E-02    6.645E-01    1.025E-23     r       4.6
8.206E+08    2.478E-06    8.637E+27    3.265E+05    4.387E+08    9.969E-02    6.612E-01    1.210E-23     r       4.6
8.197E+08    2.669E-06    8.637E+27    3.321E+05    4.742E+08    1.060E-01    6.548E-01    1.679E-23     r       4.6
8.193E+08    2.769E-06    8.637E+27    3.349E+05    4.928E+08    1.092E-01    6.517E-01    1.973E-23     r       4.6
8.184E+08    2.978E-06    8.637E+27    3.405E+05    5.318E+08    1.159E-01    6.456E-01    2.712E-23     r       4.6
8.180E+08    3.087E-06    8.637E+27    3.433E+05    5.522E+08    1.194E-01    6.425E-01    3.172E-23     r       4.6
8.171E+08    3.314E-06    8.637E+27    3.490E+05    5.950E+08    1.265E-01    6.366E-01    4.321E-23     r       4.6
8.167E+08    3.433E-06    8.637E+27    3.518E+05    6.173E+08    1.302E-01    6.337E-01    5.033E-23     r       4.6
8.158E+08    3.680E-06    8.637E+27    3.575E+05    6.641E+08    1.379E-01    6.280E-01    6.799E-23     r       4.6
8.154E+08    3.808E-06    8.637E+27    3.603E+05    6.886E+08    1.418E-01    6.251E-01    7.886E-23     r       4.6
8.145E+08    4.076E-06    8.637E+27    3.660E+05    7.396E+08    1.500E-01    6.196E-01    1.057E-22     r       4.6
8.141E+08    4.216E-06    8.637E+27    3.688E+05    7.663E+08    1.542E-01    6.169E-01    1.221E-22     r       4.6
8.132E+08    4.506E-06    8.637E+27    3.745E+05    8.220E+08    1.629E-01    6.115E-01    1.624E-22     r       4.6
8.127E+08    4.657E-06    8.637E+27    3.774E+05    8.510E+08    1.674E-01    6.089E-01    1.869E-22     r       4.6
8.119E+08    4.971E-06    8.637E+27    3.831E+05    9.116E+08    1.767E-01    6.037E-01    2.468E-22     r       4.6
8.114E+08    5.134E-06    8.637E+27    3.860E+05    9.432E+08    1.814E-01    6.012E-01    2.831E-22     r       4.6
8.106E+08    5.473E-06    8.637E+27    3.917E+05    1.009E+09    1.913E-01    5.962E-01    3.712E-22     r       4.6
8.101E+08    5.649E-06    8.637E+27    3.946E+05    1.043E+09    1.963E-01    5.937E-01    4.243E-22     r       4.6
8.092E+08    6.015E-06    8.637E+27    4.004E+05    1.115E+09    2.068E-01    5.889E-01    5.527E-22     r       4.6
8.088E+08    6.204E-06    8.637E+27    4.032E+05    1.152E+09    2.121E-01    5.865E-01    6.298E-22     r       4.6
8.079E+08    6.598E-06    8.637E+27    4.090E+05    1.229E+09    2.232E-01    5.818E-01    8.152E-22     r       4.6
8.075E+08    6.802E-06    8.637E+27    4.119E+05    1.270E+09    2.289E-01    5.795E-01    9.260E-22     r       4.6
8.066E+08    7.225E-06    8.637E+27    4.177E+05    1.353E+09    2.406E-01    5.749E-01    1.191E-21     r       4.6
8.062E+08    7.444E-06    8.637E+27    4.206E+05    1.397E+09    2.467E-01    5.727E-01    1.349E-21     r       4.6
8.053E+08    7.898E-06    8.637E+27    4.264E+05    1.488E+09    2.591E-01    5.683E-01    1.726E-21     r       4.6
8.049E+08    8.133E-06    8.637E+27    4.294E+05    1.535E+09    2.655E-01    5.661E-01    1.949E-21     r       4.6
8.040E+08    8.620E-06    8.637E+27    4.352E+05    1.632E+09    2.786E-01    5.618E-01    2.480E-21     r       4.6
8.035E+08    8.872E-06    8.637E+27    4.381E+05    1.683E+09    2.853E-01    5.597E-01    2.793E-21     r       4.6
8.027E+08    9.393E-06    8.637E+27    4.440E+05    1.788E+09    2.992E-01    5.555E-01    3.534E-21     r       4.6
8.022E+08    9.663E-06    8.637E+27    4.469E+05    1.843E+09    3.063E-01    5.535E-01    3.971E-21     r       4.6
8.014E+08    1.022E-05    8.637E+27    4.528E+05    1.956E+09    3.209E-01    5.494E-01    4.999E-21     r       4.6
8.009E+08    1.051E-05    8.637E+27    4.557E+05    2.015E+09    3.285E-01    5.474E-01    5.602E-21     r       4.6
8.000E+08    1.110E-05    8.637E+27    4.616E+05    2.137E+09    3.439E-01    5.435E-01    7.018E-21     r       4.6
7.996E+08    1.141E-05    8.637E+27    4.646E+05    2.200E+09    3.518E-01    5.415E-01    7.846E-21     r       4.6
7.987E+08    1.205E-05    8.637E+27    4.705E+05    2.331E+09    3.681E-01    5.377E-01    9.784E-21     r       4.6
7.983E+08    1.238E-05    8.637E+27    4.735E+05    2.399E+09    3.764E-01    5.358E-01    1.091E-20     r       4.6
7.974E+08    1.305E-05    8.637E+27    4.794E+05    2.540E+09    3.936E-01    5.321E-01    1.355E-20     r       4.6
7.970E+08    1.340E-05    8.637E+27    4.824E+05    2.613E+09    4.024E-01    5.302E-01    1.508E-20     r       4.6
7.961E+08    1.413E-05    8.637E+27    4.884E+05    2.763E+09    4.204E-01    5.266E-01    1.863E-20     r       4.6
7.957E+08    1.450E-05    8.637E+27    4.913E+05    2.841E+09    4.296E-01    5.248E-01    2.069E-20     r       4.6
7.948E+08    1.527E-05    8.637E+27    4.973E+05    3.003E+09    4.486E-01    5.212E-01    2.547E-20     r       4.6
7.943E+08    1.566E-05    8.637E+27    5.003E+05    3.086E+09    4.583E-01    5.195E-01    2.823E-20     r       4.6
7.935E+08    1.648E-05    8.637E+27    5.063E+05    3.259E+09    4.783E-01    5.160E-01    3.460E-20     r       4.6
7.930E+08    1.690E-05    8.637E+27    5.093E+05    3.348E+09    4.885E-01    5.143E-01    3.828E-20     r       4.6
7.922E+08    1.777E-05    8.637E+27    5.154E+05    3.533E+09    5.094E-01    5.110E-01    4.674E-20     r       4.6
7.917E+08    1.821E-05    8.637E+27    5.184E+05    3.628E+09    5.201E-01    5.093E-01    5.160E-20     r       4.6
7.908E+08    1.913E-05    8.637E+27    5.244E+05    3.825E+09    5.421E-01    5.060E-01    6.278E-20     r       4.6
7.904E+08    1.961E-05    8.637E+27    5.275E+05    3.927E+09    5.533E-01    5.044E-01    6.918E-20     r       4.6
7.895E+08    2.058E-05    8.637E+27    5.335E+05    4.138E+09    5.763E-01    5.012E-01    8.385E-20     r       4.6
7.891E+08    2.108E-05    8.637E+27    5.366E+05    4.246E+09    5.881E-01    4.996E-01    9.224E-20     r       4.6
7.882E+08    2.212E-05    8.637E+27    5.426E+05    4.471E+09    6.123E-01    4.965E-01    1.114E-19     r       4.6
7.878E+08    2.265E-05    8.637E+27    5.457E+05    4.586E+09    6.246E-01    4.949E-01    1.224E-19     r       4.6
7.869E+08    2.374E-05    8.637E+27    5.518E+05    4.825E+09    6.499E-01    4.919E-01    1.473E-19     r       4.6
7.865E+08    2.430E-05    8.637E+27    5.549E+05    4.949E+09    6.629E-01    4.904E-01    1.615E-19     r       4.6
7.856E+08    2.546E-05    8.637E+27    5.610E+05    5.203E+09    6.893E-01    4.874E-01    1.938E-19     r       4.6
7.852E+08    2.605E-05    8.637E+27    5.641E+05    5.334E+09    7.029E-01    4.859E-01    2.121E-19     r       4.6
7.843E+08    2.727E-05    8.637E+27    5.702E+05    5.605E+09    7.306E-01    4.830E-01    2.537E-19     r       4.6
7.838E+08    2.790E-05    8.637E+27    5.733E+05    5.744E+09    7.448E-01    4.815E-01    2.773E-19     r       4.6
7.830E+08    2.919E-05    8.637E+27    5.795E+05    6.032E+09    7.737E-01    4.787E-01    3.307E-19     r       4.6
7.825E+08    2.985E-05    8.637E+27    5.826E+05    6.180E+09    7.885E-01    4.773E-01    3.609E-19     r       4.6
7.817E+08    3.121E-05    8.637E+27    5.888E+05    6.485E+09    8.188E-01    4.745E-01    4.291E-19     r       4.6
7.799E+08    3.408E-05    8.637E+27    6.012E+05    7.134E+09    8.821E-01    4.690E-01    6.033E-19     r       4.6
7.790E+08    3.559E-05    8.637E+27    6.074E+05    7.478E+09    9.152E-01    4.664E-01    7.133E-19     r       4.6
7.773E+08    3.877E-05    8.637E+27    6.199E+05    8.206E+09    9.841E-01    4.611E-01    9.919E-19     r       4.6
7.764E+08    4.044E-05    8.637E+27    6.262E+05    8.592E+09    1.020E+00    4.586E-01    1.167E-18     r       4.6
7.746E+08    4.396E-05    8.637E+27    6.388E+05    9.410E+09    1.095E+00    4.535E-01    1.606E-18     r       4.6
7.738E+08    4.581E-05    8.637E+27    6.452E+05    9.842E+09    1.134E+00    4.511E-01    1.880E-18     r       4.6
7.720E+08    4.969E-05    8.637E+27    6.579E+05    1.076E+10    1.216E+00    4.463E-01    2.562E-18     r       4.6
7.711E+08    5.172E-05    8.637E+27    6.642E+05    1.124E+10    1.258E+00    4.439E-01    2.985E-18     r       4.6
7.694E+08    5.600E-05    8.637E+27    6.770E+05    1.226E+10    1.347E+00    4.393E-01    4.032E-18     r       4.6
7.685E+08    5.824E-05    8.637E+27    6.834E+05    1.280E+10    1.393E+00    4.370E-01    4.677E-18     r       4.6
7.668E+08    6.293E-05    8.637E+27    6.963E+05    1.393E+10    1.488E+00    4.326E-01    6.264E-18     r       4.6
7.659E+08    6.539E-05    8.637E+27    7.028E+05    1.453E+10    1.538E+00    4.304E-01    7.234E-18     r       4.6
7.641E+08    7.053E-05    8.637E+27    7.157E+05    1.580E+10    1.641E+00    4.261E-01    9.611E-18     r       4.6
7.633E+08    7.323E-05    8.637E+27    7.223E+05    1.646E+10    1.695E+00    4.240E-01    1.106E-17     r       4.6
7.615E+08    7.885E-05    8.637E+27    7.353E+05    1.786E+10    1.807E+00    4.198E-01    1.458E-17     r       4.6
7.606E+08    8.179E-05    8.637E+27    7.419E+05    1.860E+10    1.864E+00    4.178E-01    1.671E-17     r       4.6
7.589E+08    8.794E-05    8.637E+27    7.550E+05    2.015E+10    1.985E+00    4.138E-01    2.187E-17     r       4.6
7.580E+08    9.115E-05    8.637E+27    7.616E+05    2.096E+10    2.047E+00    4.119E-01    2.497E-17     r       4.6
7.563E+08    9.784E-05    8.637E+27    7.749E+05    2.267E+10    2.177E+00    4.080E-01    3.246E-17     r       4.5
7.554E+08    1.013E-04    8.637E+27    7.815E+05    2.357E+10    2.244E+00    4.061E-01    3.694E-17     r       4.6
7.536E+08    1.086E-04    8.637E+27    7.949E+05    2.546E+10    2.383E+00    4.024E-01    4.770E-17     r       4.5
7.528E+08    1.124E-04    8.637E+27    8.016E+05    2.645E+10    2.455E+00    4.006E-01    5.412E-17     r       4.6
7.510E+08    1.203E-04    8.637E+27    8.150E+05    2.853E+10    2.604E+00    3.969E-01    6.944E-17     r       4.5
7.501E+08    1.244E-04    8.637E+27    8.218E+05    2.962E+10    2.682E+00    3.952E-01    7.855E-17     r       4.5
7.484E+08    1.330E-04    8.637E+27    8.353E+05    3.191E+10    2.842E+00    3.917E-01    1.002E-16     r       4.5
7.475E+08    1.375E-04    8.637E+27    8.421E+05    3.311E+10    2.925E+00    3.900E-01    1.130E-16     r       4.5
7.457E+08    1.468E-04    8.637E+27    8.558E+05    3.562E+10    3.097E+00    3.866E-01    1.433E-16     r       4.5
7.449E+08    1.516E-04    8.637E+27    8.626E+05    3.693E+10    3.186E+00    3.849E-01    1.612E-16     r       4.5
7.431E+08    1.616E-04    8.637E+27    8.763E+05    3.968E+10    3.369E+00    3.817E-01    2.033E-16     r       4.5
7.422E+08    1.668E-04    8.637E+27    8.832E+05    4.112E+10    3.464E+00    3.801E-01    2.281E-16     r       4.5
7.405E+08    1.777E-04    8.637E+27    8.971E+05    4.414E+10    3.661E+00    3.769E-01    2.862E-16     r       4.5
7.396E+08    1.833E-04    8.637E+27    9.040E+05    4.571E+10    3.763E+00    3.753E-01    3.203E-16     r       4.5
7.379E+08    1.950E-04    8.637E+27    9.180E+05    4.901E+10    3.972E+00    3.722E-01    3.999E-16     r       4.5
7.370E+08    2.010E-04    8.637E+27    9.250E+05    5.073E+10    4.081E+00    3.707E-01    4.464E-16     r       4.5
7.352E+08    2.136E-04    8.637E+27    9.390E+05    5.432E+10    4.305E+00    3.677E-01    5.548E-16     r       4.5
7.344E+08    2.201E-04    8.637E+27    9.461E+05    5.620E+10    4.421E+00    3.663E-01    6.178E-16     r       4.5
7.326E+08    2.336E-04    8.637E+27    9.602E+05    6.012E+10    4.660E+00    3.634E-01    7.643E-16     r       4.5
7.317E+08    2.406E-04    8.637E+27    9.673E+05    6.217E+10    4.783E+00    3.619E-01    8.492E-16     r       4.5
7.300E+08    2.551E-04    8.637E+27    9.816E+05    6.644E+10    5.038E+00    3.591E-01    1.046E-15     r       4.5
7.291E+08    2.626E-04    8.637E+27    9.887E+05    6.867E+10    5.169E+00    3.577E-01    1.160E-15     r       4.5
7.274E+08    2.782E-04    8.637E+27    1.003E+06    7.332E+10    5.440E+00    3.550E-01    1.423E-15     r       4.5
7.265E+08    2.863E-04    8.637E+27    1.010E+06    7.574E+10    5.580E+00    3.536E-01    1.574E-15     r       4.5
7.247E+08    3.029E-04    8.637E+27    1.025E+06    8.080E+10    5.868E+00    3.509E-01    1.924E-15     r       4.5
7.239E+08    3.115E-04    8.637E+27    1.032E+06    8.343E+10    6.017E+00    3.496E-01    2.124E-15     r       4.5
7.221E+08    3.294E-04    8.637E+27    1.047E+06    8.891E+10    6.323E+00    3.470E-01    2.585E-15     r       4.5
7.212E+08    3.386E-04    8.637E+27    1.054E+06    9.177E+10    6.481E+00    3.457E-01    2.850E-15     r       4.5
7.195E+08    3.577E-04    8.637E+27    1.069E+06    9.772E+10    6.807E+00    3.432E-01    3.456E-15     r       4.5
7.186E+08    3.675E-04    8.637E+27    1.076E+06    1.008E+11    6.975E+00    3.419E-01    3.802E-15     r       4.5
7.168E+08    3.879E-04    8.637E+27    1.091E+06    1.073E+11    7.320E+00    3.395E-01    4.594E-15     r       4.5
7.160E+08    3.984E-04    8.637E+27    1.098E+06    1.106E+11    7.498E+00    3.382E-01    5.046E-15     r       4.5
7.142E+08    4.201E-04    8.637E+27    1.113E+06    1.176E+11    7.865E+00    3.358E-01    6.076E-15     r       4.5
7.133E+08    4.314E-04    8.637E+27    1.121E+06    1.212E+11    8.053E+00    3.346E-01    6.662E-15     r       4.5
7.116E+08    4.545E-04    8.637E+27    1.136E+06    1.288E+11    8.442E+00    3.323E-01    7.997E-15     r       4.5
7.107E+08    4.665E-04    8.637E+27    1.143E+06    1.327E+11    8.642E+00    3.311E-01    8.754E-15     r       4.5
7.090E+08    4.911E-04    8.637E+27    1.158E+06    1.409E+11    9.054E+00    3.288E-01    1.047E-14     r       4.5
7.081E+08    5.039E-04    8.637E+27    1.166E+06    1.451E+11    9.266E+00    3.277E-01    1.145E-14     r       4.5
7.063E+08    5.301E-04    8.637E+27    1.181E+06    1.539E+11    9.701E+00    3.255E-01    1.365E-14     r       4.5
7.055E+08    5.436E-04    8.637E+27    1.189E+06    1.585E+11    9.926E+00    3.244E-01    1.490E-14     r       4.5
7.037E+08    5.715E-04    8.637E+27    1.204E+06    1.680E+11    1.039E+01    3.222E-01    1.772E-14     r       4.5
7.028E+08    5.859E-04    8.637E+27    1.212E+06    1.729E+11    1.062E+01    3.211E-01    1.931E-14     r       4.5
7.011E+08    6.155E-04    8.637E+27    1.227E+06    1.832E+11    1.111E+01    3.190E-01    2.290E-14     r       4.5
7.002E+08    6.308E-04    8.637E+27    1.235E+06    1.885E+11    1.136E+01    3.179E-01    2.492E-14     r       4.5
6.985E+08    6.622E-04    8.637E+27    1.251E+06    1.995E+11    1.188E+01    3.158E-01    2.948E-14     r       4.5
6.976E+08    6.784E-04    8.637E+27    1.259E+06    2.053E+11    1.214E+01    3.148E-01    3.203E-14     r       4.5
6.958E+08    7.117E-04    8.637E+27    1.274E+06    2.171E+11    1.269E+01    3.127E-01    3.778E-14     r       4.5
6.950E+08    7.289E-04    8.637E+27    1.282E+06    2.233E+11    1.297E+01    3.117E-01    4.101E-14     r       4.5
6.932E+08    7.642E-04    8.637E+27    1.298E+06    2.361E+11    1.354E+01    3.097E-01    4.824E-14     r       4.5
6.923E+08    7.824E-04    8.637E+27    1.306E+06    2.427E+11    1.384E+01    3.087E-01    5.229E-14     r       4.5
6.906E+08    8.198E-04    8.637E+27    1.322E+06    2.565E+11    1.445E+01    3.068E-01    6.137E-14     r       4.5
6.897E+08    8.390E-04    8.637E+27    1.330E+06    2.636E+11    1.476E+01    3.058E-01    6.644E-14     r       4.5
6.879E+08    8.786E-04    8.637E+27    1.346E+06    2.783E+11    1.540E+01    3.039E-01    7.779E-14     r       4.5
6.871E+08    8.989E-04    8.637E+27    1.354E+06    2.860E+11    1.573E+01    3.030E-01    8.412E-14     r       4.5
6.853E+08    9.408E-04    8.637E+27    1.370E+06    3.018E+11    1.640E+01    3.011E-01    9.825E-14     r       4.5
6.844E+08    9.623E-04    8.637E+27    1.378E+06    3.100E+11    1.675E+01    3.002E-01    1.061E-13     r       4.5
6.827E+08    1.006E-03    8.637E+27    1.395E+06    3.270E+11    1.746E+01    2.983E-01    1.237E-13     r       4.5
6.818E+08    1.029E-03    8.637E+27    1.403E+06    3.358E+11    1.782E+01    2.974E-01    1.334E-13     r       4.5
6.801E+08    1.076E-03    8.637E+27    1.420E+06    3.541E+11    1.857E+01    2.956E-01    1.552E-13     r       4.5
6.792E+08    1.100E-03    8.637E+27    1.428E+06    3.635E+11    1.896E+01    2.947E-01    1.672E-13     r       4.5
6.774E+08    1.149E-03    8.637E+27    1.444E+06    3.830E+11    1.975E+01    2.930E-01    1.941E-13     r       4.5
6.766E+08    1.174E-03    8.637E+27    1.453E+06    3.931E+11    2.015E+01    2.921E-01    2.089E-13     r       4.5
6.748E+08    1.226E-03    8.637E+27    1.469E+06    4.141E+11    2.098E+01    2.904E-01    2.419E-13     r       4.5
6.739E+08    1.253E-03    8.637E+27    1.478E+06    4.249E+11    2.141E+01    2.895E-01    2.602E-13     r       4.5
6.722E+08    1.308E-03    8.637E+27    1.495E+06    4.473E+11    2.228E+01    2.878E-01    3.007E-13     r       4.5
6.713E+08    1.336E-03    8.637E+27    1.503E+06    4.589E+11    2.273E+01    2.870E-01    3.231E-13     r       4.5
6.696E+08    1.394E-03    8.637E+27    1.520E+06    4.828E+11    2.365E+01    2.853E-01    3.727E-13     r       4.5
6.687E+08    1.423E-03    8.637E+27    1.529E+06    4.952E+11    2.412E+01    2.845E-01    4.001E-13     r       4.5
6.669E+08    1.484E-03    8.637E+27    1.546E+06    5.208E+11    2.509E+01    2.829E-01    4.607E-13     r       4.5
6.661E+08    1.515E-03    8.637E+27    1.555E+06    5.341E+11    2.559E+01    2.820E-01    4.941E-13     r       4.5
6.643E+08    1.579E-03    8.637E+27    1.572E+06    5.614E+11    2.660E+01    2.804E-01    5.678E-13     r       4.5
6.634E+08    1.612E-03    8.637E+27    1.580E+06    5.756E+11    2.712E+01    2.797E-01    6.084E-13     r       4.5
6.617E+08    1.679E-03    8.637E+27    1.598E+06    6.048E+11    2.819E+01    2.781E-01    6.980E-13     r       4.5
6.608E+08    1.713E-03    8.637E+27    1.607E+06    6.199E+11    2.874E+01    2.773E-01    7.473E-13     r       4.5
6.591E+08    1.784E-03    8.637E+27    1.624E+06    6.512E+11    2.986E+01    2.758E-01    8.558E-13     r       4.5
6.582E+08    1.820E-03    8.637E+27    1.633E+06    6.673E+11    3.043E+01    2.750E-01    9.155E-13     r       4.5
6.564E+08    1.894E-03    8.637E+27    1.651E+06    7.006E+11    3.161E+01    2.735E-01    1.047E-12     r       4.5
6.529E+08    2.050E-03    8.637E+27    1.686E+06    7.717E+11    3.408E+01    2.705E-01    1.364E-12     r       4.5
6.512E+08    2.131E-03    8.637E+27    1.704E+06    8.096E+11    3.538E+01    2.690E-01    1.554E-12     r       4.5
6.477E+08    2.303E-03    8.637E+27    1.741E+06    8.904E+11    3.810E+01    2.662E-01    2.013E-12     r       4.5
6.459E+08    2.393E-03    8.637E+27    1.759E+06    9.335E+11    3.953E+01    2.648E-01    2.287E-12     r       4.5
6.424E+08    2.581E-03    8.637E+27    1.796E+06    1.025E+12    4.252E+01    2.620E-01    2.944E-12     r       4.5
6.407E+08    2.680E-03    8.637E+27    1.815E+06    1.074E+12    4.409E+01    2.606E-01    3.335E-12     r       4.5
6.372E+08    2.886E-03    8.637E+27    1.852E+06    1.178E+12    4.737E+01    2.579E-01    4.269E-12     r       4.5
6.354E+08    2.994E-03    8.637E+27    1.871E+06    1.233E+12    4.910E+01    2.566E-01    4.824E-12     r       4.5
6.319E+08    3.220E-03    8.637E+27    1.909E+06    1.350E+12    5.270E+01    2.540E-01    6.143E-12     r       4.5
6.302E+08    3.338E-03    8.637E+27    1.928E+06    1.413E+12    5.459E+01    2.527E-01    6.923E-12     r       4.5
6.266E+08    3.585E-03    8.637E+27    1.967E+06    1.546E+12    5.854E+01    2.502E-01    8.771E-12     r       4.5
6.249E+08    3.714E-03    8.637E+27    1.987E+06    1.616E+12    6.060E+01    2.489E-01    9.861E-12     r       4.5
6.214E+08    3.984E-03    8.637E+27    2.026E+06    1.766E+12    6.493E+01    2.465E-01    1.243E-11     r       4.5
6.196E+08    4.125E-03    8.637E+27    2.046E+06    1.845E+12    6.719E+01    2.453E-01    1.395E-11     r       4.5
6.161E+08    4.418E-03    8.637E+27    2.086E+06    2.014E+12    7.193E+01    2.429E-01    1.750E-11     r       4.5
6.144E+08    4.572E-03    8.637E+27    2.106E+06    2.103E+12    7.440E+01    2.417E-01    1.959E-11     r       4.5
6.109E+08    4.891E-03    8.637E+27    2.147E+06    2.293E+12    7.957E+01    2.394E-01    2.448E-11     r       4.5
6.091E+08    5.058E-03    8.637E+27    2.168E+06    2.394E+12    8.228E+01    2.383E-01    2.734E-11     r       4.5
6.056E+08    5.405E-03    8.637E+27    2.209E+06    2.607E+12    8.793E+01    2.360E-01    3.403E-11     r       4.5
6.039E+08    5.586E-03    8.637E+27    2.230E+06    2.720E+12    9.088E+01    2.349E-01    3.792E-11     r       4.5
6.004E+08    5.963E-03    8.637E+27    2.273E+06    2.960E+12    9.704E+01    2.327E-01    4.701E-11     r       4.5
5.986E+08    6.159E-03    8.637E+27    2.294E+06    3.086E+12    1.003E+02    2.317E-01    5.229E-11     r       4.5
5.951E+08    6.567E-03    8.637E+27    2.337E+06    3.355E+12    1.070E+02    2.295E-01    6.458E-11     r       4.5
5.934E+08    6.780E-03    8.637E+27    2.359E+06    3.497E+12    1.105E+02    2.285E-01    7.171E-11     r       4.5
5.899E+08    7.222E-03    8.637E+27    2.402E+06    3.798E+12    1.178E+02    2.264E-01    8.824E-11     r       4.5
5.881E+08    7.451E-03    8.637E+27    2.424E+06    3.958E+12    1.217E+02    2.254E-01    9.780E-11     r       4.5
5.846E+08    7.929E-03    8.637E+27    2.469E+06    4.295E+12    1.296E+02    2.234E-01    1.199E-10     r       4.5
5.829E+08    8.177E-03    8.637E+27    2.491E+06    4.473E+12    1.338E+02    2.224E-01    1.327E-10     r       4.5
5.794E+08    8.693E-03    8.637E+27    2.537E+06    4.850E+12    1.425E+02    2.204E-01    1.622E-10     r       4.5
5.776E+08    8.961E-03    8.637E+27    2.560E+06    5.050E+12    1.470E+02    2.194E-01    1.792E-10     r       4.5
5.741E+08    9.518E-03    8.637E+27    2.606E+06    5.471E+12    1.565E+02    2.175E-01    2.184E-10     r       4.5
5.724E+08    9.807E-03    8.637E+27    2.629E+06    5.694E+12    1.614E+02    2.165E-01    2.408E-10     r       4.5
5.689E+08    1.041E-02    8.637E+27    2.676E+06    6.165E+12    1.717E+02    2.147E-01    2.926E-10     r       4.5
5.671E+08    1.072E-02    8.637E+27    2.700E+06    6.413E+12    1.770E+02    2.137E-01    3.222E-10     r       4.5
5.636E+08    1.136E-02    8.637E+27    2.748E+06    6.938E+12    1.882E+02    2.119E-01    3.903E-10     r       4.5
5.618E+08    1.170E-02    8.637E+27    2.772E+06    7.216E+12    1.940E+02    2.110E-01    4.292E-10     r       4.5
5.583E+08    1.239E-02    8.637E+27    2.821E+06    7.802E+12    2.061E+02    2.092E-01    5.185E-10     r       4.5
5.566E+08    1.275E-02    8.637E+27    2.845E+06    8.111E+12    2.125E+02    2.083E-01    5.694E-10     r       4.5
5.531E+08    1.350E-02    8.637E+27    2.895E+06    8.764E+12    2.256E+02    2.065E-01    6.860E-10     r       4.5
5.513E+08    1.388E-02    8.637E+27    2.920E+06    9.108E+12    2.325E+02    2.057E-01    7.524E-10     r       4.5
5.478E+08    1.469E-02    8.637E+27    2.971E+06    9.835E+12    2.468E+02    2.040E-01    9.041E-10     r       4.5
5.461E+08    1.510E-02    8.637E+27    2.996E+06    1.022E+13    2.542E+02    2.031E-01    9.904E-10     r       4.5
5.426E+08    1.596E-02    8.637E+27    3.048E+06    1.103E+13    2.697E+02    2.014E-01    1.187E-09     r       4.5
5.408E+08    1.640E-02    8.637E+27    3.074E+06    1.145E+13    2.778E+02    2.006E-01    1.299E-09     r       4.5
5.373E+08    1.732E-02    8.637E+27    3.126E+06    1.235E+13    2.946E+02    1.989E-01    1.553E-09     r       4.5
5.356E+08    1.780E-02    8.637E+27    3.153E+06    1.283E+13    3.033E+02    1.981E-01    1.697E-09     r       4.5
5.321E+08    1.878E-02    8.637E+27    3.206E+06    1.383E+13    3.215E+02    1.965E-01    2.025E-09     r       4.5
5.303E+08    1.929E-02    8.637E+27    3.233E+06    1.436E+13    3.310E+02    1.957E-01    2.211E-09     r       4.5
5.268E+08    2.035E-02    8.637E+27    3.288E+06    1.547E+13    3.507E+02    1.941E-01    2.632E-09     r       4.5
5.251E+08    2.089E-02    8.637E+27    3.316E+06    1.605E+13    3.609E+02    1.933E-01    2.870E-09     r       4.5
5.216E+08    2.202E-02    8.637E+27    3.371E+06    1.729E+13    3.823E+02    1.918E-01    3.409E-09     r       4.4
5.198E+08    2.260E-02    8.637E+27    3.399E+06    1.794E+13    3.934E+02    1.910E-01    3.713E-09     r       4.4
5.163E+08    2.380E-02    8.637E+27    3.456E+06    1.931E+13    4.165E+02    1.895E-01    4.402E-09     r       4.4
5.146E+08    2.442E-02    8.637E+27    3.485E+06    2.003E+13    4.285E+02    1.887E-01    4.790E-09     r       4.4
5.111E+08    2.570E-02    8.637E+27    3.543E+06    2.155E+13    4.535E+02    1.872E-01    5.667E-09     r       4.4
5.093E+08    2.637E-02    8.637E+27    3.572E+06    2.235E+13    4.665E+02    1.864E-01    6.161E-09     r       4.4
5.058E+08    2.773E-02    8.637E+27    3.631E+06    2.404E+13    4.935E+02    1.850E-01    7.275E-09     r       4.4
5.040E+08    2.844E-02    8.637E+27    3.660E+06    2.492E+13    5.076E+02    1.842E-01    7.902E-09     r       4.4
5.005E+08    2.990E-02    8.637E+27    3.721E+06    2.679E+13    5.368E+02    1.828E-01    9.314E-09     r       4.4
4.988E+08    3.065E-02    8.637E+27    3.751E+06    2.778E+13    5.520E+02    1.821E-01    1.011E-08     r       4.4
4.953E+08    3.220E-02    8.637E+27    3.812E+06    2.985E+13    5.836E+02    1.806E-01    1.189E-08     r       4.4
4.935E+08    3.300E-02    8.637E+27    3.843E+06    3.093E+13    6.001E+02    1.799E-01    1.289E-08     r       4.4
4.900E+08    3.465E-02    8.637E+27    3.906E+06    3.323E+13    6.342E+02    1.785E-01    1.514E-08     r       4.4
4.883E+08    3.550E-02    8.637E+27    3.937E+06    3.443E+13    6.520E+02    1.778E-01    1.640E-08     r       4.4
4.848E+08    3.726E-02    8.637E+27    4.001E+06    3.697E+13    6.888E+02    1.764E-01    1.923E-08     r       4.4
4.830E+08    3.816E-02    8.637E+27    4.034E+06    3.830E+13    7.080E+02    1.757E-01    2.082E-08     r       4.4
4.795E+08    4.003E-02    8.637E+27    4.099E+06    4.111E+13    7.478E+02    1.744E-01    2.437E-08     r       4.4
4.778E+08    4.099E-02    8.637E+27    4.132E+06    4.259E+13    7.685E+02    1.737E-01    2.636E-08     r       4.4
4.743E+08    4.297E-02    8.637E+27    4.198E+06    4.569E+13    8.115E+02    1.723E-01    3.081E-08     r       4.4
4.725E+08    4.399E-02    8.637E+27    4.232E+06    4.733E+13    8.338E+02    1.717E-01    3.330E-08     r       4.4
4.690E+08    4.609E-02    8.637E+27    4.299E+06    5.076E+13    8.802E+02    1.703E-01    3.886E-08     r       4.4
4.673E+08    4.717E-02    8.637E+27    4.334E+06    5.256E+13    9.043E+02    1.697E-01    4.196E-08     r       4.4
4.638E+08    4.940E-02    8.637E+27    4.403E+06    5.636E+13    9.544E+02    1.684E-01    4.890E-08     r       4.4
4.620E+08    5.055E-02    8.637E+27    4.438E+06    5.835E+13    9.804E+02    1.677E-01    5.277E-08     r       4.4
4.585E+08    5.291E-02    8.637E+27    4.509E+06    6.255E+13    1.034E+03    1.664E-01    6.140E-08     r       4.4
4.568E+08    5.412E-02    8.637E+27    4.544E+06    6.475E+13    1.062E+03    1.658E-01    6.621E-08     r       4.4
4.533E+08    5.662E-02    8.637E+27    4.616E+06    6.938E+13    1.121E+03    1.645E-01    7.693E-08     r       4.4
4.515E+08    5.791E-02    8.637E+27    4.653E+06    7.181E+13    1.151E+03    1.639E-01    8.290E-08     r       4.4
4.480E+08    6.055E-02    8.637E+27    4.726E+06    7.692E+13    1.214E+03    1.626E-01    9.620E-08     r       4.4
4.462E+08    6.191E-02    8.637E+27    4.764E+06    7.961E+13    1.246E+03    1.620E-01    1.036E-07     r       4.4
4.427E+08    6.471E-02    8.637E+27    4.839E+06    8.525E+13    1.314E+03    1.607E-01    1.200E-07     r       4.4
4.410E+08    6.615E-02    8.637E+27    4.877E+06    8.821E+13    1.349E+03    1.601E-01    1.292E-07     r       4.4
4.375E+08    6.910E-02    8.637E+27    4.953E+06    9.444E+13    1.422E+03    1.589E-01    1.495E-07     r       4.4
4.357E+08    7.062E-02    8.637E+27    4.992E+06    9.770E+13    1.459E+03    1.582E-01    1.608E-07     r       4.4
4.322E+08    7.375E-02    8.637E+27    5.071E+06    1.046E+14    1.538E+03    1.570E-01    1.859E-07     r       4.4
4.305E+08    7.535E-02    8.637E+27    5.110E+06    1.082E+14    1.578E+03    1.564E-01    1.998E-07     r       4.4
4.270E+08    7.864E-02    8.637E+27    5.190E+06    1.157E+14    1.663E+03    1.552E-01    2.306E-07     r       4.3
4.252E+08    8.034E-02    8.637E+27    5.231E+06    1.197E+14    1.706E+03    1.546E-01    2.477E-07     r       4.3
4.217E+08    8.381E-02    8.637E+27    5.312E+06    1.280E+14    1.797E+03    1.534E-01    2.856E-07     r       4.3
4.200E+08    8.560E-02    8.637E+27    5.354E+06    1.324E+14    1.844E+03    1.528E-01    3.066E-07     r       4.3
4.165E+08    8.926E-02    8.637E+27    5.437E+06    1.416E+14    1.942E+03    1.516E-01    3.530E-07     r       4.3
4.147E+08    9.114E-02    8.637E+27    5.479E+06    1.464E+14    1.993E+03    1.510E-01    3.788E-07     r       4.3
4.112E+08    9.500E-02    8.637E+27    5.565E+06    1.565E+14    2.098E+03    1.498E-01    4.357E-07     r       4.3
4.095E+08    9.698E-02    8.637E+27    5.608E+06    1.618E+14    2.152E+03    1.492E-01    4.671E-07     r       4.3
4.060E+08    1.010E-01    8.637E+27    5.695E+06    1.730E+14    2.265E+03    1.481E-01    5.367E-07     r       4.3
4.042E+08    1.031E-01    8.637E+27    5.739E+06    1.788E+14    2.323E+03    1.475E-01    5.751E-07     r       4.3
4.007E+08    1.074E-01    8.637E+27    5.828E+06    1.910E+14    2.445E+03    1.463E-01    6.600E-07     r       4.3
3.990E+08    1.096E-01    8.637E+27    5.873E+06    1.975E+14    2.507E+03    1.457E-01    7.069E-07     r       4.3
3.955E+08    1.141E-01    8.637E+27    5.964E+06    2.109E+14    2.638E+03    1.446E-01    8.103E-07     r       4.3
3.937E+08    1.164E-01    8.637E+27    6.010E+06    2.180E+14    2.705E+03    1.440E-01    8.673E-07     r       4.3
3.902E+08    1.211E-01    8.637E+27    6.102E+06    2.328E+14    2.845E+03    1.429E-01    9.931E-07     r       4.3
3.885E+08    1.235E-01    8.637E+27    6.149E+06    2.405E+14    2.917E+03    1.423E-01    1.062E-06     r       4.3
3.849E+08    1.285E-01    8.637E+27    6.244E+06    2.568E+14    3.067E+03    1.412E-01    1.215E-06     r       4.3
3.832E+08    1.310E-01    8.637E+27    6.292E+06    2.653E+14    3.145E+03    1.406E-01    1.299E-06     r       4.3
3.797E+08    1.362E-01    8.637E+27    6.389E+06    2.832E+14    3.305E+03    1.395E-01    1.485E-06     r       4.3
3.779E+08    1.388E-01    8.637E+27    6.438E+06    2.925E+14    3.388E+03    1.389E-01    1.586E-06     r       4.3
3.744E+08    1.443E-01    8.637E+27    6.537E+06    3.121E+14    3.561E+03    1.378E-01    1.811E-06     r       4.2
3.727E+08    1.471E-01    8.637E+27    6.587E+06    3.224E+14    3.650E+03    1.372E-01    1.934E-06     r       4.2
3.692E+08    1.528E-01    8.637E+27    6.688E+06    3.439E+14    3.834E+03    1.361E-01    2.205E-06     r       4.2
3.674E+08    1.557E-01    8.637E+27    6.739E+06    3.551E+14    3.930E+03    1.355E-01    2.353E-06     r       4.2
3.639E+08    1.616E-01    8.637E+27    6.843E+06    3.787E+14    4.127E+03    1.344E-01    2.680E-06     r       4.2
3.622E+08    1.647E-01    8.637E+27    6.895E+06    3.910E+14    4.230E+03    1.339E-01    2.859E-06     r       4.2
3.587E+08    1.709E-01    8.637E+27    7.000E+06    4.169E+14    4.441E+03    1.327E-01    3.253E-06     r       4.2
3.569E+08    1.741E-01    8.637E+27    7.054E+06    4.304E+14    4.550E+03    1.322E-01    3.469E-06     r       4.2
3.534E+08    1.806E-01    8.637E+27    7.162E+06    4.586E+14    4.776E+03    1.311E-01    3.942E-06     r       4.2
3.517E+08    1.839E-01    8.637E+27    7.216E+06    4.734E+14    4.893E+03    1.305E-01    4.201E-06     r       4.2
3.482E+08    1.907E-01    8.637E+27    7.326E+06    5.044E+14    5.134E+03    1.294E-01    4.769E-06     r       4.2
3.464E+08    1.942E-01    8.637E+27    7.382E+06    5.206E+14    5.259E+03    1.289E-01    5.080E-06     r       4.2
3.429E+08    2.013E-01    8.636E+27    7.495E+06    5.544E+14    5.517E+03    1.278E-01    5.761E-06     r       4.2
3.412E+08    2.049E-01    8.636E+27    7.551E+06    5.721E+14    5.650E+03    1.272E-01    6.133E-06     r       4.2
3.377E+08    2.122E-01    8.636E+27    7.666E+06    6.090E+14    5.925E+03    1.261E-01    6.947E-06     r       4.1
3.359E+08    2.160E-01    8.636E+27    7.725E+06    6.283E+14    6.067E+03    1.256E-01    7.392E-06     r       4.1
3.324E+08    2.237E-01    8.636E+27    7.842E+06    6.687E+14    6.360E+03    1.245E-01    8.365E-06     r       4.1
3.307E+08    2.276E-01    8.636E+27    7.901E+06    6.898E+14    6.511E+03    1.239E-01    8.896E-06     r       4.1
3.272E+08    2.356E-01    8.635E+27    8.021E+06    7.338E+14    6.823E+03    1.228E-01    1.005E-05     r       4.1
3.254E+08    2.396E-01    8.635E+27    8.082E+06    7.568E+14    6.984E+03    1.223E-01    1.069E-05     r       4.1
3.219E+08    2.479E-01    8.635E+27    8.204E+06    8.048E+14    7.316E+03    1.212E-01    1.207E-05     r       4.1
3.201E+08    2.521E-01    8.635E+27    8.266E+06    8.298E+14    7.487E+03    1.207E-01    1.282E-05     r       4.1
3.166E+08    2.607E-01    8.634E+27    8.391E+06    8.821E+14    7.840E+03    1.196E-01    1.446E-05     r       4.1
3.149E+08    2.651E-01    8.634E+27    8.454E+06    9.094E+14    8.022E+03    1.190E-01    1.535E-05     r       4.1
3.114E+08    2.740E-01    8.633E+27    8.582E+06    9.662E+14    8.397E+03    1.179E-01    1.729E-05     r       4.0
3.096E+08    2.785E-01    8.633E+27    8.647E+06    9.959E+14    8.590E+03    1.174E-01    1.835E-05     r       4.0
3.061E+08    2.878E-01    8.632E+27    8.777E+06    1.058E+15    8.987E+03    1.163E-01    2.065E-05     r       4.0
3.044E+08    2.924E-01    8.632E+27    8.843E+06    1.090E+15    9.192E+03    1.158E-01    2.190E-05     r       4.0
3.009E+08    3.020E-01    8.631E+27    8.976E+06    1.157E+15    9.613E+03    1.147E-01    2.461E-05     r       4.0
2.991E+08    3.068E-01    8.631E+27    9.043E+06    1.192E+15    9.829E+03    1.141E-01    2.609E-05     r       4.0
2.956E+08    3.166E-01    8.629E+27    9.179E+06    1.265E+15    1.028E+04    1.130E-01    2.929E-05     r       4.0
2.939E+08    3.216E-01    8.629E+27    9.247E+06    1.302E+15    1.050E+04    1.125E-01    3.103E-05     r       4.0
2.904E+08    3.318E-01    8.628E+27    9.386E+06    1.381E+15    1.098E+04    1.114E-01    3.479E-05     r       3.9
2.886E+08    3.369E-01    8.627E+27    9.456E+06    1.422E+15    1.122E+04    1.109E-01    3.683E-05     r       3.9
2.851E+08    3.474E-01    8.625E+27    9.597E+06    1.507E+15    1.171E+04    1.098E-01    4.126E-05     r       3.9
2.834E+08    3.527E-01    8.624E+27    9.669E+06    1.552E+15    1.197E+04    1.092E-01    4.365E-05     r       3.9
2.799E+08    3.634E-01    8.622E+27    9.813E+06    1.644E+15    1.249E+04    1.082E-01    4.884E-05     r       3.9
2.781E+08    3.688E-01    8.621E+27    9.886E+06    1.692E+15    1.276E+04    1.076E-01    5.164E-05     r       3.9
2.746E+08    3.798E-01    8.619E+27    1.003E+07    1.791E+15    1.331E+04    1.065E-01    5.770E-05     r       3.9
2.729E+08    3.854E-01    8.618E+27    1.011E+07    1.843E+15    1.360E+04    1.060E-01    6.098E-05     r       3.8
2.694E+08    3.967E-01    8.615E+27    1.026E+07    1.949E+15    1.417E+04    1.049E-01    6.805E-05     r       3.8
2.676E+08    4.024E-01    8.613E+27    1.033E+07    2.005E+15    1.447E+04    1.044E-01    7.187E-05     r       3.8
2.641E+08    4.140E-01    8.610E+27    1.049E+07    2.120E+15    1.508E+04    1.033E-01    8.011E-05     r       3.8
2.623E+08    4.198E-01    8.608E+27    1.056E+07    2.180E+15    1.539E+04    1.027E-01    8.456E-05     r       3.8
2.588E+08    4.316E-01    8.603E+27    1.072E+07    2.303E+15    1.603E+04    1.017E-01    9.413E-05     r       3.8
2.571E+08    4.376E-01    8.601E+27    1.080E+07    2.367E+15    1.635E+04    1.011E-01    9.929E-05     r       3.8
2.536E+08    4.496E-01    8.596E+27    1.096E+07    2.499E+15    1.701E+04    1.000E-01    1.104E-04     r       3.7
2.518E+08    4.557E-01    8.593E+27    1.104E+07    2.568E+15    1.735E+04    9.950E-02    1.164E-04     r       3.7
2.483E+08    4.679E-01    8.587E+27    1.120E+07    2.710E+15    1.805E+04    9.842E-02    1.292E-04     r       3.7
2.466E+08    4.741E-01    8.584E+27    1.128E+07    2.783E+15    1.840E+04    9.788E-02    1.361E-04     r       3.7
2.431E+08    4.865E-01    8.577E+27    1.144E+07    2.934E+15    1.912E+04    9.680E-02    1.510E-04     r       3.7
2.413E+08    4.928E-01    8.573E+27    1.153E+07    3.012E+15    1.949E+04    9.627E-02    1.590E-04     r       3.6
2.378E+08    5.054E-01    8.565E+27    1.169E+07    3.173E+15    2.024E+04    9.519E-02    1.761E-04     r       3.6
2.361E+08    5.118E-01    8.560E+27    1.178E+07    3.256E+15    2.062E+04    9.465E-02    1.853E-04     r       3.6
2.326E+08    5.245E-01    8.550E+27    1.195E+07    3.428E+15    2.140E+04    9.358E-02    2.050E-04     r       3.6
2.308E+08    5.309E-01    8.545E+27    1.203E+07    3.516E+15    2.179E+04    9.304E-02    2.155E-04     r       3.6
2.273E+08    5.438E-01    8.533E+27    1.221E+07    3.698E+15    2.259E+04    9.197E-02    2.381E-04     r       3.5
2.256E+08    5.503E-01    8.527E+27    1.229E+07    3.792E+15    2.300E+04    9.144E-02    2.502E-04     r       3.5
2.221E+08    5.633E-01    8.513E+27    1.247E+07    3.984E+15    2.383E+04    9.037E-02    2.762E-04     r       3.5
2.203E+08    5.698E-01    8.506E+27    1.256E+07    4.083E+15    2.425E+04    8.984E-02    2.900E-04     r       3.5
2.168E+08    5.828E-01    8.490E+27    1.274E+07    4.287E+15    2.510E+04    8.878E-02    3.197E-04     r       3.4
2.098E+08    6.090E-01    8.454E+27    1.310E+07    4.716E+15    2.685E+04    8.667E-02    3.875E-04     r       3.4
2.063E+08    6.220E-01    8.433E+27    1.328E+07    4.941E+15    2.774E+04    8.562E-02    4.262E-04     r       3.3
1.993E+08    6.481E-01    8.384E+27    1.366E+07    5.414E+15    2.956E+04    8.353E-02    5.146E-04     r       3.3
1.958E+08    6.610E-01    8.356E+27    1.385E+07    5.661E+15    3.048E+04    8.250E-02    5.649E-04     r       3.2
1.888E+08    6.868E-01    8.293E+27    1.423E+07    6.176E+15    3.236E+04    8.044E-02    6.798E-04     r       3.2
1.853E+08    6.995E-01    8.257E+27    1.442E+07    6.444E+15    3.331E+04    7.943E-02    7.453E-04     r       3.1
1.783E+08    7.245E-01    8.175E+27    1.482E+07    6.999E+15    3.521E+04    7.741E-02    8.952E-04     r       3.1
1.748E+08    7.368E-01    8.129E+27    1.502E+07    7.286E+15    3.617E+04    7.642E-02    9.811E-04     r       3.0
1.713E+08    7.490E-01    8.080E+27    1.522E+07    7.579E+15    3.712E+04    7.543E-02    1.075E-03     r       3.0
1.678E+08    7.609E-01    8.026E+27    1.542E+07    7.877E+15    3.808E+04    7.445E-02    1.179E-03     r       2.9
1.643E+08    7.727E-01    7.968E+27    1.563E+07    8.180E+15    3.903E+04    7.348E-02    1.293E-03     r       2.9
1.608E+08    7.842E-01    7.906E+27    1.583E+07    8.488E+15    3.997E+04    7.252E-02    1.420E-03     r       2.8
1.590E+08    7.899E-01    7.873E+27    1.593E+07    8.644E+15    4.044E+04    7.204E-02    1.488E-03     r       2.8
1.555E+08    8.011E-01    7.804E+27    1.614E+07    8.958E+15    4.137E+04    7.110E-02    1.636E-03     r       2.8
1.538E+08    8.066E-01    7.767E+27    1.625E+07    9.117E+15    4.183E+04    7.063E-02    1.716E-03     r       2.7
1.503E+08    8.174E-01    7.690E+27    1.645E+07    9.437E+15    4.275E+04    6.970E-02    1.890E-03     r       2.7
1.485E+08    8.227E-01    7.649E+27    1.656E+07    9.598E+15    4.320E+04    6.924E-02    1.985E-03     r       2.7
1.468E+08    8.279E-01    7.606E+27    1.667E+07    9.760E+15    4.365E+04    6.878E-02    2.086E-03     r       2.6
1.450E+08    8.331E-01    7.562E+27    1.677E+07    9.922E+15    4.410E+04    6.833E-02    2.192E-03     r       2.6
1.432E+08    8.382E-01    7.517E+27    1.688E+07    1.009E+16    4.454E+04    6.787E-02    2.306E-03     r       2.6
1.415E+08    8.432E-01    7.470E+27    1.698E+07    1.025E+16    4.498E+04    6.742E-02    2.427E-03     r       2.6
1.397E+08    8.482E-01    7.421E+27    1.709E+07    1.041E+16    4.541E+04    6.698E-02    2.556E-03     r       2.5
1.380E+08    8.530E-01    7.370E+27    1.720E+07    1.058E+16    4.584E+04    6.654E-02    2.693E-03     r       2.5
1.362E+08    8.578E-01    7.317E+27    1.730E+07    1.074E+16    4.626E+04    6.610E-02    2.839E-03     r       2.5
1.345E+08    8.625E-01    7.263E+27    1.741E+07    1.091E+16    4.669E+04    6.567E-02    2.995E-03     r       2.5
1.327E+08    8.672E-01    7.206E+27    1.752E+07    1.107E+16    4.711E+04    6.525E-02    3.160E-03     r       2.5
1.310E+08    8.717E-01    7.147E+27    1.762E+07    1.124E+16    4.752E+04    6.484E-02    3.337E-03     r       2.5
1.292E+08    8.762E-01    7.086E+27    1.773E+07    1.140E+16    4.793E+04    6.444E-02    3.525E-03     r       2.5
1.275E+08    8.806E-01    7.023E+27    1.783E+07    1.157E+16    4.835E+04    6.405E-02    3.722E-03     r       2.5
1.257E+08    8.849E-01    6.957E+27    1.793E+07    1.173E+16    4.876E+04    6.368E-02    3.932E-03     r       2.5
1.240E+08    8.891E-01    6.889E+27    1.803E+07    1.190E+16    4.917E+04    6.332E-02    4.155E-03     r       2.5
1.222E+08    8.932E-01    6.819E+27    1.813E+07    1.206E+16    4.957E+04    6.297E-02    4.391E-03     r       2.5
1.205E+08    8.973E-01    6.746E+27    1.823E+07    1.223E+16    4.998E+04    6.263E-02    4.642E-03     r       2.5
1.187E+08    9.013E-01    6.671E+27    1.833E+07    1.239E+16    5.038E+04    6.230E-02    4.909E-03     r       2.5
1.170E+08    9.052E-01    6.593E+27    1.842E+07    1.255E+16    5.077E+04    6.198E-02    5.191E-03     r       2.5
1.152E+08    9.090E-01    6.512E+27    1.852E+07    1.272E+16    5.117E+04    6.166E-02    5.491E-03     r       2.5
1.135E+08    9.127E-01    6.428E+27    1.861E+07    1.288E+16    5.156E+04    6.135E-02    5.809E-03     r       2.5
1.117E+08    9.163E-01    6.342E+27    1.871E+07    1.304E+16    5.195E+04    6.106E-02    6.146E-03     r       2.5
1.100E+08    9.198E-01    6.253E+27    1.880E+07    1.320E+16    5.233E+04    6.077E-02    6.502E-03     r       2.5
1.065E+08    9.267E-01    6.065E+27    1.900E+07    1.353E+16    5.304E+04    6.011E-02    7.336E-03     r       2.3
1.047E+08    9.300E-01    5.967E+27    1.909E+07    1.368E+16    5.341E+04    5.985E-02    7.762E-03     r       2.5
1.012E+08    9.363E-01    5.760E+27    1.928E+07    1.400E+16    5.409E+04    5.923E-02    8.771E-03     r       2.3
9.946E+07    9.393E-01    5.651E+27    1.937E+07    1.416E+16    5.445E+04    5.899E-02    9.276E-03     r       2.5
9.596E+07    9.451E-01    5.424E+27    1.956E+07    1.446E+16    5.509E+04    5.840E-02    1.049E-02     r       2.2
9.421E+07    9.478E-01    5.306E+27    1.964E+07    1.462E+16    5.544E+04    5.818E-02    1.109E-02     r       2.5
9.333E+07    9.492E-01    5.245E+27    1.968E+07    1.469E+16    5.561E+04    5.807E-02    1.140E-02     r       2.5
9.158E+07    9.518E-01    5.122E+27    1.976E+07    1.484E+16    5.595E+04    5.785E-02    1.204E-02     r       2.5
9.071E+07    9.531E-01    5.060E+27    1.980E+07    1.492E+16    5.611E+04    5.775E-02    1.237E-02     r       2.5
8.895E+07    9.556E-01    4.933E+27    1.988E+07    1.506E+16    5.645E+04    5.755E-02    1.305E-02     r       2.5
8.808E+07    9.569E-01    4.868E+27    1.992E+07    1.514E+16    5.661E+04    5.745E-02    1.341E-02     r       2.5
8.633E+07    9.592E-01    4.737E+27    1.999E+07    1.528E+16    5.694E+04    5.725E-02    1.414E-02     r       2.5
8.545E+07    9.604E-01    4.671E+27    2.003E+07    1.536E+16    5.710E+04    5.716E-02    1.452E-02     r       2.5
8.370E+07    9.627E-01    4.537E+27    2.011E+07    1.550E+16    5.741E+04    5.697E-02    1.530E-02     r       2.5
8.282E+07    9.638E-01    4.469E+27    2.014E+07    1.557E+16    5.757E+04    5.688E-02    1.570E-02     r       2.5
8.107E+07    9.659E-01    4.331E+27    2.022E+07    1.571E+16    5.788E+04    5.670E-02    1.653E-02     r       2.5
8.020E+07    9.670E-01    4.262E+27    2.025E+07    1.578E+16    5.803E+04    5.661E-02    1.695E-02     r       2.5
7.845E+07    9.690E-01    4.122E+27    2.032E+07    1.592E+16    5.833E+04    5.644E-02    1.782E-02     r       2.5
7.757E+07    9.700E-01    4.051E+27    2.036E+07    1.599E+16    5.848E+04    5.636E-02    1.827E-02     r       2.5
7.582E+07    9.719E-01    3.909E+27    2.043E+07    1.612E+16    5.878E+04    5.619E-02    1.919E-02     r       2.5
7.494E+07    9.728E-01    3.838E+27    2.046E+07    1.619E+16    5.892E+04    5.611E-02    1.967E-02     r       2.5
7.319E+07    9.746E-01    3.694E+27    2.053E+07    1.632E+16    5.921E+04    5.596E-02    2.063E-02     r       2.5
7.232E+07    9.755E-01    3.622E+27    2.056E+07    1.638E+16    5.935E+04    5.588E-02    2.112E-02     r       2.5
7.056E+07    9.771E-01    3.477E+27    2.062E+07    1.651E+16    5.963E+04    5.573E-02    2.213E-02     r       2.5
6.969E+07    9.780E-01    3.405E+27    2.066E+07    1.657E+16    5.976E+04    5.566E-02    2.265E-02     r       2.5
6.794E+07    9.795E-01    3.260E+27    2.072E+07    1.670E+16    6.003E+04    5.552E-02    2.370E-02     r       2.5
6.706E+07    9.803E-01    3.188E+27    2.075E+07    1.676E+16    6.016E+04    5.545E-02    2.424E-02     r       2.5
6.531E+07    9.817E-01    3.044E+27    2.081E+07    1.688E+16    6.042E+04    5.531E-02    2.532E-02     r       2.5
6.443E+07    9.824E-01    2.973E+27    2.084E+07    1.694E+16    6.055E+04    5.525E-02    2.588E-02     r       2.5
6.268E+07    9.838E-01    2.830E+27    2.090E+07    1.706E+16    6.080E+04    5.512E-02    2.700E-02     r       2.5
6.181E+07    9.845E-01    2.759E+27    2.093E+07    1.712E+16    6.092E+04    5.505E-02    2.757E-02     r       2.5
6.006E+07    9.857E-01    2.619E+27    2.098E+07    1.723E+16    6.117E+04    5.493E-02    2.873E-02     r       2.5
5.918E+07    9.863E-01    2.549E+27    2.101E+07    1.729E+16    6.129E+04    5.487E-02    2.931E-02     r       2.5
5.743E+07    9.875E-01    2.412E+27    2.106E+07    1.740E+16    6.152E+04    5.476E-02    3.049E-02     r       2.5
5.655E+07    9.880E-01    2.344E+27    2.109E+07    1.745E+16    6.163E+04    5.470E-02    3.109E-02     r       2.5
5.480E+07    9.891E-01    2.211E+27    2.114E+07    1.756E+16    6.185E+04    5.459E-02    3.229E-02     r       2.5
5.393E+07    9.896E-01    2.145E+27    2.116E+07    1.761E+16    6.196E+04    5.454E-02    3.290E-02     r       2.5
5.217E+07    9.906E-01    2.016E+27    2.121E+07    1.771E+16    6.218E+04    5.444E-02    3.411E-02     r       2.5
5.130E+07    9.910E-01    1.953E+27    2.124E+07    1.776E+16    6.228E+04    5.439E-02    3.472E-02     r       2.5
4.955E+07    9.919E-01    1.830E+27    2.128E+07    1.786E+16    6.249E+04    5.429E-02    3.595E-02     r       2.5
4.867E+07    9.923E-01    1.770E+27    2.131E+07    1.791E+16    6.259E+04    5.424E-02    3.656E-02     r       2.5
4.823E+07    9.925E-01    1.740E+27    2.132E+07    1.793E+16    6.263E+04    5.422E-02    3.687E-02     r       2.5
4.736E+07    9.929E-01    1.681E+27    2.134E+07    1.798E+16    6.273E+04    5.417E-02    3.748E-02     r       2.5
4.692E+07    9.931E-01    1.653E+27    2.135E+07    1.800E+16    6.278E+04    5.415E-02    3.778E-02     r       2.5
4.604E+07    9.935E-01    1.596E+27    2.137E+07    1.805E+16    6.287E+04    5.411E-02    3.840E-02     r       2.5
4.561E+07    9.937E-01    1.568E+27    2.138E+07    1.807E+16    6.292E+04    5.408E-02    3.870E-02     r       2.5
4.473E+07    9.940E-01    1.512E+27    2.140E+07    1.811E+16    6.301E+04    5.404E-02    3.931E-02     r       2.5
4.429E+07    9.942E-01    1.485E+27    2.141E+07    1.813E+16    6.306E+04    5.402E-02    3.962E-02     r       2.5
4.342E+07    9.945E-01    1.432E+27    2.143E+07    1.818E+16    6.315E+04    5.398E-02    4.022E-02     r       2.5
4.298E+07    9.947E-01    1.406E+27    2.144E+07    1.820E+16    6.319E+04    5.396E-02    4.052E-02     r       2.5
4.210E+07    9.950E-01    1.354E+27    2.146E+07    1.824E+16    6.328E+04    5.392E-02    4.113E-02     r       2.5
4.167E+07    9.952E-01    1.329E+27    2.147E+07    1.826E+16    6.332E+04    5.390E-02    4.143E-02     r       2.5
4.079E+07    9.955E-01    1.280E+27    2.149E+07    1.830E+16    6.340E+04    5.386E-02    4.202E-02     r       2.5
4.035E+07    9.956E-01    1.256E+27    2.150E+07    1.832E+16    6.345E+04    5.384E-02    4.232E-02     r       2.5
3.948E+07    9.959E-01    1.208E+27    2.152E+07    1.836E+16    6.353E+04    5.380E-02    4.291E-02     r       2.5
3.904E+07    9.960E-01    1.185E+27    2.153E+07    1.838E+16    6.357E+04    5.378E-02    4.321E-02     r       2.5
3.816E+07    9.963E-01    1.140E+27    2.155E+07    1.842E+16    6.365E+04    5.375E-02    4.379E-02     r       2.5
3.772E+07    9.964E-01    1.117E+27    2.156E+07    1.844E+16    6.369E+04    5.373E-02    4.408E-02     r       2.5
3.685E+07    9.966E-01    1.074E+27    2.157E+07    1.847E+16    6.376E+04    5.370E-02    4.465E-02     r       2.5
3.641E+07    9.968E-01    1.053E+27    2.158E+07    1.849E+16    6.380E+04    5.368E-02    4.494E-02     r       2.5
3.554E+07    9.970E-01    1.012E+27    2.160E+07    1.853E+16    6.387E+04    5.365E-02    4.550E-02     r       2.5
3.510E+07    9.971E-01    9.919E+26    2.161E+07    1.855E+16    6.391E+04    5.363E-02    4.579E-02     r       2.5
3.422E+07    9.973E-01    9.530E+26    2.162E+07    1.858E+16    6.398E+04    5.360E-02    4.634E-02     r       2.5
3.378E+07    9.974E-01    9.340E+26    2.163E+07    1.860E+16    6.401E+04    5.358E-02    4.661E-02     r       2.5
3.291E+07    9.976E-01    8.973E+26    2.165E+07    1.863E+16    6.408E+04    5.355E-02    4.716E-02     r       2.5
3.247E+07    9.977E-01    8.795E+26    2.166E+07    1.865E+16    6.412E+04    5.354E-02    4.743E-02     r       2.5
3.159E+07    9.979E-01    8.449E+26    2.167E+07    1.868E+16    6.418E+04    5.351E-02    4.796E-02     r       2.5
3.116E+07    9.980E-01    8.282E+26    2.168E+07    1.869E+16    6.421E+04    5.349E-02    4.822E-02     r       2.5
3.028E+07    9.981E-01    7.959E+26    2.169E+07    1.872E+16    6.428E+04    5.347E-02    4.874E-02     r       2.5
2.984E+07    9.982E-01    7.802E+26    2.170E+07    1.874E+16    6.431E+04    5.345E-02    4.899E-02     r       2.5
2.897E+07    9.984E-01    7.501E+26    2.171E+07    1.877E+16    6.437E+04    5.342E-02    4.949E-02     r       2.5
2.853E+07    9.985E-01    7.356E+26    2.172E+07    1.878E+16    6.440E+04    5.341E-02    4.974E-02     r       2.5
2.765E+07    9.986E-01    7.076E+26    2.173E+07    1.881E+16    6.445E+04    5.339E-02    5.022E-02     r       2.5
2.722E+07    9.987E-01    6.942E+26    2.174E+07    1.882E+16    6.448E+04    5.337E-02    5.046E-02     r       2.5
2.634E+07    9.988E-01    6.684E+26    2.175E+07    1.885E+16    6.454E+04    5.335E-02    5.093E-02     r       2.5
2.590E+07    9.989E-01    6.560E+26    2.176E+07    1.886E+16    6.456E+04    5.334E-02    5.116E-02     r       2.5
2.568E+07    9.989E-01    6.499E+26    2.176E+07    1.887E+16    6.458E+04    5.333E-02    5.127E-02     r       2.5
2.525E+07    9.989E-01    6.381E+26    2.177E+07    1.888E+16    6.460E+04    5.332E-02    5.150E-02     r       2.5
2.503E+07    9.990E-01    6.323E+26    2.177E+07    1.889E+16    6.461E+04    5.332E-02    5.161E-02     r       2.5
2.459E+07    9.990E-01    6.210E+26    2.177E+07    1.890E+16    6.464E+04    5.331E-02    5.183E-02     r       2.5
2.437E+07    9.990E-01    6.155E+26    2.178E+07    1.891E+16    6.465E+04    5.330E-02    5.193E-02     r       2.5
2.393E+07    9.991E-01    6.047E+26    2.178E+07    1.892E+16    6.468E+04    5.329E-02    5.215E-02     r       2.5
2.371E+07    9.991E-01    5.994E+26    2.179E+07    1.893E+16    6.469E+04    5.328E-02    5.225E-02     r       2.5
2.328E+07    9.992E-01    5.891E+26    2.179E+07    1.894E+16    6.471E+04    5.327E-02    5.246E-02     r       2.5
2.306E+07    9.992E-01    5.841E+26    2.179E+07    1.894E+16    6.472E+04    5.327E-02    5.257E-02     r       2.5
2.262E+07    9.992E-01    5.743E+26    2.180E+07    1.895E+16    6.475E+04    5.326E-02    5.277E-02     r       2.5
2.240E+07    9.993E-01    5.695E+26    2.180E+07    1.896E+16    6.476E+04    5.325E-02    5.287E-02     r       2.5
2.196E+07    9.993E-01    5.602E+26    2.181E+07    1.897E+16    6.478E+04    5.324E-02    5.307E-02     r       2.5
2.174E+07    9.993E-01    5.557E+26    2.181E+07    1.898E+16    6.479E+04    5.324E-02    5.317E-02     r       2.5
2.130E+07    9.994E-01    5.469E+26    2.181E+07    1.899E+16    6.481E+04    5.323E-02    5.336E-02     r       2.5
2.109E+07    9.994E-01    5.426E+26    2.182E+07    1.899E+16    6.482E+04    5.323E-02    5.345E-02     r       2.5
2.065E+07    9.994E-01    5.343E+26    2.182E+07    1.900E+16    6.484E+04    5.322E-02    5.364E-02     r       2.5
2.043E+07    9.995E-01    5.303E+26    2.182E+07    1.901E+16    6.485E+04    5.321E-02    5.373E-02     r       2.5
1.999E+07    9.995E-01    5.224E+26    2.183E+07    1.902E+16    6.487E+04    5.320E-02    5.391E-02     r       2.5
1.977E+07    9.995E-01    5.186E+26    2.183E+07    1.902E+16    6.488E+04    5.320E-02    5.400E-02     r       2.5
1.933E+07    9.995E-01    5.112E+26    2.183E+07    1.903E+16    6.490E+04    5.319E-02    5.418E-02     r       2.5
1.912E+07    9.996E-01    5.077E+26    2.184E+07    1.903E+16    6.491E+04    5.319E-02    5.426E-02     r       2.5
1.868E+07    9.996E-01    5.007E+26    2.184E+07    1.904E+16    6.493E+04    5.318E-02    5.443E-02     r       2.5
1.846E+07    9.996E-01    4.974E+26    2.184E+07    1.905E+16    6.494E+04    5.318E-02    5.451E-02     r       2.5
1.802E+07    9.996E-01    4.909E+26    2.185E+07    1.906E+16    6.495E+04    5.317E-02    5.467E-02     r       2.5
1.780E+07    9.997E-01    4.878E+26    2.185E+07    1.906E+16    6.496E+04    5.316E-02    5.475E-02     r       2.5
1.736E+07    9.997E-01    4.817E+26    2.185E+07    1.907E+16    6.498E+04    5.316E-02    5.490E-02     r       2.5
1.715E+07    9.997E-01    4.788E+26    2.185E+07    1.907E+16    6.499E+04    5.315E-02    5.498E-02     r       2.5
1.671E+07    9.997E-01    4.731E+26    2.186E+07    1.908E+16    6.500E+04    5.315E-02    5.513E-02     r       2.5
1.649E+07    9.997E-01    4.704E+26    2.186E+07    1.908E+16    6.501E+04    5.314E-02    5.520E-02     r       2.5
1.605E+07    9.998E-01    4.652E+26    2.186E+07    1.909E+16    6.503E+04    5.314E-02    5.534E-02     r       2.5
1.583E+07    9.998E-01    4.627E+26    2.186E+07    1.910E+16    6.503E+04    5.313E-02    5.540E-02     r       2.5
1.539E+07    9.998E-01    4.578E+26    2.187E+07    1.910E+16    6.505E+04    5.313E-02    5.553E-02     r       2.5
1.517E+07    9.998E-01    4.555E+26    2.187E+07    1.911E+16    6.505E+04    5.313E-02    5.560E-02     r       2.5
1.474E+07    9.998E-01    4.510E+26    2.187E+07    1.911E+16    6.507E+04    5.312E-02    5.572E-02     r       2.5
1.452E+07    9.998E-01    4.489E+26    2.187E+07    1.912E+16    6.507E+04    5.312E-02    5.578E-02     r       2.5
1.441E+07    9.998E-01    4.479E+26    2.187E+07    1.912E+16    6.508E+04    5.312E-02    5.581E-02     r       2.5
1.419E+07    9.998E-01    4.458E+26    2.187E+07    1.912E+16    6.508E+04    5.311E-02    5.587E-02     r       2.5
1.408E+07    9.998E-01    4.448E+26    2.187E+07    1.912E+16    6.509E+04    5.311E-02    5.590E-02     r       2.5
1.386E+07    9.999E-01    4.429E+26    2.188E+07    1.912E+16    6.509E+04    5.311E-02    5.595E-02     r       2.5
1.375E+07    9.999E-01    4.419E+26    2.188E+07    1.913E+16    6.509E+04    5.311E-02    5.598E-02     r       2.5
1.353E+07    9.999E-01    4.400E+26    2.188E+07    1.913E+16    6.510E+04    5.311E-02    5.603E-02     r       2.5
1.342E+07    9.999E-01    4.391E+26    2.188E+07    1.913E+16    6.510E+04    5.310E-02    5.606E-02     r       2.5
1.320E+07    9.999E-01    4.373E+26    2.188E+07    1.913E+16    6.511E+04    5.310E-02    5.611E-02     r       2.5
1.309E+07    9.999E-01    4.365E+26    2.188E+07    1.913E+16    6.511E+04    5.310E-02    5.613E-02     r       2.5
1.288E+07    9.999E-01    4.348E+26    2.188E+07    1.914E+16    6.512E+04    5.310E-02    5.618E-02     r       2.5
1.277E+07    9.999E-01    4.340E+26    2.188E+07    1.914E+16    6.512E+04    5.310E-02    5.620E-02     r       2.5
1.255E+07    9.999E-01    4.323E+26    2.188E+07    1.914E+16    6.512E+04    5.310E-02    5.625E-02     r       2.5
1.244E+07    9.999E-01    4.316E+26    2.188E+07    1.914E+16    6.512E+04    5.309E-02    5.627E-02     r       2.5
1.222E+07    9.999E-01    4.300E+26    2.188E+07    1.914E+16    6.513E+04    5.309E-02    5.631E-02     r       2.5
1.211E+07    9.999E-01    4.293E+26    2.189E+07    1.914E+16    6.513E+04    5.309E-02    5.634E-02     r       2.5
1.189E+07    9.999E-01    4.278E+26    2.189E+07    1.915E+16    6.514E+04    5.309E-02    5.638E-02     r       2.5
1.178E+07    9.999E-01    4.271E+26    2.189E+07    1.915E+16    6.514E+04    5.309E-02    5.640E-02     r       2.5
1.156E+07    9.999E-01    4.257E+26    2.189E+07    1.915E+16    6.514E+04    5.309E-02    5.643E-02     r       2.5
1.145E+07    9.999E-01    4.251E+26    2.189E+07    1.915E+16    6.514E+04    5.309E-02    5.645E-02     r       2.5
1.123E+07    9.999E-01    4.238E+26    2.189E+07    1.915E+16    6.515E+04    5.308E-02    5.649E-02     r       2.5
1.112E+07    9.999E-01    4.231E+26    2.189E+07    1.915E+16    6.515E+04    5.308E-02    5.650E-02     r       2.5
1.091E+07    1.000E+00    4.219E+26    2.189E+07    1.915E+16    6.515E+04    5.308E-02    5.653E-02     r       2.5
1.080E+07    1.000E+00    4.213E+26    2.189E+07    1.915E+16    6.515E+04    5.308E-02    5.655E-02     r       2.5
1.074E+07    1.000E+00    4.210E+26    2.189E+07    1.916E+16    6.515E+04    5.308E-02    5.656E-02     r       2.5
1.063E+07    1.000E+00    4.204E+26    2.189E+07    1.916E+16    6.516E+04    5.308E-02    5.657E-02     r       2.5
1.058E+07    1.000E+00    4.201E+26    2.189E+07    1.916E+16    6.516E+04    5.308E-02    5.658E-02     r       2.5
1.047E+07    1.000E+00    4.196E+26    2.189E+07    1.916E+16    6.516E+04    5.308E-02    5.659E-02     r       2.5
1.041E+07    1.000E+00    4.193E+26    2.189E+07    1.916E+16    6.516E+04    5.308E-02    5.660E-02     r       2.5
1.030E+07    1.000E+00    4.188E+26    2.189E+07    1.916E+16    6.516E+04    5.308E-02    5.661E-02     r       2.5
1.025E+07    1.000E+00    4.185E+26    2.189E+07    1.916E+16    6.516E+04    5.308E-02    5.662E-02     r       2.5
1.014E+07    1.000E+00    4.180E+26    2.189E+07    1.916E+16    6.516E+04    5.308E-02    5.663E-02     r       2.5
1.008E+07    1.000E+00    4.177E+26    2.189E+07    1.916E+16    6.516E+04    5.308E-02    5.664E-02     r       2.5
9.975E+06    1.000E+00    4.172E+26    2.189E+07    1.916E+16    6.516E+04    5.308E-02    5.665E-02     r       2.5
9.920E+06    1.000E+00    4.169E+26    2.189E+07    1.916E+16    6.516E+04    5.308E-02    5.665E-02     r       2.5
9.811E+06    1.000E+00    4.165E+26    2.189E+07    1.916E+16    6.517E+04    5.308E-02    5.666E-02     r       2.5
9.756E+06    1.000E+00    4.162E+26    2.189E+07    1.916E+16    6.517E+04    5.308E-02    5.667E-02     r       2.5
9.647E+06    1.000E+00    4.157E+26    2.189E+07    1.916E+16    6.517E+04    5.308E-02    5.668E-02     r       2.5
9.592E+06    1.000E+00    4.155E+26    2.189E+07    1.916E+16    6.517E+04    5.308E-02    5.668E-02     r       2.5
9.482E+06    1.000E+00    4.150E+26    2.189E+07    1.916E+16    6.517E+04    5.308E-02    5.669E-02     r       2.5
9.428E+06    1.000E+00    4.148E+26    2.189E+07    1.916E+16    6.517E+04    5.308E-02    5.669E-02     r       2.5
9.400E+06    1.000E+00    4.147E+26    2.189E+07    1.916E+16    6.517E+04    5.308E-02    5.669E-02     r       2.5
9.346E+06    1.000E+00    4.145E+26    2.189E+07    1.916E+16    6.517E+04    5.308E-02    5.670E-02     r       2.5
9.318E+06    1.000E+00    4.144E+26    2.189E+07    1.916E+16    6.517E+04    5.308E-02    5.670E-02     r       2.5
9.264E+06    1.000E+00    4.141E+26    2.189E+07    1.916E+16    6.517E+04    5.308E-02    5.670E-02     r       2.5
9.236E+06    1.000E+00    4.140E+26    2.189E+07    1.916E+16    6.517E+04    5.308E-02    5.670E-02     r       2.5
9.181E+06    1.000E+00    4.138E+26    2.189E+07    1.916E+16    6.517E+04    5.307E-02    5.671E-02     r       2.5
9.154E+06    1.000E+00    4.137E+26    2.189E+07    1.916E+16    6.517E+04    5.307E-02    5.671E-02     r       2.5
9.099E+06    1.000E+00    4.135E+26    2.189E+07    1.916E+16    6.517E+04    5.307E-02    5.671E-02     r       2.5
9.072E+06    1.000E+00    4.134E+26    2.189E+07    1.916E+16    6.517E+04    5.307E-02    5.671E-02     r       2.5
9.017E+06    1.000E+00    4.132E+26    2.189E+07    1.916E+16    6.517E+04    5.307E-02    5.672E-02     r       2.5
8.990E+06    1.000E+00    4.131E+26    2.189E+07    1.916E+16    6.517E+04    5.307E-02    5.672E-02     r       2.5
8.935E+06    1.000E+00    4.129E+26    2.189E+07    1.916E+16    6.517E+04    5.307E-02    5.672E-02     r       2.5
8.908E+06    1.000E+00    4.128E+26    2.189E+07    1.916E+16    6.517E+04    5.307E-02    5.672E-02     r       2.5
8.853E+06    1.000E+00    4.126E+26    2.189E+07    1.916E+16    6.517E+04    5.307E-02    5.672E-02     r       2.5
8.826E+06    1.000E+00    4.125E+26    2.189E+07    1.916E+16    6.517E+04    5.307E-02    5.672E-02     r       2.5
8.812E+06    1.000E+00    4.124E+26    2.189E+07    1.916E+16    6.517E+04    5.307E-02    5.672E-02     r       2.5
8.785E+06    1.000E+00    4.123E+26    2.189E+07    1.916E+16    6.517E+04    5.307E-02    5.673E-02     r       2.5
8.771E+06    1.000E+00    4.123E+26    2.189E+07    1.916E+16    6.517E+04    5.307E-02    5.673E-02     r       2.5
8.744E+06    1.000E+00    4.122E+26    2.189E+07    1.916E+16    6.517E+04    5.307E-02    5.673E-02     r       2.5
