   r        Qm       L_r       T        P        rho      kap      eps     fl   dlnPdlnT
1.731E+09    0.000E+00    5.272E+29    2.229E+04    3.402E+03    0.000E+00    5.209E-02    0.000E+00     *      99.9
1.729E+09    5.884E-14    5.272E+29    8.093E+03    2.251E+00    1.079E-08    7.006E-01    2.445E-81     r       2.1
1.727E+09    2.430E-13    5.272E+29    2.188E+04    1.787E+01    6.099E-08    1.161E-01    3.037E-60     r       1.7
1.727E+09    4.630E-13    5.272E+29    2.535E+04    3.657E+01    1.077E-07    1.113E-01    1.588E-57     r       4.7
1.726E+09    6.372E-13    5.272E+29    2.537E+04    5.140E+01    1.513E-07    1.352E-01    2.296E-57     *      99.9
1.726E+09    7.491E-13    5.272E+29    2.538E+04    6.094E+01    1.793E-07    1.497E-01    2.779E-57     *      99.9
1.726E+09    8.127E-13    5.272E+29    2.539E+04    6.635E+01    1.951E-07    1.577E-01    3.065E-57     *      99.9
1.726E+09    8.464E-13    5.272E+29    2.540E+04    6.923E+01    2.036E-07    1.619E-01    3.221E-57     *      99.9
1.726E+09    9.185E-13    5.272E+29    2.541E+04    7.538E+01    2.216E-07    1.706E-01    3.562E-57     *      99.9
1.726E+09    9.568E-13    5.272E+29    2.541E+04    7.865E+01    2.311E-07    1.752E-01    3.749E-57     *      99.9
1.726E+09    1.039E-12    5.272E+29    2.543E+04    8.563E+01    2.515E-07    1.848E-01    4.161E-57     *      99.9
1.725E+09    1.082E-12    5.272E+29    2.544E+04    8.935E+01    2.624E-07    1.898E-01    4.388E-57     *      99.9
1.725E+09    1.175E-12    5.272E+29    2.545E+04    9.727E+01    2.854E-07    2.004E-01    4.891E-57     *      99.9
1.725E+09    1.225E-12    5.272E+29    2.546E+04    1.015E+02    2.977E-07    2.059E-01    5.170E-57     *      99.9
1.725E+09    1.312E-12    5.272E+29    2.548E+04    1.090E+02    7.976E-09    4.346E-02    1.419E-58     *      99.9
1.725E+09    1.314E-12    5.272E+29    2.548E+04    1.091E+02    8.319E-09    4.378E-02    1.481E-58     *      99.9
1.725E+09    1.317E-12    5.272E+29    2.548E+04    1.093E+02    9.050E-09    4.446E-02    1.611E-58     *      99.9
1.725E+09    1.323E-12    5.272E+29    2.548E+04    1.099E+02    1.071E-08    4.597E-02    1.907E-58     *      99.9
1.724E+09    1.340E-12    5.272E+29    2.548E+04    1.114E+02    1.500E-08    4.967E-02    2.674E-58     *      99.9
1.724E+09    1.398E-12    5.272E+29    2.548E+04    1.163E+02    2.938E-08    6.083E-02    5.260E-58     *      99.9
1.722E+09    1.728E-12    5.272E+29    2.551E+04    1.446E+02    1.109E-07    1.114E-01    2.064E-57     *      99.9
1.721E+09    2.152E-12    5.272E+29    2.556E+04    1.812E+02    2.149E-07    1.646E-01    4.325E-57     *      99.9
1.721E+09    2.495E-12    5.272E+29    2.562E+04    2.108E+02    2.979E-07    2.023E-01    6.514E-57     r      68.3
1.720E+09    2.713E-12    5.272E+29    2.566E+04    2.296E+02    3.502E-07    2.245E-01    8.137E-57     r      52.8
1.720E+09    2.836E-12    5.272E+29    2.568E+04    2.402E+02    3.795E-07    2.364E-01    9.148E-57     r      46.0
1.720E+09    3.113E-12    5.272E+29    2.575E+04    2.642E+02    4.450E-07    2.621E-01    1.173E-56     r      39.9
1.720E+09    3.269E-12    5.272E+29    2.578E+04    2.777E+02    4.816E-07    2.758E-01    1.340E-56     r      34.7
1.720E+09    3.352E-12    5.272E+29    2.580E+04    2.849E+02    5.009E-07    2.828E-01    1.435E-56     r      32.3
1.720E+09    3.528E-12    5.272E+29    2.585E+04    3.000E+02    5.417E-07    2.973E-01    1.655E-56     r      30.1
1.720E+09    3.621E-12    5.272E+29    2.587E+04    3.081E+02    5.632E-07    3.048E-01    1.783E-56     r      28.0
1.720E+09    3.818E-12    5.272E+29    2.592E+04    3.251E+02    6.085E-07    3.200E-01    2.081E-56     r      26.1
1.719E+09    3.922E-12    5.272E+29    2.595E+04    3.342E+02    6.323E-07    3.278E-01    2.256E-56     r      24.3
1.719E+09    4.144E-12    5.272E+29    2.602E+04    3.533E+02    6.825E-07    3.436E-01    2.669E-56     r      22.7
1.719E+09    4.261E-12    5.272E+29    2.605E+04    3.635E+02    7.089E-07    3.517E-01    2.913E-56     r      21.2
1.719E+09    4.509E-12    5.272E+29    2.613E+04    3.849E+02    7.643E-07    3.680E-01    3.501E-56     r      19.8
1.719E+09    4.640E-12    5.272E+29    2.617E+04    3.963E+02    7.934E-07    3.763E-01    3.854E-56     r      18.5
1.719E+09    4.917E-12    5.272E+29    2.626E+04    4.203E+02    8.543E-07    3.929E-01    4.711E-56     r      17.3
1.719E+09    5.064E-12    5.272E+29    2.631E+04    4.330E+02    8.863E-07    4.012E-01    5.234E-56     r      16.2
1.719E+09    5.373E-12    5.272E+29    2.641E+04    4.598E+02    9.531E-07    4.179E-01    6.522E-56     r      15.2
1.719E+09    5.536E-12    5.272E+29    2.647E+04    4.739E+02    9.880E-07    4.262E-01    7.317E-56     r      14.2
1.719E+09    5.881E-12    5.272E+29    2.659E+04    5.038E+02    1.061E-06    4.426E-01    9.308E-56     r      13.4
1.719E+09    6.063E-12    5.272E+29    2.665E+04    5.195E+02    1.099E-06    4.508E-01    1.056E-55     r      12.6
1.719E+09    6.446E-12    5.272E+29    2.679E+04    5.528E+02    1.179E-06    4.667E-01    1.372E-55     r      11.9
1.719E+09    6.647E-12    5.272E+29    2.687E+04    5.702E+02    1.220E-06    4.746E-01    1.573E-55     r      11.3
1.718E+09    7.072E-12    5.272E+29    2.703E+04    6.071E+02    1.306E-06    4.898E-01    2.092E-55     r      10.7
1.718E+09    7.296E-12    5.272E+29    2.711E+04    6.265E+02    1.351E-06    4.972E-01    2.426E-55     r      10.1
1.718E+09    7.765E-12    5.272E+29    2.729E+04    6.672E+02    1.443E-06    5.115E-01    3.298E-55     r       9.6
1.718E+09    8.012E-12    5.272E+29    2.738E+04    6.886E+02    1.492E-06    5.184E-01    3.868E-55     r       9.2
1.718E+09    8.531E-12    5.272E+29    2.758E+04    7.336E+02    1.591E-06    5.315E-01    5.376E-55     r       8.8
1.718E+09    8.802E-12    5.272E+29    2.768E+04    7.572E+02    1.643E-06    5.377E-01    6.372E-55     r       8.4
1.718E+09    9.373E-12    5.272E+29    2.790E+04    8.067E+02    1.750E-06    5.494E-01    9.043E-55     r       8.1
1.718E+09    9.672E-12    5.272E+29    2.802E+04    8.327E+02    1.805E-06    5.549E-01    1.083E-54     r       7.8
1.718E+09    1.030E-11    5.272E+29    2.825E+04    8.870E+02    1.920E-06    5.652E-01    1.567E-54     r       7.5
1.718E+09    1.063E-11    5.272E+29    2.838E+04    9.155E+02    1.979E-06    5.700E-01    1.893E-54     r       7.2
1.718E+09    1.131E-11    5.272E+29    2.864E+04    9.751E+02    2.101E-06    5.788E-01    2.786E-54     r       7.0
1.718E+09    1.167E-11    5.272E+29    2.877E+04    1.006E+03    2.164E-06    5.828E-01    3.393E-54     r       6.8
1.717E+09    1.242E-11    5.272E+29    2.904E+04    1.071E+03    2.293E-06    5.902E-01    5.070E-54     r       6.6
1.717E+09    1.281E-11    5.272E+29    2.919E+04    1.105E+03    2.360E-06    5.935E-01    6.217E-54     r       6.4
1.717E+09    1.362E-11    5.272E+29    2.948E+04    1.176E+03    2.497E-06    5.994E-01    9.403E-54     r       6.2
1.717E+09    1.405E-11    5.272E+29    2.963E+04    1.213E+03    2.568E-06    6.020E-01    1.159E-53     r       6.1
1.717E+09    1.494E-11    5.272E+29    2.994E+04    1.290E+03    2.714E-06    6.066E-01    1.771E-53     r       6.0
1.717E+09    1.540E-11    5.272E+29    3.009E+04    1.331E+03    2.789E-06    6.086E-01    2.193E-53     r       5.9
1.717E+09    1.636E-11    5.272E+29    3.041E+04    1.414E+03    2.943E-06    6.120E-01    3.375E-53     r       5.7
1.717E+09    1.686E-11    5.272E+29    3.058E+04    1.458E+03    3.022E-06    6.134E-01    4.192E-53     r       5.6
1.717E+09    1.790E-11    5.272E+29    3.091E+04    1.549E+03    3.185E-06    6.158E-01    6.484E-53     r       5.6
1.717E+09    1.845E-11    5.272E+29    3.108E+04    1.596E+03    3.269E-06    6.167E-01    8.070E-53     r       5.5
1.717E+09    1.957E-11    5.272E+29    3.143E+04    1.694E+03    3.440E-06    6.181E-01    1.252E-52     r       5.4
1.717E+09    2.016E-11    5.272E+29    3.160E+04    1.745E+03    3.529E-06    6.186E-01    1.560E-52     r       5.3
1.716E+09    2.137E-11    5.272E+29    3.196E+04    1.851E+03    3.710E-06    6.191E-01    2.423E-52     r       5.3
1.716E+09    2.200E-11    5.272E+29    3.214E+04    1.905E+03    3.803E-06    6.192E-01    3.020E-52     r       5.2
1.716E+09    2.331E-11    5.272E+29    3.250E+04    2.019E+03    3.994E-06    6.191E-01    4.689E-52     r       5.2
1.716E+09    2.399E-11    5.272E+29    3.269E+04    2.079E+03    4.091E-06    6.189E-01    5.841E-52     r       5.1
1.716E+09    2.539E-11    5.272E+29    3.306E+04    2.201E+03    4.292E-06    6.182E-01    9.053E-52     r       5.1
1.716E+09    2.612E-11    5.272E+29    3.325E+04    2.265E+03    4.395E-06    6.177E-01    1.126E-51     r       5.0
1.716E+09    2.763E-11    5.272E+29    3.363E+04    2.396E+03    4.607E-06    6.166E-01    1.741E-51     r       5.0
1.716E+09    2.841E-11    5.272E+29    3.382E+04    2.465E+03    4.715E-06    6.159E-01    2.163E-51     r       5.0
1.716E+09    3.003E-11    5.272E+29    3.420E+04    2.606E+03    4.937E-06    6.143E-01    3.331E-51     r       4.9
1.716E+09    3.087E-11    5.272E+29    3.439E+04    2.679E+03    5.051E-06    6.134E-01    4.129E-51     r       4.9
1.716E+09    3.260E-11    5.272E+29    3.478E+04    2.830E+03    5.284E-06    6.115E-01    6.331E-51     r       4.9
1.716E+09    3.350E-11    5.272E+29    3.498E+04    2.908E+03    5.403E-06    6.105E-01    7.829E-51     r       4.8
1.715E+09    3.535E-11    5.272E+29    3.537E+04    3.070E+03    5.648E-06    6.084E-01    1.194E-50     r       4.8
1.715E+09    3.631E-11    5.272E+29    3.557E+04    3.154E+03    5.773E-06    6.072E-01    1.473E-50     r       4.8
1.715E+09    3.828E-11    5.272E+29    3.597E+04    3.326E+03    6.030E-06    6.049E-01    2.235E-50     r       4.8
1.715E+09    3.931E-11    5.272E+29    3.617E+04    3.416E+03    6.161E-06    6.036E-01    2.750E-50     r       4.8
1.715E+09    4.142E-11    5.272E+29    3.657E+04    3.600E+03    6.430E-06    6.011E-01    4.148E-50     r       4.8
1.715E+09    4.250E-11    5.272E+29    3.678E+04    3.695E+03    6.568E-06    5.998E-01    5.087E-50     r       4.7
1.715E+09    4.475E-11    5.272E+29    3.718E+04    3.892E+03    6.849E-06    5.972E-01    7.629E-50     r       4.7
1.715E+09    4.591E-11    5.272E+29    3.738E+04    3.993E+03    6.993E-06    5.958E-01    9.328E-50     r       4.7
1.715E+09    4.830E-11    5.272E+29    3.779E+04    4.202E+03    7.288E-06    5.931E-01    1.390E-49     r       4.7
1.715E+09    4.954E-11    5.272E+29    3.800E+04    4.310E+03    7.439E-06    5.917E-01    1.694E-49     r       4.7
1.715E+09    5.208E-11    5.272E+29    3.841E+04    4.533E+03    7.747E-06    5.889E-01    2.510E-49     r       4.7
1.715E+09    5.339E-11    5.272E+29    3.861E+04    4.647E+03    7.905E-06    5.875E-01    3.049E-49     r       4.7
1.715E+09    5.609E-11    5.272E+29    3.902E+04    4.884E+03    8.227E-06    5.846E-01    4.488E-49     r       4.7
1.714E+09    5.748E-11    5.272E+29    3.923E+04    5.005E+03    8.391E-06    5.832E-01    5.436E-49     r       4.7
1.714E+09    6.035E-11    5.272E+29    3.965E+04    5.256E+03    8.728E-06    5.803E-01    7.951E-49     r       4.7
1.714E+09    6.182E-11    5.272E+29    3.985E+04    5.385E+03    8.900E-06    5.789E-01    9.600E-49     r       4.6
1.714E+09    6.486E-11    5.272E+29    4.027E+04    5.651E+03    9.251E-06    5.760E-01    1.395E-48     r       4.6
1.714E+09    7.130E-11    5.272E+29    4.110E+04    6.215E+03    9.985E-06    5.702E-01    2.911E-48     r       4.6
1.714E+09    7.470E-11    5.272E+29    4.152E+04    6.514E+03    1.037E-05    5.673E-01    4.179E-48     r       4.6
1.714E+09    8.190E-11    5.272E+29    4.237E+04    7.145E+03    1.116E-05    5.616E-01    8.508E-48     r       4.6
1.714E+09    8.570E-11    5.272E+29    4.279E+04    7.479E+03    1.158E-05    5.587E-01    1.207E-47     r       4.6
1.713E+09    9.374E-11    5.272E+29    4.363E+04    8.184E+03    1.244E-05    5.531E-01    2.400E-47     r       4.6
1.713E+09    9.797E-11    5.272E+29    4.406E+04    8.555E+03    1.289E-05    5.503E-01    3.365E-47     r       4.6
1.713E+09    1.069E-10    5.272E+29    4.491E+04    9.340E+03    1.383E-05    5.448E-01    6.541E-47     r       4.6
1.713E+09    1.116E-10    5.272E+29    4.533E+04    9.753E+03    1.431E-05    5.421E-01    9.069E-47     r       4.6
1.713E+09    1.215E-10    5.272E+29    4.619E+04    1.062E+04    1.532E-05    5.367E-01    1.725E-46     r       4.6
1.713E+09    1.267E-10    5.272E+29    4.661E+04    1.108E+04    1.585E-05    5.341E-01    2.367E-46     r       4.6
1.712E+09    1.377E-10    5.272E+29    4.747E+04    1.204E+04    1.693E-05    5.288E-01    4.411E-46     r       4.6
1.712E+09    1.434E-10    5.272E+29    4.790E+04    1.255E+04    1.750E-05    5.263E-01    5.990E-46     r       4.6
1.712E+09    1.555E-10    5.272E+29    4.876E+04    1.361E+04    1.867E-05    5.212E-01    1.094E-45     r       4.6
1.712E+09    1.618E-10    5.272E+29    4.919E+04    1.417E+04    1.927E-05    5.187E-01    1.472E-45     r       4.6
1.712E+09    1.751E-10    5.272E+29    5.005E+04    1.534E+04    2.053E-05    5.139E-01    2.640E-45     r       4.6
1.712E+09    1.821E-10    5.272E+29    5.048E+04    1.595E+04    2.118E-05    5.115E-01    3.519E-45     r       4.6
1.711E+09    1.966E-10    5.272E+29    5.134E+04    1.724E+04    2.253E-05    5.067E-01    6.197E-45     r       4.6
1.711E+09    2.043E-10    5.272E+29    5.177E+04    1.791E+04    2.322E-05    5.044E-01    8.189E-45     r       4.6
1.711E+09    2.202E-10    5.272E+29    5.264E+04    1.932E+04    2.466E-05    4.998E-01    1.418E-44     r       4.6
1.711E+09    2.286E-10    5.272E+29    5.307E+04    2.006E+04    2.541E-05    4.976E-01    1.858E-44     r       4.6
1.711E+09    2.460E-10    5.272E+29    5.394E+04    2.160E+04    2.695E-05    4.931E-01    3.166E-44     r       4.6
1.711E+09    2.551E-10    5.272E+29    5.438E+04    2.240E+04    2.774E-05    4.910E-01    4.117E-44     r       4.6
1.710E+09    2.742E-10    5.272E+29    5.525E+04    2.408E+04    2.938E-05    4.867E-01    6.908E-44     r       4.6
1.710E+09    2.841E-10    5.272E+29    5.568E+04    2.496E+04    3.023E-05    4.846E-01    8.915E-44     r       4.6
1.710E+09    3.048E-10    5.272E+29    5.655E+04    2.679E+04    3.198E-05    4.804E-01    1.474E-43     r       4.6
1.710E+09    3.156E-10    5.272E+29    5.699E+04    2.775E+04    3.288E-05    4.784E-01    1.889E-43     r       4.6
1.710E+09    3.382E-10    5.272E+29    5.786E+04    2.974E+04    3.474E-05    4.744E-01    3.080E-43     r       4.6
1.710E+09    3.499E-10    5.272E+29    5.830E+04    3.078E+04    3.570E-05    4.724E-01    3.919E-43     r       4.6
1.709E+09    3.743E-10    5.272E+29    5.917E+04    3.294E+04    3.768E-05    4.685E-01    6.306E-43     r       4.6
1.709E+09    3.870E-10    5.272E+29    5.961E+04    3.407E+04    3.870E-05    4.666E-01    7.974E-43     r       4.6
1.709E+09    4.135E-10    5.272E+29    6.049E+04    3.641E+04    4.079E-05    4.629E-01    1.267E-42     r       4.6
1.709E+09    4.272E-10    5.272E+29    6.092E+04    3.763E+04    4.187E-05    4.610E-01    1.592E-42     r       4.6
1.709E+09    4.558E-10    5.272E+29    6.180E+04    4.017E+04    4.409E-05    4.574E-01    2.498E-42     r       4.6
1.709E+09    4.707E-10    5.272E+29    6.224E+04    4.149E+04    4.524E-05    4.556E-01    3.121E-42     r       4.6
1.708E+09    5.015E-10    5.272E+29    6.312E+04    4.423E+04    4.759E-05    4.520E-01    4.842E-42     r       4.6
1.708E+09    5.175E-10    5.272E+29    6.356E+04    4.565E+04    4.880E-05    4.503E-01    6.014E-42     r       4.6
1.708E+09    5.508E-10    5.272E+29    6.444E+04    4.860E+04    5.129E-05    4.469E-01    9.228E-42     r       4.6
1.708E+09    5.681E-10    5.272E+29    6.488E+04    5.014E+04    5.257E-05    4.452E-01    1.140E-41     r       4.6
1.708E+09    6.039E-10    5.272E+29    6.576E+04    5.332E+04    5.519E-05    4.418E-01    1.731E-41     r       4.6
1.708E+09    6.224E-10    5.272E+29    6.621E+04    5.497E+04    5.654E-05    4.402E-01    2.127E-41     r       4.6
1.707E+09    6.609E-10    5.272E+29    6.709E+04    5.839E+04    5.932E-05    4.370E-01    3.197E-41     r       4.6
1.707E+09    6.808E-10    5.272E+29    6.753E+04    6.017E+04    6.074E-05    4.354E-01    3.909E-41     r       4.6
1.707E+09    7.221E-10    5.272E+29    6.841E+04    6.384E+04    6.366E-05    4.323E-01    5.818E-41     r       4.6
1.707E+09    7.435E-10    5.272E+29    6.886E+04    6.575E+04    6.516E-05    4.307E-01    7.081E-41     r       4.6
1.707E+09    7.878E-10    5.272E+29    6.974E+04    6.969E+04    6.824E-05    4.277E-01    1.044E-40     r       4.6
1.707E+09    8.107E-10    5.272E+29    7.019E+04    7.173E+04    6.982E-05    4.262E-01    1.265E-40     r       4.6
1.707E+09    8.581E-10    5.272E+29    7.107E+04    7.596E+04    7.306E-05    4.232E-01    1.848E-40     r       4.6
1.706E+09    8.826E-10    5.272E+29    7.152E+04    7.814E+04    7.472E-05    4.217E-01    2.230E-40     r       4.6
1.706E+09    9.333E-10    5.272E+29    7.241E+04    8.267E+04    7.812E-05    4.189E-01    3.230E-40     r       4.6
1.706E+09    9.595E-10    5.272E+29    7.285E+04    8.501E+04    7.986E-05    4.174E-01    3.880E-40     r       4.6
1.706E+09    1.014E-09    5.272E+29    7.374E+04    8.984E+04    8.344E-05    4.146E-01    5.575E-40     r       4.6
1.706E+09    1.042E-09    5.272E+29    7.418E+04    9.234E+04    8.527E-05    4.132E-01    6.670E-40     r       4.6
1.706E+09    1.099E-09    5.272E+29    7.508E+04    9.750E+04    8.902E-05    4.105E-01    9.507E-40     r       4.6
1.705E+09    1.129E-09    5.272E+29    7.552E+04    1.002E+05    9.094E-05    4.092E-01    1.133E-39     r       4.6
1.705E+09    1.191E-09    5.272E+29    7.641E+04    1.057E+05    9.487E-05    4.065E-01    1.603E-39     r       4.6
1.705E+09    1.222E-09    5.272E+29    7.686E+04    1.085E+05    9.689E-05    4.052E-01    1.903E-39     r       4.6
1.705E+09    1.288E-09    5.272E+29    7.775E+04    1.144E+05    1.010E-04    4.026E-01    2.672E-39     r       4.6
1.705E+09    1.322E-09    5.272E+29    7.820E+04    1.174E+05    1.031E-04    4.013E-01    3.160E-39     r       4.6
1.705E+09    1.391E-09    5.272E+29    7.909E+04    1.236E+05    1.074E-04    3.988E-01    4.407E-39     r       4.6
1.704E+09    1.427E-09    5.272E+29    7.954E+04    1.269E+05    1.096E-04    3.976E-01    5.194E-39     r       4.6
1.704E+09    1.501E-09    5.272E+29    8.044E+04    1.335E+05    1.141E-04    3.951E-01    7.193E-39     r       4.6
1.704E+09    1.540E-09    5.272E+29    8.088E+04    1.369E+05    1.165E-04    3.939E-01    8.451E-39     r       4.6
1.704E+09    1.618E-09    5.272E+29    8.178E+04    1.440E+05    1.212E-04    3.915E-01    1.163E-38     r       4.6
1.704E+09    1.659E-09    5.272E+29    8.223E+04    1.476E+05    1.236E-04    3.903E-01    1.361E-38     r       4.6
1.704E+09    1.742E-09    5.272E+29    8.313E+04    1.551E+05    1.285E-04    3.880E-01    1.861E-38     r       4.6
1.703E+09    1.785E-09    5.272E+29    8.357E+04    1.589E+05    1.310E-04    3.868E-01    2.173E-38     r       4.6
1.703E+09    1.873E-09    5.272E+29    8.447E+04    1.669E+05    1.362E-04    3.845E-01    2.952E-38     r       4.6
1.703E+09    2.060E-09    5.272E+29    8.627E+04    1.837E+05    1.469E-04    3.800E-01    5.384E-38     r       4.6
1.703E+09    2.159E-09    5.272E+29    8.717E+04    1.926E+05    1.525E-04    3.779E-01    7.230E-38     r       4.6
1.702E+09    2.368E-09    5.272E+29    8.898E+04    2.114E+05    1.642E-04    3.736E-01    1.289E-37     r       4.6
1.702E+09    2.478E-09    5.272E+29    8.988E+04    2.213E+05    1.703E-04    3.715E-01    1.713E-37     r       4.6
1.702E+09    2.711E-09    5.272E+29    9.168E+04    2.424E+05    1.829E-04    3.675E-01    2.991E-37     r       4.6
1.701E+09    2.834E-09    5.272E+29    9.259E+04    2.534E+05    1.895E-04    3.655E-01    3.932E-37     r       4.6
1.701E+09    3.093E-09    5.272E+29    9.440E+04    2.768E+05    2.032E-04    3.616E-01    6.731E-37     r       4.6
1.701E+09    3.229E-09    5.272E+29    9.531E+04    2.891E+05    2.103E-04    3.597E-01    8.766E-37     r       4.6
1.700E+09    3.516E-09    5.272E+29    9.712E+04    3.151E+05    2.250E-04    3.559E-01    1.473E-36     r       4.6
1.700E+09    3.666E-09    5.272E+29    9.803E+04    3.287E+05    2.327E-04    3.541E-01    1.901E-36     r       4.6
1.700E+09    3.983E-09    5.272E+29    9.985E+04    3.574E+05    2.486E-04    3.505E-01    3.139E-36     r       4.6
1.699E+09    4.149E-09    5.272E+29    1.008E+05    3.725E+05    2.568E-04    3.488E-01    4.017E-36     r       4.6
1.699E+09    4.498E-09    5.272E+29    1.026E+05    4.041E+05    2.739E-04    3.453E-01    6.524E-36     r       4.6
1.699E+09    4.681E-09    5.272E+29    1.035E+05    4.208E+05    2.828E-04    3.437E-01    8.282E-36     r       4.6
1.698E+09    5.065E-09    5.272E+29    1.053E+05    4.556E+05    3.011E-04    3.404E-01    1.325E-35     r       4.6
1.698E+09    5.266E-09    5.272E+29    1.062E+05    4.739E+05    3.106E-04    3.387E-01    1.669E-35     r       4.6
1.698E+09    5.687E-09    5.272E+29    1.081E+05    5.122E+05    3.303E-04    3.356E-01    2.630E-35     r       4.6
1.697E+09    5.907E-09    5.272E+29    1.090E+05    5.322E+05    3.404E-04    3.340E-01    3.290E-35     r       4.6
1.697E+09    6.367E-09    5.272E+29    1.108E+05    5.742E+05    3.614E-04    3.310E-01    5.113E-35     r       4.6
1.697E+09    6.608E-09    5.272E+29    1.117E+05    5.962E+05    3.723E-04    3.295E-01    6.354E-35     r       4.6
1.696E+09    7.111E-09    5.272E+29    1.136E+05    6.421E+05    3.947E-04    3.265E-01    9.746E-35     r       4.6
1.696E+09    7.373E-09    5.272E+29    1.145E+05    6.661E+05    4.063E-04    3.251E-01    1.203E-34     r       4.6
1.696E+09    7.921E-09    5.272E+29    1.163E+05    7.162E+05    4.302E-04    3.222E-01    1.823E-34     r       4.6
1.695E+09    8.207E-09    5.272E+29    1.172E+05    7.423E+05    4.426E-04    3.208E-01    2.237E-34     r       4.6
1.695E+09    8.803E-09    5.272E+29    1.191E+05    7.969E+05    4.681E-04    3.181E-01    3.349E-34     r       4.6
1.695E+09    9.114E-09    5.272E+29    1.200E+05    8.254E+05    4.812E-04    3.168E-01    4.085E-34     r       4.6
1.694E+09    9.761E-09    5.272E+29    1.218E+05    8.848E+05    5.083E-04    3.141E-01    6.048E-34     r       4.6
1.694E+09    1.010E-08    5.272E+29    1.228E+05    9.157E+05    5.222E-04    3.128E-01    7.338E-34     r       4.6
1.694E+09    1.080E-08    5.272E+29    1.246E+05    9.801E+05    5.510E-04    3.103E-01    1.075E-33     r       4.6
1.694E+09    1.116E-08    5.272E+29    1.255E+05    1.014E+06    5.658E-04    3.090E-01    1.297E-33     r       4.6
1.693E+09    1.192E-08    5.272E+29    1.274E+05    1.083E+06    5.963E-04    3.065E-01    1.881E-33     r       4.6
1.693E+09    1.232E-08    5.272E+29    1.283E+05    1.120E+06    6.120E-04    3.053E-01    2.259E-33     r       4.6
1.692E+09    1.314E-08    5.272E+29    1.302E+05    1.195E+06    6.443E-04    3.029E-01    3.243E-33     r       4.5
1.692E+09    1.356E-08    5.272E+29    1.311E+05    1.235E+06    6.609E-04    3.018E-01    3.876E-33     r       4.6
1.692E+09    1.445E-08    5.272E+29    1.329E+05    1.316E+06    6.951E-04    2.994E-01    5.513E-33     r       4.5
1.692E+09    1.491E-08    5.272E+29    1.339E+05    1.359E+06    7.127E-04    2.983E-01    6.560E-33     r       4.6
1.691E+09    1.586E-08    5.272E+29    1.357E+05    1.447E+06    7.489E-04    2.961E-01    9.249E-33     r       4.5
1.691E+09    1.635E-08    5.272E+29    1.367E+05    1.492E+06    7.674E-04    2.950E-01    1.096E-32     r       4.6
1.690E+09    1.738E-08    5.272E+29    1.385E+05    1.587E+06    8.056E-04    2.928E-01    1.532E-32     r       4.5
1.690E+09    1.791E-08    5.272E+29    1.395E+05    1.636E+06    8.252E-04    2.917E-01    1.807E-32     r       4.5
1.690E+09    1.901E-08    5.272E+29    1.413E+05    1.738E+06    8.654E-04    2.896E-01    2.506E-32     r       4.5
1.690E+09    1.958E-08    5.272E+29    1.423E+05    1.791E+06    8.861E-04    2.886E-01    2.945E-32     r       4.5
1.689E+09    2.076E-08    5.272E+29    1.441E+05    1.901E+06    9.285E-04    2.865E-01    4.052E-32     r       4.5
1.689E+09    2.137E-08    5.272E+29    1.451E+05    1.957E+06    9.502E-04    2.855E-01    4.744E-32     r       4.5
1.689E+09    2.263E-08    5.272E+29    1.469E+05    2.075E+06    9.949E-04    2.835E-01    6.479E-32     r       4.5
1.688E+09    2.329E-08    5.272E+29    1.479E+05    2.136E+06    1.018E-03    2.825E-01    7.558E-32     r       4.5
1.688E+09    2.464E-08    5.272E+29    1.497E+05    2.262E+06    1.065E-03    2.806E-01    1.025E-31     r       4.5
1.688E+09    2.534E-08    5.272E+29    1.507E+05    2.327E+06    1.089E-03    2.797E-01    1.191E-31     r       4.5
1.687E+09    2.678E-08    5.272E+29    1.526E+05    2.462E+06    1.138E-03    2.778E-01    1.604E-31     r       4.5
1.687E+09    2.753E-08    5.272E+29    1.535E+05    2.531E+06    1.163E-03    2.768E-01    1.858E-31     r       4.5
1.687E+09    2.907E-08    5.272E+29    1.554E+05    2.675E+06    1.215E-03    2.750E-01    2.486E-31     r       4.5
1.686E+09    2.986E-08    5.272E+29    1.563E+05    2.750E+06    1.242E-03    2.741E-01    2.871E-31     r       4.5
1.686E+09    3.151E-08    5.272E+29    1.582E+05    2.903E+06    1.296E-03    2.723E-01    3.817E-31     r       4.5
1.686E+09    3.236E-08    5.272E+29    1.591E+05    2.983E+06    1.324E-03    2.715E-01    4.394E-31     r       4.5
1.685E+09    3.411E-08    5.272E+29    1.610E+05    3.147E+06    1.381E-03    2.697E-01    5.805E-31     r       4.5
1.685E+09    3.501E-08    5.272E+29    1.620E+05    3.232E+06    1.410E-03    2.689E-01    6.663E-31     r       4.5
1.685E+09    3.687E-08    5.272E+29    1.639E+05    3.406E+06    1.470E-03    2.672E-01    8.753E-31     r       4.5
1.684E+09    3.783E-08    5.272E+29    1.648E+05    3.497E+06    1.500E-03    2.664E-01    1.002E-30     r       4.5
1.684E+09    3.981E-08    5.272E+29    1.667E+05    3.683E+06    1.563E-03    2.647E-01    1.308E-30     r       4.5
1.684E+09    4.083E-08    5.272E+29    1.676E+05    3.779E+06    1.595E-03    2.639E-01    1.493E-30     r       4.5
1.683E+09    4.293E-08    5.272E+29    1.695E+05    3.976E+06    1.660E-03    2.623E-01    1.940E-30     r       4.5
1.683E+09    4.401E-08    5.272E+29    1.705E+05    4.078E+06    1.693E-03    2.615E-01    2.208E-30     r       4.5
1.683E+09    4.624E-08    5.272E+29    1.724E+05    4.289E+06    1.762E-03    2.600E-01    2.854E-30     r       4.5
1.682E+09    4.739E-08    5.272E+29    1.733E+05    4.397E+06    1.797E-03    2.592E-01    3.240E-30     r       4.5
1.682E+09    4.975E-08    5.272E+29    1.752E+05    4.620E+06    1.868E-03    2.577E-01    4.165E-30     r       4.5
1.682E+09    5.097E-08    5.272E+29    1.762E+05    4.735E+06    1.904E-03    2.569E-01    4.717E-30     r       4.5
1.681E+09    5.347E-08    5.272E+29    1.781E+05    4.971E+06    1.979E-03    2.554E-01    6.036E-30     r       4.5
1.681E+09    5.876E-08    5.272E+29    1.819E+05    5.473E+06    2.134E-03    2.525E-01    9.789E-30     r       4.5
1.680E+09    6.156E-08    5.272E+29    1.838E+05    5.738E+06    2.215E-03    2.511E-01    1.241E-29     r       4.5
1.679E+09    6.747E-08    5.272E+29    1.876E+05    6.300E+06    2.384E-03    2.483E-01    1.977E-29     r       4.5
1.679E+09    7.059E-08    5.272E+29    1.895E+05    6.597E+06    2.472E-03    2.470E-01    2.484E-29     r       4.5
1.678E+09    7.717E-08    5.272E+29    1.933E+05    7.224E+06    2.655E-03    2.443E-01    3.891E-29     r       4.5
1.678E+09    8.063E-08    5.272E+29    1.952E+05    7.554E+06    2.750E-03    2.431E-01    4.851E-29     r       4.5
1.677E+09    8.793E-08    5.272E+29    1.991E+05    8.252E+06    2.947E-03    2.405E-01    7.479E-29     r       4.5
1.676E+09    9.177E-08    5.272E+29    2.010E+05    8.620E+06    3.050E-03    2.393E-01    9.253E-29     r       4.5
1.675E+09    9.985E-08    5.272E+29    2.048E+05    9.394E+06    3.263E-03    2.369E-01    1.406E-28     r       4.5
1.675E+09    1.041E-07    5.272E+29    2.068E+05    9.802E+06    3.374E-03    2.357E-01    1.727E-28     r       4.5
1.674E+09    1.130E-07    5.272E+29    2.106E+05    1.066E+07    3.604E-03    2.334E-01    2.587E-28     r       4.5
1.674E+09    1.177E-07    5.272E+29    2.125E+05    1.111E+07    3.723E-03    2.322E-01    3.157E-28     r       4.5
1.673E+09    1.275E-07    5.272E+29    2.164E+05    1.206E+07    3.970E-03    2.300E-01    4.669E-28     r       4.5
1.672E+09    1.326E-07    5.272E+29    2.183E+05    1.255E+07    4.098E-03    2.289E-01    5.660E-28     r       4.5
1.671E+09    1.434E-07    5.272E+29    2.222E+05    1.360E+07    4.363E-03    2.268E-01    8.268E-28     r       4.5
1.671E+09    1.490E-07    5.272E+29    2.241E+05    1.414E+07    4.500E-03    2.257E-01    9.964E-28     r       4.5
1.670E+09    1.609E-07    5.272E+29    2.280E+05    1.529E+07    4.784E-03    2.237E-01    1.439E-27     r       4.5
1.670E+09    1.670E-07    5.272E+29    2.300E+05    1.589E+07    4.931E-03    2.226E-01    1.724E-27     r       4.5
1.669E+09    1.799E-07    5.272E+29    2.339E+05    1.715E+07    5.235E-03    2.207E-01    2.462E-27     r       4.5
1.668E+09    1.867E-07    5.272E+29    2.358E+05    1.781E+07    5.392E-03    2.197E-01    2.934E-27     r       4.5
1.668E+09    2.007E-07    5.272E+29    2.397E+05    1.918E+07    5.717E-03    2.178E-01    4.146E-27     r       4.5
1.667E+09    2.081E-07    5.272E+29    2.417E+05    1.990E+07    5.884E-03    2.169E-01    4.917E-27     r       4.5
1.666E+09    2.234E-07    5.272E+29    2.456E+05    2.140E+07    6.230E-03    2.150E-01    6.880E-27     r       4.5
1.666E+09    2.314E-07    5.272E+29    2.475E+05    2.219E+07    6.409E-03    2.141E-01    8.119E-27     r       4.5
1.665E+09    2.481E-07    5.272E+29    2.514E+05    2.383E+07    6.777E-03    2.123E-01    1.125E-26     r       4.5
1.665E+09    2.568E-07    5.272E+29    2.534E+05    2.468E+07    6.967E-03    2.115E-01    1.322E-26     r       4.5
1.664E+09    2.748E-07    5.272E+29    2.573E+05    2.646E+07    7.359E-03    2.097E-01    1.816E-26     r       4.5
1.663E+09    2.842E-07    5.272E+29    2.593E+05    2.739E+07    7.561E-03    2.089E-01    2.124E-26     r       4.5
1.662E+09    3.038E-07    5.272E+29    2.632E+05    2.933E+07    7.977E-03    2.073E-01    2.894E-26     r       4.5
1.662E+09    3.140E-07    5.272E+29    2.652E+05    3.034E+07    8.192E-03    2.064E-01    3.370E-26     r       4.5
1.661E+09    3.351E-07    5.272E+29    2.691E+05    3.244E+07    8.633E-03    2.048E-01    4.554E-26     r       4.5
1.661E+09    3.461E-07    5.272E+29    2.711E+05    3.353E+07    8.861E-03    2.040E-01    5.283E-26     r       4.5
1.660E+09    3.690E-07    5.272E+29    2.751E+05    3.580E+07    9.329E-03    2.025E-01    7.083E-26     r       4.5
1.659E+09    3.808E-07    5.272E+29    2.771E+05    3.699E+07    9.570E-03    2.017E-01    8.187E-26     r       4.5
1.658E+09    4.055E-07    5.272E+29    2.810E+05    3.944E+07    1.007E-02    2.002E-01    1.090E-25     r       4.5
1.658E+09    4.182E-07    5.272E+29    2.830E+05    4.072E+07    1.032E-02    1.995E-01    1.255E-25     r       4.5
1.657E+09    4.447E-07    5.272E+29    2.870E+05    4.338E+07    1.084E-02    1.980E-01    1.658E-25     r       4.5
1.657E+09    4.584E-07    5.272E+29    2.890E+05    4.475E+07    1.111E-02    1.973E-01    1.903E-25     r       4.5
1.656E+09    4.869E-07    5.272E+29    2.929E+05    4.761E+07    1.167E-02    1.959E-01    2.498E-25     r       4.5
1.655E+09    5.017E-07    5.272E+29    2.949E+05    4.910E+07    1.195E-02    1.952E-01    2.858E-25     r       4.5
1.655E+09    5.322E-07    5.272E+29    2.989E+05    5.218E+07    1.253E-02    1.939E-01    3.727E-25     r       4.5
1.654E+09    5.480E-07    5.272E+29    3.009E+05    5.378E+07    1.283E-02    1.932E-01    4.250E-25     r       4.5
1.653E+09    5.808E-07    5.272E+29    3.049E+05    5.709E+07    1.345E-02    1.919E-01    5.508E-25     r       4.5
1.653E+09    5.977E-07    5.272E+29    3.069E+05    5.880E+07    1.377E-02    1.912E-01    6.262E-25     r       4.5
1.652E+09    6.328E-07    5.272E+29    3.109E+05    6.236E+07    1.441E-02    1.899E-01    8.069E-25     r       4.5
1.652E+09    6.509E-07    5.272E+29    3.129E+05    6.420E+07    1.475E-02    1.893E-01    9.146E-25     r       4.5
1.651E+09    6.884E-07    5.272E+29    3.169E+05    6.802E+07    1.543E-02    1.880E-01    1.172E-24     r       4.5
1.650E+09    7.078E-07    5.272E+29    3.189E+05    6.999E+07    1.578E-02    1.874E-01    1.325E-24     r       4.5
1.649E+09    7.478E-07    5.272E+29    3.230E+05    7.408E+07    1.650E-02    1.862E-01    1.688E-24     r       4.5
1.649E+09    7.684E-07    5.272E+29    3.250E+05    7.619E+07    1.686E-02    1.856E-01    1.903E-24     r       4.5
1.648E+09    8.111E-07    5.272E+29    3.290E+05    8.056E+07    1.762E-02    1.844E-01    2.412E-24     r       4.5
1.648E+09    8.332E-07    5.272E+29    3.310E+05    8.282E+07    1.800E-02    1.838E-01    2.712E-24     r       4.5
1.647E+09    8.787E-07    5.272E+29    3.350E+05    8.750E+07    1.880E-02    1.827E-01    3.421E-24     r       4.5
1.646E+09    9.021E-07    5.272E+29    3.371E+05    8.991E+07    1.920E-02    1.821E-01    3.837E-24     r       4.5
1.645E+09    9.506E-07    5.272E+29    3.411E+05    9.490E+07    2.003E-02    1.810E-01    4.816E-24     r       4.5
1.645E+09    9.755E-07    5.272E+29    3.431E+05    9.748E+07    2.046E-02    1.804E-01    5.389E-24     r       4.5
1.644E+09    1.027E-06    5.272E+29    3.472E+05    1.028E+08    2.133E-02    1.793E-01    6.733E-24     r       4.5
1.644E+09    1.054E-06    5.272E+29    3.492E+05    1.055E+08    2.177E-02    1.788E-01    7.517E-24     r       4.5
1.643E+09    1.108E-06    5.272E+29    3.533E+05    1.112E+08    2.268E-02    1.777E-01    9.349E-24     r       4.5
1.642E+09    1.136E-06    5.272E+29    3.553E+05    1.141E+08    2.315E-02    1.772E-01    1.041E-23     r       4.5
1.642E+09    1.194E-06    5.272E+29    3.594E+05    1.202E+08    2.410E-02    1.762E-01    1.290E-23     r       4.5
1.641E+09    1.224E-06    5.272E+29    3.614E+05    1.233E+08    2.459E-02    1.756E-01    1.434E-23     r       4.5
1.640E+09    1.286E-06    5.272E+29    3.655E+05    1.297E+08    2.559E-02    1.746E-01    1.768E-23     r       4.5
1.640E+09    1.318E-06    5.272E+29    3.676E+05    1.330E+08    2.610E-02    1.741E-01    1.961E-23     r       4.5
1.639E+09    1.383E-06    5.272E+29    3.716E+05    1.399E+08    2.714E-02    1.731E-01    2.409E-23     r       4.5
1.639E+09    1.416E-06    5.272E+29    3.737E+05    1.434E+08    2.767E-02    1.727E-01    2.667E-23     r       4.5
1.638E+09    1.485E-06    5.272E+29    3.778E+05    1.506E+08    2.876E-02    1.717E-01    3.263E-23     r       4.5
1.637E+09    1.521E-06    5.272E+29    3.798E+05    1.544E+08    2.932E-02    1.712E-01    3.605E-23     r       4.5
1.636E+09    1.594E-06    5.272E+29    3.839E+05    1.620E+08    3.045E-02    1.703E-01    4.394E-23     r       4.5
1.635E+09    1.748E-06    5.272E+29    3.922E+05    1.783E+08    3.283E-02    1.684E-01    6.481E-23     r       4.5
1.634E+09    1.829E-06    5.272E+29    3.963E+05    1.870E+08    3.407E-02    1.675E-01    7.843E-23     r       4.5
1.632E+09    2.001E-06    5.272E+29    4.046E+05    2.052E+08    3.664E-02    1.658E-01    1.141E-22     r       4.5
1.631E+09    2.092E-06    5.272E+29    4.087E+05    2.149E+08    3.799E-02    1.649E-01    1.371E-22     r       4.5
1.629E+09    2.282E-06    5.272E+29    4.170E+05    2.353E+08    4.078E-02    1.633E-01    1.969E-22     r       4.5
1.629E+09    2.383E-06    5.272E+29    4.211E+05    2.461E+08    4.224E-02    1.624E-01    2.352E-22     r       4.5
1.627E+09    2.594E-06    5.272E+29    4.295E+05    2.689E+08    4.526E-02    1.608E-01    3.337E-22     r       4.5
1.626E+09    2.705E-06    5.272E+29    4.336E+05    2.809E+08    4.684E-02    1.600E-01    3.962E-22     r       4.5
1.624E+09    2.938E-06    5.272E+29    4.420E+05    3.062E+08    5.011E-02    1.585E-01    5.557E-22     r       4.5
1.623E+09    3.061E-06    5.272E+29    4.462E+05    3.195E+08    5.180E-02    1.577E-01    6.563E-22     r       4.5
1.622E+09    3.318E-06    5.272E+29    4.546E+05    3.475E+08    5.533E-02    1.563E-01    9.105E-22     r       4.5
1.621E+09    3.452E-06    5.272E+29    4.588E+05    3.623E+08    5.715E-02    1.555E-01    1.070E-21     r       4.5
1.619E+09    3.735E-06    5.272E+29    4.672E+05    3.933E+08    6.094E-02    1.541E-01    1.469E-21     r       4.5
1.618E+09    3.882E-06    5.272E+29    4.714E+05    4.096E+08    6.291E-02    1.534E-01    1.717E-21     r       4.5
1.616E+09    4.192E-06    5.272E+29    4.799E+05    4.438E+08    6.698E-02    1.521E-01    2.336E-21     r       4.5
1.616E+09    4.354E-06    5.272E+29    4.841E+05    4.617E+08    6.909E-02    1.514E-01    2.719E-21     r       4.5
1.614E+09    4.693E-06    5.272E+29    4.926E+05    4.994E+08    7.346E-02    1.501E-01    3.665E-21     r       4.5
1.613E+09    4.870E-06    5.272E+29    4.969E+05    5.192E+08    7.572E-02    1.494E-01    4.246E-21     r       4.5
1.611E+09    5.239E-06    5.272E+29    5.054E+05    5.606E+08    8.040E-02    1.482E-01    5.675E-21     r       4.5
1.610E+09    5.432E-06    5.272E+29    5.097E+05    5.822E+08    8.282E-02    1.476E-01    6.547E-21     r       4.5
1.609E+09    5.835E-06    5.272E+29    5.182E+05    6.276E+08    8.783E-02    1.463E-01    8.679E-21     r       4.5
1.608E+09    6.045E-06    5.272E+29    5.225E+05    6.514E+08    9.042E-02    1.458E-01    9.973E-21     r       4.5
1.606E+09    6.483E-06    5.272E+29    5.311E+05    7.011E+08    9.576E-02    1.446E-01    1.312E-20     r       4.5
1.605E+09    6.711E-06    5.272E+29    5.354E+05    7.270E+08    9.852E-02    1.440E-01    1.502E-20     r       4.5
1.604E+09    7.187E-06    5.272E+29    5.440E+05    7.813E+08    1.042E-01    1.429E-01    1.961E-20     r       4.5
1.603E+09    7.434E-06    5.272E+29    5.484E+05    8.097E+08    1.072E-01    1.423E-01    2.238E-20     r       4.5
1.601E+09    7.950E-06    5.272E+29    5.570E+05    8.689E+08    1.132E-01    1.412E-01    2.902E-20     r       4.5
1.600E+09    8.218E-06    5.272E+29    5.613E+05    8.997E+08    1.164E-01    1.407E-01    3.299E-20     r       4.5
1.598E+09    8.775E-06    5.272E+29    5.700E+05    9.642E+08    1.228E-01    1.396E-01    4.249E-20     r       4.5
1.597E+09    9.065E-06    5.272E+29    5.744E+05    9.978E+08    1.262E-01    1.391E-01    4.815E-20     r       4.5
1.596E+09    9.667E-06    5.272E+29    5.831E+05    1.068E+09    1.330E-01    1.381E-01    6.164E-20     r       4.5
1.595E+09    9.979E-06    5.272E+29    5.875E+05    1.104E+09    1.366E-01    1.376E-01    6.963E-20     r       4.5
1.593E+09    1.063E-05    5.272E+29    5.962E+05    1.180E+09    1.439E-01    1.366E-01    8.859E-20     r       4.5
1.592E+09    1.097E-05    5.272E+29    6.006E+05    1.220E+09    1.476E-01    1.361E-01    9.979E-20     r       4.5
1.591E+09    1.166E-05    5.272E+29    6.094E+05    1.303E+09    1.554E-01    1.351E-01    1.262E-19     r       4.5
1.590E+09    1.203E-05    5.272E+29    6.138E+05    1.345E+09    1.593E-01    1.346E-01    1.418E-19     r       4.5
1.588E+09    1.278E-05    5.272E+29    6.227E+05    1.435E+09    1.675E-01    1.337E-01    1.784E-19     r       4.5
1.587E+09    1.317E-05    5.272E+29    6.271E+05    1.481E+09    1.717E-01    1.333E-01    1.998E-19     r       4.5
1.585E+09    1.398E-05    5.272E+29    6.359E+05    1.577E+09    1.804E-01    1.324E-01    2.500E-19     r       4.5
1.584E+09    1.439E-05    5.272E+29    6.404E+05    1.628E+09    1.849E-01    1.319E-01    2.793E-19     r       4.5
1.583E+09    1.526E-05    5.272E+29    6.493E+05    1.732E+09    1.940E-01    1.310E-01    3.478E-19     r       4.5
1.582E+09    1.571E-05    5.272E+29    6.537E+05    1.786E+09    1.988E-01    1.306E-01    3.876E-19     r       4.5
1.580E+09    1.664E-05    5.272E+29    6.626E+05    1.898E+09    2.084E-01    1.297E-01    4.802E-19     r       4.5
1.579E+09    1.711E-05    5.272E+29    6.671E+05    1.956E+09    2.134E-01    1.293E-01    5.339E-19     r       4.5
1.578E+09    1.811E-05    5.272E+29    6.761E+05    2.077E+09    2.236E-01    1.285E-01    6.585E-19     r       4.5
1.577E+09    1.862E-05    5.272E+29    6.806E+05    2.140E+09    2.289E-01    1.281E-01    7.305E-19     r       4.5
1.575E+09    1.968E-05    5.272E+29    6.896E+05    2.270E+09    2.397E-01    1.273E-01    8.969E-19     r       4.5
1.574E+09    2.023E-05    5.272E+29    6.941E+05    2.337E+09    2.452E-01    1.269E-01    9.927E-19     r       4.5
1.572E+09    2.136E-05    5.272E+29    7.031E+05    2.477E+09    2.566E-01    1.261E-01    1.214E-18     r       4.5
1.571E+09    2.194E-05    5.272E+29    7.076E+05    2.549E+09    2.624E-01    1.257E-01    1.340E-18     r       4.5
1.570E+09    2.315E-05    5.272E+29    7.167E+05    2.699E+09    2.744E-01    1.250E-01    1.632E-18     r       4.5
1.569E+09    2.377E-05    5.272E+29    7.212E+05    2.777E+09    2.805E-01    1.246E-01    1.799E-18     r       4.5
1.567E+09    2.506E-05    5.272E+29    7.303E+05    2.938E+09    2.931E-01    1.238E-01    2.182E-18     r       4.5
1.566E+09    2.572E-05    5.272E+29    7.349E+05    3.021E+09    2.995E-01    1.235E-01    2.400E-18     r       4.5
1.565E+09    2.709E-05    5.272E+29    7.440E+05    3.193E+09    3.128E-01    1.227E-01    2.899E-18     r       4.5
1.564E+09    2.779E-05    5.272E+29    7.486E+05    3.282E+09    3.196E-01    1.224E-01    3.184E-18     r       4.5
1.562E+09    2.925E-05    5.272E+29    7.578E+05    3.467E+09    3.335E-01    1.217E-01    3.832E-18     r       4.5
1.561E+09    3.000E-05    5.272E+29    7.624E+05    3.562E+09    3.406E-01    1.213E-01    4.200E-18     r       4.5
1.559E+09    3.154E-05    5.272E+29    7.716E+05    3.759E+09    3.552E-01    1.207E-01    5.038E-18     r       4.5
1.559E+09    3.233E-05    5.272E+29    7.762E+05    3.861E+09    3.627E-01    1.203E-01    5.512E-18     r       4.5
1.557E+09    3.397E-05    5.272E+29    7.854E+05    4.071E+09    3.780E-01    1.196E-01    6.589E-18     r       4.5
1.556E+09    3.481E-05    5.272E+29    7.900E+05    4.180E+09    3.858E-01    1.193E-01    7.197E-18     r       4.5
1.554E+09    3.655E-05    5.272E+29    7.993E+05    4.404E+09    4.019E-01    1.187E-01    8.574E-18     r       4.5
1.553E+09    3.744E-05    5.272E+29    8.039E+05    4.520E+09    4.101E-01    1.183E-01    9.351E-18     r       4.5
1.552E+09    3.928E-05    5.272E+29    8.133E+05    4.759E+09    4.270E-01    1.177E-01    1.110E-17     r       4.5
1.551E+09    4.023E-05    5.272E+29    8.179E+05    4.883E+09    4.356E-01    1.174E-01    1.209E-17     r       4.5
1.549E+09    4.217E-05    5.272E+29    8.273E+05    5.138E+09    4.532E-01    1.168E-01    1.431E-17     r       4.5
1.548E+09    4.317E-05    5.272E+29    8.319E+05    5.270E+09    4.622E-01    1.165E-01    1.556E-17     r       4.5
1.546E+09    4.523E-05    5.272E+29    8.413E+05    5.541E+09    4.807E-01    1.159E-01    1.837E-17     r       4.5
1.546E+09    4.629E-05    5.272E+29    8.460E+05    5.681E+09    4.901E-01    1.155E-01    1.994E-17     r       4.5
1.544E+09    4.846E-05    5.272E+29    8.554E+05    5.970E+09    5.094E-01    1.150E-01    2.347E-17     r       4.5
1.543E+09    4.958E-05    5.272E+29    8.601E+05    6.118E+09    5.193E-01    1.147E-01    2.545E-17     r       4.5
1.541E+09    5.187E-05    5.272E+29    8.696E+05    6.425E+09    5.395E-01    1.141E-01    2.987E-17     r       4.5
1.540E+09    5.305E-05    5.272E+29    8.743E+05    6.583E+09    5.498E-01    1.138E-01    3.234E-17     r       4.5
1.539E+09    5.547E-05    5.272E+29    8.838E+05    6.909E+09    5.709E-01    1.132E-01    3.785E-17     r       4.5
1.535E+09    6.057E-05    5.272E+29    9.028E+05    7.601E+09    6.149E-01    1.121E-01    5.160E-17     r       4.5
1.533E+09    6.326E-05    5.272E+29    9.124E+05    7.968E+09    6.379E-01    1.116E-01    6.009E-17     r       4.5
1.530E+09    6.892E-05    5.272E+29    9.316E+05    8.745E+09    6.859E-01    1.105E-01    8.109E-17     r       4.5
1.528E+09    7.189E-05    5.272E+29    9.412E+05    9.157E+09    7.109E-01    1.100E-01    9.398E-17     r       4.5
1.525E+09    7.815E-05    5.272E+29    9.606E+05    1.003E+10    7.631E-01    1.090E-01    1.257E-16     r       4.5
1.523E+09    8.144E-05    5.272E+29    9.703E+05    1.049E+10    7.902E-01    1.085E-01    1.450E-16     r       4.5
1.520E+09    8.834E-05    5.272E+29    9.897E+05    1.146E+10    8.468E-01    1.075E-01    1.921E-16     r       4.5
1.518E+09    9.196E-05    5.272E+29    9.995E+05    1.198E+10    8.763E-01    1.070E-01    2.207E-16     r       4.5
1.514E+09    9.956E-05    5.272E+29    1.019E+06    1.307E+10    9.376E-01    1.061E-01    2.901E-16     r       4.5
1.513E+09    1.035E-04    5.272E+29    1.029E+06    1.364E+10    9.695E-01    1.056E-01    3.319E-16     r       4.5
1.509E+09    1.119E-04    5.272E+29    1.049E+06    1.485E+10    1.036E+00    1.047E-01    4.328E-16     r       4.5
1.507E+09    1.162E-04    5.272E+29    1.059E+06    1.549E+10    1.070E+00    1.043E-01    4.934E-16     r       4.5
1.504E+09    1.254E-04    5.272E+29    1.079E+06    1.683E+10    1.142E+00    1.034E-01    6.386E-16     r       4.5
1.502E+09    1.302E-04    5.272E+29    1.089E+06    1.754E+10    1.179E+00    1.030E-01    7.253E-16     r       4.5
1.499E+09    1.402E-04    5.272E+29    1.109E+06    1.903E+10    1.256E+00    1.021E-01    9.323E-16     r       4.5
1.497E+09    1.454E-04    5.272E+29    1.119E+06    1.982E+10    1.296E+00    1.017E-01    1.055E-15     r       4.5
1.494E+09    1.563E-04    5.272E+29    1.139E+06    2.147E+10    1.380E+00    1.009E-01    1.347E-15     r       4.5
1.492E+09    1.620E-04    5.272E+29    1.149E+06    2.233E+10    1.423E+00    1.005E-01    1.520E-15     r       4.5
1.488E+09    1.738E-04    5.272E+29    1.170E+06    2.415E+10    1.512E+00    9.975E-02    1.929E-15     r       4.5
1.487E+09    1.800E-04    5.272E+29    1.180E+06    2.511E+10    1.559E+00    9.937E-02    2.169E-15     r       4.5
1.483E+09    1.929E-04    5.272E+29    1.200E+06    2.712E+10    1.655E+00    9.862E-02    2.736E-15     r       4.5
1.481E+09    1.997E-04    5.272E+29    1.211E+06    2.817E+10    1.704E+00    9.825E-02    3.068E-15     r       4.5
1.478E+09    2.137E-04    5.272E+29    1.231E+06    3.038E+10    1.808E+00    9.752E-02    3.848E-15     r       4.5
1.476E+09    2.210E-04    5.272E+29    1.242E+06    3.154E+10    1.861E+00    9.717E-02    4.303E-15     r       4.5
1.473E+09    2.362E-04    5.272E+29    1.263E+06    3.397E+10    1.971E+00    9.646E-02    5.367E-15     r       4.5
1.471E+09    2.441E-04    5.272E+29    1.273E+06    3.524E+10    2.029E+00    9.612E-02    5.986E-15     r       4.5
1.468E+09    2.605E-04    5.272E+29    1.294E+06    3.791E+10    2.147E+00    9.544E-02    7.427E-15     r       4.4
1.466E+09    2.690E-04    5.272E+29    1.305E+06    3.930E+10    2.208E+00    9.510E-02    8.263E-15     r       4.4
1.462E+09    2.868E-04    5.272E+29    1.326E+06    4.222E+10    2.334E+00    9.444E-02    1.020E-14     r       4.4
1.461E+09    2.960E-04    5.272E+29    1.336E+06    4.375E+10    2.400E+00    9.412E-02    1.132E-14     r       4.4
1.457E+09    3.151E-04    5.272E+29    1.358E+06    4.694E+10    2.535E+00    9.348E-02    1.391E-14     r       4.4
1.456E+09    3.251E-04    5.272E+29    1.369E+06    4.861E+10    2.605E+00    9.317E-02    1.541E-14     r       4.4
1.452E+09    3.457E-04    5.272E+29    1.390E+06    5.210E+10    2.749E+00    9.255E-02    1.885E-14     r       4.4
1.450E+09    3.564E-04    5.272E+29    1.401E+06    5.392E+10    2.823E+00    9.224E-02    2.082E-14     r       4.4
1.447E+09    3.785E-04    5.272E+29    1.423E+06    5.773E+10    2.977E+00    9.164E-02    2.536E-14     r       4.4
1.445E+09    3.900E-04    5.272E+29    1.433E+06    5.972E+10    3.056E+00    9.135E-02    2.796E-14     r       4.4
1.442E+09    4.139E-04    5.272E+29    1.455E+06    6.387E+10    3.220E+00    9.076E-02    3.392E-14     r       4.4
1.440E+09    4.262E-04    5.272E+29    1.466E+06    6.603E+10    3.304E+00    9.047E-02    3.732E-14     r       4.4
1.436E+09    4.518E-04    5.272E+29    1.488E+06    7.055E+10    3.478E+00    8.991E-02    4.509E-14     r       4.4
1.435E+09    4.650E-04    5.272E+29    1.499E+06    7.291E+10    3.568E+00    8.963E-02    4.952E-14     r       4.4
1.431E+09    4.924E-04    5.272E+29    1.522E+06    7.782E+10    3.754E+00    8.908E-02    5.960E-14     r       4.4
1.430E+09    5.066E-04    5.272E+29    1.533E+06    8.038E+10    3.849E+00    8.881E-02    6.533E-14     r       4.4
1.426E+09    5.359E-04    5.272E+29    1.555E+06    8.571E+10    4.046E+00    8.827E-02    7.835E-14     r       4.4
1.424E+09    5.511E-04    5.272E+29    1.566E+06    8.849E+10    4.147E+00    8.801E-02    8.572E-14     r       4.4
1.421E+09    5.824E-04    5.272E+29    1.589E+06    9.428E+10    4.356E+00    8.748E-02    1.024E-13     r       4.4
1.419E+09    5.986E-04    5.272E+29    1.600E+06    9.729E+10    4.464E+00    8.723E-02    1.119E-13     r       4.4
1.416E+09    6.321E-04    5.272E+29    1.623E+06    1.036E+11    4.686E+00    8.672E-02    1.333E-13     r       4.4
1.414E+09    6.494E-04    5.272E+29    1.634E+06    1.068E+11    4.800E+00    8.647E-02    1.453E-13     r       4.4
1.411E+09    6.852E-04    5.272E+29    1.657E+06    1.136E+11    5.035E+00    8.597E-02    1.725E-13     r       4.4
1.409E+09    7.036E-04    5.272E+29    1.669E+06    1.172E+11    5.156E+00    8.573E-02    1.878E-13     r       4.4
1.405E+09    7.417E-04    5.272E+29    1.692E+06    1.245E+11    5.405E+00    8.525E-02    2.223E-13     r       4.4
1.404E+09    7.614E-04    5.272E+29    1.703E+06    1.283E+11    5.534E+00    8.501E-02    2.416E-13     r       4.4
1.400E+09    8.020E-04    5.272E+29    1.727E+06    1.363E+11    5.797E+00    8.454E-02    2.851E-13     r       4.4
1.398E+09    8.229E-04    5.272E+29    1.738E+06    1.404E+11    5.933E+00    8.431E-02    3.095E-13     r       4.4
1.395E+09    8.661E-04    5.272E+29    1.762E+06    1.490E+11    6.212E+00    8.385E-02    3.641E-13     r       4.4
1.393E+09    8.883E-04    5.272E+29    1.773E+06    1.534E+11    6.356E+00    8.363E-02    3.947E-13     r       4.4
1.390E+09    9.342E-04    5.272E+29    1.797E+06    1.627E+11    6.651E+00    8.318E-02    4.630E-13     r       4.4
1.388E+09    9.579E-04    5.272E+29    1.809E+06    1.675E+11    6.803E+00    8.296E-02    5.012E-13     r       4.4
1.385E+09    1.007E-03    5.272E+29    1.833E+06    1.774E+11    7.115E+00    8.252E-02    5.864E-13     r       4.4
1.383E+09    1.032E-03    5.272E+29    1.845E+06    1.826E+11    7.275E+00    8.231E-02    6.339E-13     r       4.4
1.379E+09    1.083E-03    5.272E+29    1.869E+06    1.934E+11    7.605E+00    8.188E-02    7.398E-13     r       4.4
1.378E+09    1.110E-03    5.272E+29    1.881E+06    1.989E+11    7.774E+00    8.167E-02    7.987E-13     r       4.4
1.374E+09    1.165E-03    5.272E+29    1.905E+06    2.105E+11    8.122E+00    8.125E-02    9.298E-13     r       4.4
1.372E+09    1.193E-03    5.272E+29    1.917E+06    2.165E+11    8.301E+00    8.105E-02    1.003E-12     r       4.4
1.369E+09    1.251E-03    5.272E+29    1.942E+06    2.289E+11    8.668E+00    8.064E-02    1.164E-12     r       4.4
1.367E+09    1.281E-03    5.272E+29    1.954E+06    2.354E+11    8.856E+00    8.044E-02    1.254E-12     r       4.4
1.364E+09    1.343E-03    5.272E+29    1.978E+06    2.487E+11    9.243E+00    8.004E-02    1.453E-12     r       4.4
1.362E+09    1.374E-03    5.272E+29    1.991E+06    2.557E+11    9.442E+00    7.985E-02    1.563E-12     r       4.4
1.359E+09    1.439E-03    5.272E+29    2.016E+06    2.700E+11    9.850E+00    7.946E-02    1.807E-12     r       4.4
1.357E+09    1.473E-03    5.272E+29    2.028E+06    2.774E+11    1.006E+01    7.927E-02    1.941E-12     r       4.4
1.353E+09    1.542E-03    5.272E+29    2.053E+06    2.928E+11    1.049E+01    7.889E-02    2.239E-12     r       4.4
1.352E+09    1.577E-03    5.272E+29    2.066E+06    3.008E+11    1.071E+01    7.870E-02    2.404E-12     r       4.4
1.348E+09    1.649E-03    5.272E+29    2.091E+06    3.173E+11    1.116E+01    7.833E-02    2.767E-12     r       4.4
1.346E+09    1.687E-03    5.272E+29    2.103E+06    3.259E+11    1.140E+01    7.814E-02    2.967E-12     r       4.4
1.343E+09    1.763E-03    5.272E+29    2.129E+06    3.436E+11    1.187E+01    7.778E-02    3.408E-12     r       4.4
1.341E+09    1.803E-03    5.272E+29    2.142E+06    3.527E+11    1.212E+01    7.760E-02    3.650E-12     r       4.4
1.338E+09    1.884E-03    5.272E+29    2.167E+06    3.717E+11    1.262E+01    7.724E-02    4.184E-12     r       4.4
1.336E+09    1.925E-03    5.272E+29    2.180E+06    3.815E+11    1.287E+01    7.707E-02    4.478E-12     r       4.4
1.333E+09    2.011E-03    5.272E+29    2.206E+06    4.018E+11    1.340E+01    7.672E-02    5.123E-12     r       4.4
1.331E+09    2.054E-03    5.272E+29    2.219E+06    4.123E+11    1.367E+01    7.655E-02    5.478E-12     r       4.4
1.327E+09    2.144E-03    5.272E+29    2.245E+06    4.340E+11    1.423E+01    7.620E-02    6.255E-12     r       4.4
1.326E+09    2.190E-03    5.272E+29    2.258E+06    4.453E+11    1.451E+01    7.603E-02    6.682E-12     r       4.4
1.322E+09    2.285E-03    5.272E+29    2.284E+06    4.685E+11    1.509E+01    7.570E-02    7.617E-12     r       4.4
1.321E+09    2.333E-03    5.272E+29    2.297E+06    4.805E+11    1.539E+01    7.553E-02    8.129E-12     r       4.4
1.317E+09    2.433E-03    5.272E+29    2.324E+06    5.053E+11    1.600E+01    7.521E-02    9.250E-12     r       4.4
1.315E+09    2.484E-03    5.272E+29    2.337E+06    5.182E+11    1.632E+01    7.504E-02    9.863E-12     r       4.4
1.312E+09    2.588E-03    5.272E+29    2.364E+06    5.447E+11    1.696E+01    7.472E-02    1.120E-11     r       4.4
1.310E+09    2.642E-03    5.272E+29    2.377E+06    5.584E+11    1.729E+01    7.456E-02    1.194E-11     r       4.4
1.307E+09    2.752E-03    5.272E+29    2.404E+06    5.867E+11    1.796E+01    7.425E-02    1.354E-11     r       4.4
1.305E+09    2.808E-03    5.272E+29    2.418E+06    6.013E+11    1.831E+01    7.409E-02    1.441E-11     r       4.4
1.301E+09    2.924E-03    5.272E+29    2.445E+06    6.315E+11    1.902E+01    7.378E-02    1.632E-11     r       4.4
1.300E+09    2.983E-03    5.272E+29    2.459E+06    6.471E+11    1.938E+01    7.363E-02    1.736E-11     r       4.4
1.296E+09    3.104E-03    5.272E+29    2.486E+06    6.793E+11    2.012E+01    7.332E-02    1.962E-11     r       4.4
1.289E+09    3.359E-03    5.272E+29    2.541E+06    7.480E+11    2.168E+01    7.272E-02    2.500E-11     r       4.4
1.286E+09    3.492E-03    5.272E+29    2.569E+06    7.846E+11    2.249E+01    7.243E-02    2.818E-11     r       4.4
1.279E+09    3.772E-03    5.272E+29    2.625E+06    8.626E+11    2.420E+01    7.186E-02    3.569E-11     r       4.4
1.275E+09    3.919E-03    5.272E+29    2.653E+06    9.041E+11    2.510E+01    7.157E-02    4.012E-11     r       4.4
1.269E+09    4.226E-03    5.272E+29    2.710E+06    9.924E+11    2.697E+01    7.102E-02    5.054E-11     r       4.4
1.265E+09    4.386E-03    5.272E+29    2.739E+06    1.039E+12    2.795E+01    7.075E-02    5.665E-11     r       4.4
1.258E+09    4.722E-03    5.272E+29    2.797E+06    1.139E+12    3.001E+01    7.021E-02    7.099E-11     r       4.4
1.255E+09    4.898E-03    5.272E+29    2.827E+06    1.192E+12    3.108E+01    6.995E-02    7.937E-11     r       4.4
1.248E+09    5.266E-03    5.272E+29    2.886E+06    1.305E+12    3.333E+01    6.943E-02    9.897E-11     r       4.4
1.244E+09    5.457E-03    5.272E+29    2.915E+06    1.365E+12    3.450E+01    6.917E-02    1.104E-10     r       4.4
1.237E+09    5.858E-03    5.272E+29    2.976E+06    1.492E+12    3.696E+01    6.867E-02    1.370E-10     r       4.4
1.234E+09    6.068E-03    5.272E+29    3.006E+06    1.560E+12    3.824E+01    6.842E-02    1.525E-10     r       4.4
1.227E+09    6.504E-03    5.272E+29    3.067E+06    1.703E+12    4.093E+01    6.794E-02    1.884E-10     r       4.4
1.224E+09    6.732E-03    5.272E+29    3.098E+06    1.779E+12    4.233E+01    6.770E-02    2.091E-10     r       4.4
1.217E+09    7.207E-03    5.272E+29    3.160E+06    1.940E+12    4.526E+01    6.723E-02    2.573E-10     r       4.4
1.213E+09    7.455E-03    5.272E+29    3.191E+06    2.025E+12    4.678E+01    6.699E-02    2.851E-10     r       4.4
1.206E+09    7.971E-03    5.272E+29    3.255E+06    2.206E+12    4.997E+01    6.654E-02    3.493E-10     r       4.4
1.203E+09    8.240E-03    5.272E+29    3.287E+06    2.302E+12    5.164E+01    6.631E-02    3.863E-10     r       4.4
1.196E+09    8.799E-03    5.272E+29    3.351E+06    2.505E+12    5.511E+01    6.587E-02    4.715E-10     r       4.3
1.192E+09    9.090E-03    5.272E+29    3.383E+06    2.612E+12    5.693E+01    6.565E-02    5.204E-10     r       4.3
1.185E+09    9.696E-03    5.272E+29    3.449E+06    2.839E+12    6.071E+01    6.522E-02    6.328E-10     r       4.3
1.182E+09    1.001E-02    5.272E+29    3.482E+06    2.959E+12    6.268E+01    6.501E-02    6.971E-10     r       4.3
1.175E+09    1.067E-02    5.272E+29    3.549E+06    3.214E+12    6.679E+01    6.459E-02    8.447E-10     r       4.3
1.172E+09    1.101E-02    5.272E+29    3.583E+06    3.348E+12    6.893E+01    6.438E-02    9.290E-10     r       4.3
1.165E+09    1.171E-02    5.272E+29    3.650E+06    3.632E+12    7.340E+01    6.398E-02    1.122E-09     r       4.3
1.161E+09    1.208E-02    5.272E+29    3.685E+06    3.782E+12    7.572E+01    6.378E-02    1.232E-09     r       4.3
1.154E+09    1.285E-02    5.272E+29    3.754E+06    4.100E+12    8.057E+01    6.338E-02    1.483E-09     r       4.3
1.151E+09    1.324E-02    5.272E+29    3.789E+06    4.267E+12    8.310E+01    6.318E-02    1.625E-09     r       4.3
1.144E+09    1.406E-02    5.272E+29    3.859E+06    4.622E+12    8.836E+01    6.280E-02    1.950E-09     r       4.3
1.140E+09    1.449E-02    5.272E+29    3.895E+06    4.808E+12    9.109E+01    6.261E-02    2.135E-09     r       4.3
1.134E+09    1.538E-02    5.272E+29    3.966E+06    5.203E+12    9.679E+01    6.223E-02    2.554E-09     r       4.3
1.130E+09    1.584E-02    5.272E+29    4.003E+06    5.411E+12    9.976E+01    6.205E-02    2.792E-09     r       4.3
1.123E+09    1.679E-02    5.272E+29    4.076E+06    5.851E+12    1.059E+02    6.168E-02    3.330E-09     r       4.3
1.120E+09    1.728E-02    5.272E+29    4.113E+06    6.082E+12    1.091E+02    6.150E-02    3.635E-09     r       4.3
1.113E+09    1.830E-02    5.272E+29    4.187E+06    6.571E+12    1.158E+02    6.114E-02    4.324E-09     r       4.3
1.109E+09    1.883E-02    5.272E+29    4.224E+06    6.829E+12    1.193E+02    6.096E-02    4.713E-09     r       4.3
1.102E+09    1.993E-02    5.272E+29    4.300E+06    7.372E+12    1.265E+02    6.061E-02    5.593E-09     r       4.3
1.099E+09    2.049E-02    5.272E+29    4.338E+06    7.659E+12    1.303E+02    6.044E-02    6.088E-09     r       4.3
1.092E+09    2.167E-02    5.272E+29    4.416E+06    8.262E+12    1.381E+02    6.010E-02    7.205E-09     r       4.3
1.089E+09    2.227E-02    5.272E+29    4.455E+06    8.580E+12    1.422E+02    5.993E-02    7.834E-09     r       4.3
1.082E+09    2.353E-02    5.272E+29    4.533E+06    9.250E+12    1.506E+02    5.960E-02    9.249E-09     r       4.3
1.078E+09    2.418E-02    5.272E+29    4.573E+06    9.603E+12    1.550E+02    5.943E-02    1.004E-08     r       4.3
1.071E+09    2.552E-02    5.272E+29    4.653E+06    1.035E+13    1.642E+02    5.911E-02    1.183E-08     r       4.3
1.068E+09    2.622E-02    5.272E+29    4.693E+06    1.074E+13    1.689E+02    5.895E-02    1.283E-08     r       4.3
1.061E+09    2.765E-02    5.272E+29    4.775E+06    1.156E+13    1.788E+02    5.863E-02    1.508E-08     r       4.3
1.057E+09    2.839E-02    5.272E+29    4.816E+06    1.199E+13    1.839E+02    5.847E-02    1.634E-08     r       4.3
1.050E+09    2.993E-02    5.272E+29    4.899E+06    1.290E+13    1.945E+02    5.816E-02    1.916E-08     r       4.3
1.047E+09    3.072E-02    5.272E+29    4.941E+06    1.338E+13    2.000E+02    5.800E-02    2.073E-08     r       4.3
1.040E+09    3.235E-02    5.272E+29    5.026E+06    1.439E+13    2.115E+02    5.770E-02    2.426E-08     r       4.3
1.037E+09    3.319E-02    5.272E+29    5.069E+06    1.492E+13    2.174E+02    5.755E-02    2.623E-08     r       4.3
1.030E+09    3.493E-02    5.272E+29    5.155E+06    1.604E+13    2.298E+02    5.725E-02    3.063E-08     r       4.3
1.026E+09    3.583E-02    5.272E+29    5.199E+06    1.663E+13    2.362E+02    5.710E-02    3.308E-08     r       4.3
1.019E+09    3.768E-02    5.272E+29    5.287E+06    1.786E+13    2.495E+02    5.681E-02    3.855E-08     r       4.3
1.016E+09    3.864E-02    5.272E+29    5.332E+06    1.851E+13    2.564E+02    5.666E-02    4.160E-08     r       4.3
1.009E+09    4.060E-02    5.272E+29    5.421E+06    1.987E+13    2.707E+02    5.637E-02    4.839E-08     r       4.2
1.005E+09    4.162E-02    5.272E+29    5.467E+06    2.058E+13    2.781E+02    5.623E-02    5.216E-08     r       4.2
9.985E+08    4.371E-02    5.272E+29    5.558E+06    2.208E+13    2.935E+02    5.595E-02    6.056E-08     r       4.2
9.951E+08    4.479E-02    5.272E+29    5.604E+06    2.287E+13    3.015E+02    5.581E-02    6.522E-08     r       4.2
9.882E+08    4.701E-02    5.272E+29    5.698E+06    2.453E+13    3.181E+02    5.553E-02    7.559E-08     r       4.2
9.847E+08    4.815E-02    5.272E+29    5.745E+06    2.540E+13    3.266E+02    5.539E-02    8.133E-08     r       4.2
9.778E+08    5.051E-02    5.272E+29    5.840E+06    2.723E+13    3.444E+02    5.512E-02    9.409E-08     r       4.2
9.743E+08    5.172E-02    5.272E+29    5.888E+06    2.819E+13    3.537E+02    5.498E-02    1.012E-07     r       4.2
9.674E+08    5.421E-02    5.272E+29    5.985E+06    3.020E+13    3.728E+02    5.472E-02    1.168E-07     r       4.2
9.639E+08    5.550E-02    5.272E+29    6.034E+06    3.125E+13    3.827E+02    5.458E-02    1.255E-07     r       4.2
9.570E+08    5.814E-02    5.272E+29    6.133E+06    3.347E+13    4.032E+02    5.432E-02    1.447E-07     r       4.2
9.535E+08    5.950E-02    5.272E+29    6.183E+06    3.463E+13    4.139E+02    5.419E-02    1.553E-07     r       4.2
9.466E+08    6.229E-02    5.272E+29    6.284E+06    3.707E+13    4.359E+02    5.393E-02    1.788E-07     r       4.2
9.432E+08    6.373E-02    5.272E+29    6.335E+06    3.834E+13    4.473E+02    5.380E-02    1.918E-07     r       4.2
9.362E+08    6.668E-02    5.272E+29    6.438E+06    4.102E+13    4.709E+02    5.355E-02    2.204E-07     r       4.2
9.328E+08    6.820E-02    5.272E+29    6.490E+06    4.243E+13    4.831E+02    5.342E-02    2.362E-07     r       4.2
9.258E+08    7.132E-02    5.272E+29    6.594E+06    4.537E+13    5.085E+02    5.317E-02    2.710E-07     r       4.2
9.224E+08    7.293E-02    5.272E+29    6.647E+06    4.692E+13    5.216E+02    5.305E-02    2.902E-07     r       4.2
9.155E+08    7.622E-02    5.272E+29    6.755E+06    5.015E+13    5.487E+02    5.280E-02    3.325E-07     r       4.2
9.120E+08    7.791E-02    5.272E+29    6.809E+06    5.184E+13    5.627E+02    5.268E-02    3.558E-07     r       4.2
9.051E+08    8.138E-02    5.272E+29    6.918E+06    5.539E+13    5.918E+02    5.243E-02    4.071E-07     r       4.2
9.016E+08    8.317E-02    5.272E+29    6.973E+06    5.725E+13    6.068E+02    5.231E-02    4.353E-07     r       4.2
8.947E+08    8.683E-02    5.272E+29    7.084E+06    6.114E+13    6.379E+02    5.207E-02    4.974E-07     r       4.1
8.912E+08    8.870E-02    5.272E+29    7.140E+06    6.318E+13    6.540E+02    5.195E-02    5.315E-07     r       4.1
8.843E+08    9.255E-02    5.272E+29    7.254E+06    6.744E+13    6.872E+02    5.172E-02    6.063E-07     r       4.1
8.808E+08    9.453E-02    5.272E+29    7.311E+06    6.968E+13    7.044E+02    5.160E-02    6.474E-07     r       4.1
8.739E+08    9.858E-02    5.272E+29    7.427E+06    7.435E+13    7.399E+02    5.137E-02    7.376E-07     r       4.1
8.705E+08    1.007E-01    5.272E+29    7.486E+06    7.679E+13    7.583E+02    5.125E-02    7.871E-07     r       4.1
8.635E+08    1.049E-01    5.272E+29    7.604E+06    8.191E+13    7.962E+02    5.102E-02    8.955E-07     r       4.1
8.601E+08    1.071E-01    5.272E+29    7.664E+06    8.458E+13    8.158E+02    5.091E-02    9.549E-07     r       4.1
8.531E+08    1.116E-01    5.272E+29    7.784E+06    9.018E+13    8.563E+02    5.068E-02    1.085E-06     r       4.1
8.497E+08    1.139E-01    5.272E+29    7.845E+06    9.310E+13    8.772E+02    5.056E-02    1.156E-06     r       4.1
8.428E+08    1.186E-01    5.272E+29    7.968E+06    9.922E+13    9.204E+02    5.034E-02    1.312E-06     r       4.1
8.393E+08    1.210E-01    5.272E+29    8.030E+06    1.024E+14    9.428E+02    5.023E-02    1.397E-06     r       4.1
8.324E+08    1.259E-01    5.272E+29    8.156E+06    1.091E+14    9.888E+02    5.001E-02    1.584E-06     r       4.1
8.289E+08    1.284E-01    5.272E+29    8.219E+06    1.126E+14    1.013E+03    4.990E-02    1.685E-06     r       4.1
8.220E+08    1.335E-01    5.272E+29    8.347E+06    1.199E+14    1.062E+03    4.968E-02    1.908E-06     r       4.1
8.185E+08    1.362E-01    5.272E+29    8.412E+06    1.237E+14    1.087E+03    4.957E-02    2.029E-06     r       4.1
8.116E+08    1.416E-01    5.272E+29    8.543E+06    1.316E+14    1.139E+03    4.935E-02    2.294E-06     r       4.0
8.081E+08    1.443E-01    5.272E+29    8.609E+06    1.358E+14    1.166E+03    4.924E-02    2.438E-06     r       4.0
8.012E+08    1.500E-01    5.272E+29    8.742E+06    1.445E+14    1.222E+03    4.903E-02    2.753E-06     r       4.0
7.978E+08    1.528E-01    5.272E+29    8.809E+06    1.490E+14    1.250E+03    4.892E-02    2.924E-06     r       4.0
7.908E+08    1.587E-01    5.272E+29    8.945E+06    1.584E+14    1.309E+03    4.871E-02    3.297E-06     r       4.0
7.874E+08    1.617E-01    5.272E+29    9.014E+06    1.634E+14    1.340E+03    4.860E-02    3.500E-06     r       4.0
7.804E+08    1.679E-01    5.272E+29    9.152E+06    1.736E+14    1.402E+03    4.839E-02    3.943E-06     r       4.0
7.770E+08    1.710E-01    5.272E+29    9.222E+06    1.790E+14    1.435E+03    4.829E-02    4.183E-06     r       4.0
7.701E+08    1.774E-01    5.272E+29    9.364E+06    1.902E+14    1.501E+03    4.808E-02    4.706E-06     r       4.0
7.666E+08    1.807E-01    5.272E+29    9.435E+06    1.960E+14    1.535E+03    4.798E-02    4.990E-06     r       4.0
7.597E+08    1.873E-01    5.272E+29    9.580E+06    2.081E+14    1.606E+03    4.777E-02    5.607E-06     r       4.0
7.562E+08    1.907E-01    5.272E+29    9.652E+06    2.144E+14    1.642E+03    4.767E-02    5.942E-06     r       3.9
7.493E+08    1.977E-01    5.272E+29    9.800E+06    2.276E+14    1.717E+03    4.747E-02    6.669E-06     r       3.9
7.458E+08    2.012E-01    5.272E+29    9.874E+06    2.345E+14    1.755E+03    4.737E-02    7.063E-06     r       3.9
7.389E+08    2.084E-01    5.272E+29    1.002E+07    2.487E+14    1.834E+03    4.716E-02    7.919E-06     r       3.9
7.354E+08    2.121E-01    5.272E+29    1.010E+07    2.562E+14    1.875E+03    4.706E-02    8.382E-06     r       3.9
7.285E+08    2.196E-01    5.272E+29    1.025E+07    2.716E+14    1.958E+03    4.686E-02    9.386E-06     r       3.9
7.251E+08    2.234E-01    5.272E+29    1.033E+07    2.797E+14    2.001E+03    4.676E-02    9.930E-06     r       3.9
7.181E+08    2.312E-01    5.272E+29    1.049E+07    2.964E+14    2.089E+03    4.657E-02    1.111E-05     r       3.9
7.147E+08    2.351E-01    5.272E+29    1.057E+07    3.051E+14    2.135E+03    4.647E-02    1.174E-05     r       3.9
7.077E+08    2.431E-01    5.272E+29    1.072E+07    3.232E+14    2.228E+03    4.627E-02    1.312E-05     r       3.9
7.043E+08    2.472E-01    5.272E+29    1.080E+07    3.326E+14    2.275E+03    4.617E-02    1.387E-05     r       3.8
6.974E+08    2.556E-01    5.272E+29    1.097E+07    3.521E+14    2.373E+03    4.598E-02    1.548E-05     r       3.8
6.939E+08    2.598E-01    5.272E+29    1.105E+07    3.623E+14    2.423E+03    4.588E-02    1.635E-05     r       3.8
6.870E+08    2.684E-01    5.272E+29    1.121E+07    3.834E+14    2.526E+03    4.569E-02    1.822E-05     r       3.8
6.835E+08    2.728E-01    5.272E+29    1.130E+07    3.943E+14    2.579E+03    4.559E-02    1.924E-05     r       3.8
6.766E+08    2.816E-01    5.272E+29    1.147E+07    4.170E+14    2.687E+03    4.540E-02    2.143E-05     r       3.8
6.731E+08    2.861E-01    5.272E+29    1.155E+07    4.288E+14    2.743E+03    4.531E-02    2.261E-05     r       3.8
6.662E+08    2.953E-01    5.272E+29    1.172E+07    4.532E+14    2.856E+03    4.512E-02    2.515E-05     r       3.7
6.627E+08    2.999E-01    5.272E+29    1.181E+07    4.658E+14    2.915E+03    4.502E-02    2.653E-05     r       3.7
6.558E+08    3.094E-01    5.271E+29    1.199E+07    4.921E+14    3.034E+03    4.483E-02    2.949E-05     r       3.7
6.524E+08    3.141E-01    5.271E+29    1.207E+07    5.057E+14    3.094E+03    4.474E-02    3.108E-05     r       3.7
6.454E+08    3.238E-01    5.271E+29    1.225E+07    5.338E+14    3.219E+03    4.455E-02    3.452E-05     r       3.7
6.420E+08    3.287E-01    5.271E+29    1.234E+07    5.484E+14    3.283E+03    4.446E-02    3.637E-05     r       3.7
6.350E+08    3.387E-01    5.271E+29    1.253E+07    5.785E+14    3.413E+03    4.428E-02    4.035E-05     r       3.7
6.316E+08    3.437E-01    5.271E+29    1.262E+07    5.941E+14    3.479E+03    4.418E-02    4.250E-05     r       3.6
6.247E+08    3.539E-01    5.271E+29    1.280E+07    6.264E+14    3.615E+03    4.400E-02    4.712E-05     r       3.6
6.212E+08    3.591E-01    5.271E+29    1.290E+07    6.431E+14    3.684E+03    4.391E-02    4.961E-05     r       3.6
6.143E+08    3.695E-01    5.271E+29    1.308E+07    6.776E+14    3.825E+03    4.373E-02    5.496E-05     r       3.6
6.108E+08    3.748E-01    5.271E+29    1.318E+07    6.954E+14    3.897E+03    4.364E-02    5.784E-05     r       3.6
6.039E+08    3.855E-01    5.271E+29    1.337E+07    7.322E+14    4.044E+03    4.346E-02    6.405E-05     r       3.6
6.004E+08    3.909E-01    5.271E+29    1.347E+07    7.512E+14    4.119E+03    4.337E-02    6.738E-05     r       3.5
5.935E+08    4.018E-01    5.271E+29    1.367E+07    7.904E+14    4.272E+03    4.319E-02    7.458E-05     r       3.5
5.900E+08    4.073E-01    5.271E+29    1.376E+07    8.106E+14    4.349E+03    4.310E-02    7.845E-05     r       3.5
5.831E+08    4.184E-01    5.271E+29    1.396E+07    8.523E+14    4.507E+03    4.292E-02    8.680E-05     r       3.5
5.797E+08    4.240E-01    5.271E+29    1.406E+07    8.737E+14    4.587E+03    4.283E-02    9.130E-05     r       3.5
5.727E+08    4.353E-01    5.271E+29    1.427E+07    9.179E+14    4.750E+03    4.266E-02    1.010E-04     r       3.4
5.693E+08    4.410E-01    5.271E+29    1.437E+07    9.407E+14    4.833E+03    4.257E-02    1.062E-04     r       3.4
5.623E+08    4.525E-01    5.270E+29    1.458E+07    9.876E+14    5.002E+03    4.240E-02    1.176E-04     r       3.4
5.485E+08    4.757E-01    5.270E+29    1.500E+07    1.087E+15    5.348E+03    4.205E-02    1.441E-04     r       3.4
5.416E+08    4.875E-01    5.270E+29    1.521E+07    1.139E+15    5.526E+03    4.188E-02    1.597E-04     r       3.3
5.277E+08    5.113E-01    5.269E+29    1.565E+07    1.249E+15    5.891E+03    4.155E-02    1.966E-04     r       3.3
5.208E+08    5.233E-01    5.269E+29    1.587E+07    1.307E+15    6.077E+03    4.138E-02    2.186E-04     r       3.2
5.070E+08    5.474E-01    5.268E+29    1.632E+07    1.429E+15    6.457E+03    4.105E-02    2.718E-04     r       3.2
5.000E+08    5.595E-01    5.268E+29    1.655E+07    1.492E+15    6.650E+03    4.089E-02    3.042E-04     r       3.1
4.862E+08    5.838E-01    5.267E+29    1.701E+07    1.625E+15    7.042E+03    4.057E-02    3.846E-04     r       3.1
4.793E+08    5.959E-01    5.266E+29    1.725E+07    1.695E+15    7.241E+03    4.041E-02    4.348E-04     r       3.0
4.654E+08    6.201E-01    5.265E+29    1.773E+07    1.839E+15    7.640E+03    4.010E-02    5.632E-04     r       3.0
4.585E+08    6.321E-01    5.264E+29    1.798E+07    1.914E+15    7.841E+03    3.995E-02    6.459E-04     r       2.9
4.446E+08    6.560E-01    5.262E+29    1.847E+07    2.068E+15    8.243E+03    3.964E-02    8.641E-04     r       2.8
4.377E+08    6.679E-01    5.261E+29    1.873E+07    2.148E+15    8.444E+03    3.950E-02    1.009E-03     r       2.8
4.239E+08    6.913E-01    5.257E+29    1.924E+07    2.313E+15    8.844E+03    3.920E-02    1.400E-03     r       2.7
4.169E+08    7.028E-01    5.255E+29    1.950E+07    2.397E+15    9.042E+03    3.906E-02    1.665E-03     r       2.7
4.031E+08    7.254E-01    5.250E+29    2.003E+07    2.571E+15    9.433E+03    3.878E-02    2.397E-03     r       2.6
3.962E+08    7.365E-01    5.246E+29    2.030E+07    2.659E+15    9.625E+03    3.864E-02    2.899E-03     r       2.5
3.823E+08    7.582E-01    5.237E+29    2.085E+07    2.839E+15    1.000E+04    3.837E-02    4.300E-03     r       2.5
3.754E+08    7.688E-01    5.231E+29    2.112E+07    2.931E+15    1.019E+04    3.825E-02    5.247E-03     r       2.5
3.616E+08    7.893E-01    5.215E+29    2.165E+07    3.117E+15    1.056E+04    3.801E-02    7.808E-03     r       2.5
3.546E+08    7.993E-01    5.205E+29    2.192E+07    3.211E+15    1.074E+04    3.790E-02    9.510E-03     r       2.5
3.408E+08    8.185E-01    5.178E+29    2.244E+07    3.402E+15    1.111E+04    3.770E-02    1.402E-02     r       2.5
3.339E+08    8.278E-01    5.161E+29    2.270E+07    3.498E+15    1.129E+04    3.761E-02    1.697E-02     r       2.5
3.304E+08    8.324E-01    5.152E+29    2.282E+07    3.546E+15    1.138E+04    3.756E-02    1.864E-02     r       2.5
3.235E+08    8.413E-01    5.130E+29    2.307E+07    3.642E+15    1.156E+04    3.748E-02    2.245E-02     r       2.5
3.200E+08    8.457E-01    5.117E+29    2.320E+07    3.691E+15    1.165E+04    3.743E-02    2.461E-02     r       2.5
3.131E+08    8.543E-01    5.090E+29    2.344E+07    3.788E+15    1.182E+04    3.735E-02    2.950E-02     r       2.5
3.096E+08    8.585E-01    5.074E+29    2.357E+07    3.836E+15    1.191E+04    3.731E-02    3.225E-02     r       2.4
3.027E+08    8.667E-01    5.040E+29    2.381E+07    3.933E+15    1.208E+04    3.724E-02    3.844E-02     r       2.4
2.992E+08    8.707E-01    5.021E+29    2.393E+07    3.982E+15    1.217E+04    3.720E-02    4.190E-02     r       2.4
2.923E+08    8.785E-01    4.978E+29    2.416E+07    4.078E+15    1.234E+04    3.713E-02    4.966E-02     r       2.4
2.889E+08    8.823E-01    4.955E+29    2.428E+07    4.127E+15    1.242E+04    3.710E-02    5.398E-02     r       2.4
2.819E+08    8.897E-01    4.903E+29    2.451E+07    4.223E+15    1.259E+04    3.703E-02    6.358E-02     r       2.4
2.785E+08    8.933E-01    4.874E+29    2.462E+07    4.271E+15    1.267E+04    3.700E-02    6.890E-02     r       2.4
2.715E+08    9.004E-01    4.811E+29    2.485E+07    4.367E+15    1.284E+04    3.694E-02    8.067E-02     r       2.4
2.681E+08    9.038E-01    4.777E+29    2.496E+07    4.415E+15    1.292E+04    3.691E-02    8.715E-02     r       2.4
2.612E+08    9.104E-01    4.703E+29    2.518E+07    4.510E+15    1.308E+04    3.685E-02    1.014E-01     r       2.4
2.577E+08    9.136E-01    4.662E+29    2.529E+07    4.557E+15    1.316E+04    3.682E-02    1.092E-01     r       2.4
2.508E+08    9.199E-01    4.575E+29    2.550E+07    4.651E+15    1.331E+04    3.677E-02    1.263E-01     r       2.4
2.473E+08    9.229E-01    4.528E+29    2.560E+07    4.698E+15    1.339E+04    3.675E-02    1.355E-01     r       2.4
2.404E+08    9.287E-01    4.426E+29    2.581E+07    4.791E+15    1.354E+04    3.670E-02    1.557E-01     r       2.4
2.369E+08    9.315E-01    4.372E+29    2.591E+07    4.836E+15    1.361E+04    3.667E-02    1.667E-01     r       2.4
2.300E+08    9.370E-01    4.257E+29    2.611E+07    4.927E+15    1.376E+04    3.663E-02    1.903E-01     r       2.4
2.265E+08    9.396E-01    4.195E+29    2.621E+07    4.972E+15    1.383E+04    3.660E-02    2.030E-01     r       2.4
2.196E+08    9.446E-01    4.065E+29    2.640E+07    5.062E+15    1.397E+04    3.656E-02    2.303E-01     r       2.4
2.162E+08    9.471E-01    3.996E+29    2.649E+07    5.106E+15    1.404E+04    3.654E-02    2.449E-01     r       2.4
2.092E+08    9.517E-01    3.852E+29    2.667E+07    5.193E+15    1.418E+04    3.650E-02    2.761E-01     r       2.4
2.058E+08    9.540E-01    3.776E+29    2.677E+07    5.235E+15    1.425E+04    3.648E-02    2.927E-01     r       2.4
1.988E+08    9.582E-01    3.618E+29    2.694E+07    5.320E+15    1.438E+04    3.644E-02    3.280E-01     r       2.4
1.954E+08    9.603E-01    3.536E+29    2.703E+07    5.362E+15    1.444E+04    3.643E-02    3.466E-01     r       2.4
1.885E+08    9.642E-01    3.366E+29    2.720E+07    5.444E+15    1.457E+04    3.639E-02    3.860E-01     r       2.4
1.850E+08    9.660E-01    3.278E+29    2.728E+07    5.484E+15    1.463E+04    3.638E-02    4.067E-01     r       2.4
1.833E+08    9.669E-01    3.233E+29    2.732E+07    5.504E+15    1.466E+04    3.637E-02    4.173E-01     r       2.4
1.798E+08    9.687E-01    3.143E+29    2.740E+07    5.544E+15    1.472E+04    3.635E-02    4.389E-01     r       2.4
1.781E+08    9.696E-01    3.098E+29    2.744E+07    5.563E+15    1.475E+04    3.634E-02    4.500E-01     r       2.4
1.746E+08    9.712E-01    3.005E+29    2.752E+07    5.602E+15    1.481E+04    3.633E-02    4.727E-01     r       2.4
1.729E+08    9.720E-01    2.959E+29    2.756E+07    5.621E+15    1.484E+04    3.632E-02    4.843E-01     r       2.4
1.694E+08    9.736E-01    2.865E+29    2.763E+07    5.659E+15    1.490E+04    3.631E-02    5.079E-01     r       2.4
1.677E+08    9.744E-01    2.817E+29    2.767E+07    5.678E+15    1.493E+04    3.630E-02    5.199E-01     r       2.4
1.642E+08    9.759E-01    2.722E+29    2.775E+07    5.715E+15    1.498E+04    3.629E-02    5.445E-01     r       2.4
1.625E+08    9.766E-01    2.674E+29    2.778E+07    5.734E+15    1.501E+04    3.628E-02    5.569E-01     r       2.4
1.590E+08    9.780E-01    2.578E+29    2.785E+07    5.770E+15    1.506E+04    3.627E-02    5.823E-01     r       2.4
1.573E+08    9.787E-01    2.530E+29    2.789E+07    5.788E+15    1.509E+04    3.626E-02    5.952E-01     r       2.4
1.538E+08    9.801E-01    2.433E+29    2.796E+07    5.823E+15    1.514E+04    3.625E-02    6.214E-01     r       2.4
1.521E+08    9.807E-01    2.384E+29    2.799E+07    5.841E+15    1.517E+04    3.624E-02    6.347E-01     r       2.4
1.486E+08    9.820E-01    2.287E+29    2.806E+07    5.875E+15    1.522E+04    3.623E-02    6.617E-01     r       2.4
1.469E+08    9.826E-01    2.239E+29    2.810E+07    5.892E+15    1.525E+04    3.622E-02    6.753E-01     r       2.4
1.435E+08    9.837E-01    2.143E+29    2.816E+07    5.926E+15    1.530E+04    3.621E-02    7.029E-01     r       2.4
1.417E+08    9.843E-01    2.095E+29    2.819E+07    5.943E+15    1.532E+04    3.620E-02    7.169E-01     r       2.4
1.383E+08    9.854E-01    1.999E+29    2.826E+07    5.975E+15    1.537E+04    3.619E-02    7.451E-01     r       2.4
1.365E+08    9.859E-01    1.951E+29    2.829E+07    5.991E+15    1.539E+04    3.619E-02    7.593E-01     r       2.4
1.331E+08    9.870E-01    1.857E+29    2.835E+07    6.023E+15    1.544E+04    3.618E-02    7.880E-01     r       2.4
1.313E+08    9.875E-01    1.810E+29    2.838E+07    6.039E+15    1.546E+04    3.617E-02    8.024E-01     r       2.4
1.279E+08    9.884E-01    1.718E+29    2.844E+07    6.069E+15    1.551E+04    3.616E-02    8.315E-01     r       2.4
1.261E+08    9.889E-01    1.672E+29    2.847E+07    6.084E+15    1.553E+04    3.616E-02    8.462E-01     r       2.4
1.227E+08    9.897E-01    1.582E+29    2.853E+07    6.114E+15    1.557E+04    3.615E-02    8.755E-01     r       2.4
1.210E+08    9.902E-01    1.538E+29    2.855E+07    6.128E+15    1.559E+04    3.614E-02    8.903E-01     r       2.4
1.175E+08    9.910E-01    1.451E+29    2.861E+07    6.157E+15    1.563E+04    3.613E-02    9.198E-01     r       2.4
1.158E+08    9.914E-01    1.408E+29    2.863E+07    6.171E+15    1.565E+04    3.613E-02    9.346E-01     r       2.4
1.123E+08    9.921E-01    1.323E+29    2.869E+07    6.199E+15    1.569E+04    3.612E-02    9.643E-01     r       2.4
1.106E+08    9.925E-01    1.282E+29    2.871E+07    6.212E+15    1.571E+04    3.611E-02    9.790E-01     r       2.4
1.071E+08    9.931E-01    1.202E+29    2.876E+07    6.238E+15    1.575E+04    3.611E-02    1.009E+00     r       2.4
1.054E+08    9.935E-01    1.162E+29    2.879E+07    6.251E+15    1.577E+04    3.610E-02    1.023E+00     r       2.4
1.019E+08    9.941E-01    1.086E+29    2.884E+07    6.277E+15    1.581E+04    3.609E-02    1.053E+00     r       2.4
1.002E+08    9.944E-01    1.049E+29    2.886E+07    6.289E+15    1.582E+04    3.609E-02    1.067E+00     r       2.4
9.672E+07    9.949E-01    9.763E+28    2.890E+07    6.313E+15    1.586E+04    3.608E-02    1.096E+00     r       2.4
9.499E+07    9.952E-01    9.414E+28    2.893E+07    6.325E+15    1.587E+04    3.608E-02    1.111E+00     r       2.4
9.412E+07    9.953E-01    9.241E+28    2.894E+07    6.331E+15    1.588E+04    3.608E-02    1.118E+00     r       2.4
9.239E+07    9.956E-01    8.903E+28    2.896E+07    6.342E+15    1.590E+04    3.607E-02    1.132E+00     r       2.4
9.152E+07    9.957E-01    8.737E+28    2.897E+07    6.348E+15    1.591E+04    3.607E-02    1.139E+00     r       2.4
8.979E+07    9.959E-01    8.411E+28    2.899E+07    6.359E+15    1.592E+04    3.607E-02    1.153E+00     r       2.4
8.893E+07    9.961E-01    8.251E+28    2.900E+07    6.364E+15    1.593E+04    3.607E-02    1.160E+00     r       2.4
8.720E+07    9.963E-01    7.937E+28    2.902E+07    6.375E+15    1.595E+04    3.606E-02    1.174E+00     r       2.4
8.633E+07    9.964E-01    7.784E+28    2.903E+07    6.381E+15    1.595E+04    3.606E-02    1.181E+00     r       2.4
8.460E+07    9.966E-01    7.482E+28    2.905E+07    6.391E+15    1.597E+04    3.606E-02    1.195E+00     r       2.4
8.374E+07    9.967E-01    7.335E+28    2.906E+07    6.396E+15    1.598E+04    3.606E-02    1.202E+00     r       2.4
8.200E+07    9.969E-01    7.046E+28    2.908E+07    6.407E+15    1.599E+04    3.605E-02    1.215E+00     r       2.4
8.114E+07    9.970E-01    6.905E+28    2.909E+07    6.412E+15    1.600E+04    3.605E-02    1.222E+00     r       2.4
7.941E+07    9.972E-01    6.630E+28    2.911E+07    6.422E+15    1.601E+04    3.605E-02    1.235E+00     r       2.4
7.854E+07    9.973E-01    6.495E+28    2.912E+07    6.426E+15    1.602E+04    3.605E-02    1.242E+00     r       2.4
7.681E+07    9.975E-01    6.232E+28    2.913E+07    6.436E+15    1.603E+04    3.604E-02    1.255E+00     r       2.4
7.595E+07    9.975E-01    6.104E+28    2.914E+07    6.441E+15    1.604E+04    3.604E-02    1.261E+00     r       2.4
7.421E+07    9.977E-01    5.855E+28    2.916E+07    6.450E+15    1.605E+04    3.604E-02    1.274E+00     r       2.4
7.335E+07    9.978E-01    5.734E+28    2.917E+07    6.455E+15    1.606E+04    3.604E-02    1.281E+00     r       2.4
7.162E+07    9.979E-01    5.497E+28    2.919E+07    6.464E+15    1.607E+04    3.604E-02    1.293E+00     r       2.4
7.075E+07    9.980E-01    5.382E+28    2.919E+07    6.468E+15    1.608E+04    3.603E-02    1.299E+00     r       2.4
6.902E+07    9.982E-01    5.159E+28    2.921E+07    6.477E+15    1.609E+04    3.603E-02    1.312E+00     r       2.4
6.816E+07    9.982E-01    5.051E+28    2.922E+07    6.481E+15    1.610E+04    3.603E-02    1.318E+00     r       2.4
6.643E+07    9.984E-01    4.841E+28    2.923E+07    6.490E+15    1.611E+04    3.603E-02    1.330E+00     r       2.4
6.556E+07    9.984E-01    4.739E+28    2.924E+07    6.494E+15    1.611E+04    3.603E-02    1.336E+00     r       2.4
6.383E+07    9.985E-01    4.543E+28    2.926E+07    6.502E+15    1.613E+04    3.602E-02    1.347E+00     r       2.4
6.296E+07    9.986E-01    4.447E+28    2.926E+07    6.506E+15    1.613E+04    3.602E-02    1.353E+00     r       2.4
6.123E+07    9.987E-01    4.263E+28    2.928E+07    6.513E+15    1.614E+04    3.602E-02    1.364E+00     r       2.4
6.037E+07    9.988E-01    4.175E+28    2.929E+07    6.517E+15    1.615E+04    3.602E-02    1.370E+00     r       2.4
5.864E+07    9.989E-01    4.004E+28    2.930E+07    6.525E+15    1.616E+04    3.602E-02    1.381E+00     r       2.4
5.777E+07    9.989E-01    3.921E+28    2.931E+07    6.528E+15    1.616E+04    3.602E-02    1.386E+00     r       2.4
5.604E+07    9.990E-01    3.763E+28    2.932E+07    6.535E+15    1.617E+04    3.601E-02    1.397E+00     r       2.4
5.517E+07    9.991E-01    3.687E+28    2.932E+07    6.539E+15    1.618E+04    3.601E-02    1.402E+00     r       2.4
5.344E+07    9.992E-01    3.541E+28    2.934E+07    6.545E+15    1.619E+04    3.601E-02    1.412E+00     r       2.4
5.258E+07    9.992E-01    3.471E+28    2.934E+07    6.549E+15    1.619E+04    3.601E-02    1.417E+00     r       2.4
5.085E+07    9.993E-01    3.337E+28    2.936E+07    6.555E+15    1.620E+04    3.601E-02    1.426E+00     r       2.4
4.998E+07    9.993E-01    3.273E+28    2.936E+07    6.558E+15    1.621E+04    3.601E-02    1.431E+00     r       2.4
4.955E+07    9.993E-01    3.241E+28    2.936E+07    6.560E+15    1.621E+04    3.601E-02    1.434E+00     r       2.4
4.868E+07    9.994E-01    3.180E+28    2.937E+07    6.563E+15    1.621E+04    3.601E-02    1.438E+00     r       2.4
4.825E+07    9.994E-01    3.151E+28    2.937E+07    6.564E+15    1.621E+04    3.601E-02    1.440E+00     r       2.4
4.738E+07    9.994E-01    3.092E+28    2.938E+07    6.567E+15    1.622E+04    3.601E-02    1.445E+00     r       2.4
4.695E+07    9.994E-01    3.064E+28    2.938E+07    6.569E+15    1.622E+04    3.601E-02    1.447E+00     r       2.4
4.609E+07    9.995E-01    3.009E+28    2.939E+07    6.572E+15    1.622E+04    3.600E-02    1.452E+00     r       2.4
4.565E+07    9.995E-01    2.982E+28    2.939E+07    6.573E+15    1.623E+04    3.600E-02    1.454E+00     r       2.4
4.479E+07    9.995E-01    2.929E+28    2.939E+07    6.576E+15    1.623E+04    3.600E-02    1.458E+00     r       2.4
4.436E+07    9.995E-01    2.904E+28    2.940E+07    6.577E+15    1.623E+04    3.600E-02    1.460E+00     r       2.4
4.349E+07    9.996E-01    2.854E+28    2.940E+07    6.580E+15    1.624E+04    3.600E-02    1.464E+00     r       2.4
4.306E+07    9.996E-01    2.830E+28    2.940E+07    6.581E+15    1.624E+04    3.600E-02    1.466E+00     r       2.4
4.219E+07    9.996E-01    2.782E+28    2.941E+07    6.584E+15    1.624E+04    3.600E-02    1.470E+00     r       2.4
4.176E+07    9.996E-01    2.760E+28    2.941E+07    6.585E+15    1.624E+04    3.600E-02    1.472E+00     r       2.4
4.089E+07    9.996E-01    2.715E+28    2.941E+07    6.587E+15    1.625E+04    3.600E-02    1.476E+00     r       2.4
4.046E+07    9.996E-01    2.693E+28    2.942E+07    6.589E+15    1.625E+04    3.600E-02    1.478E+00     r       2.4
3.960E+07    9.997E-01    2.652E+28    2.942E+07    6.591E+15    1.625E+04    3.600E-02    1.482E+00     r       2.4
3.916E+07    9.997E-01    2.631E+28    2.942E+07    6.592E+15    1.625E+04    3.600E-02    1.484E+00     r       2.4
3.830E+07    9.997E-01    2.592E+28    2.943E+07    6.594E+15    1.626E+04    3.600E-02    1.487E+00     r       2.4
3.786E+07    9.997E-01    2.573E+28    2.943E+07    6.596E+15    1.626E+04    3.600E-02    1.489E+00     r       2.4
3.700E+07    9.997E-01    2.536E+28    2.943E+07    6.598E+15    1.626E+04    3.600E-02    1.493E+00     r       2.4
3.657E+07    9.997E-01    2.518E+28    2.944E+07    6.599E+15    1.626E+04    3.600E-02    1.494E+00     r       2.4
3.570E+07    9.998E-01    2.483E+28    2.944E+07    6.601E+15    1.627E+04    3.600E-02    1.498E+00     r       2.4
3.527E+07    9.998E-01    2.467E+28    2.944E+07    6.602E+15    1.627E+04    3.600E-02    1.499E+00     r       2.4
3.440E+07    9.998E-01    2.434E+28    2.945E+07    6.604E+15    1.627E+04    3.599E-02    1.503E+00     r       2.4
3.397E+07    9.998E-01    2.419E+28    2.945E+07    6.605E+15    1.627E+04    3.599E-02    1.504E+00     r       2.4
3.310E+07    9.998E-01    2.389E+28    2.945E+07    6.607E+15    1.627E+04    3.599E-02    1.507E+00     r       2.4
3.267E+07    9.998E-01    2.374E+28    2.945E+07    6.608E+15    1.628E+04    3.599E-02    1.509E+00     r       2.4
3.181E+07    9.998E-01    2.347E+28    2.946E+07    6.610E+15    1.628E+04    3.599E-02    1.512E+00     r       2.4
3.137E+07    9.998E-01    2.333E+28    2.946E+07    6.611E+15    1.628E+04    3.599E-02    1.513E+00     r       2.4
3.051E+07    9.999E-01    2.308E+28    2.946E+07    6.612E+15    1.628E+04    3.599E-02    1.516E+00     r       2.4
3.008E+07    9.999E-01    2.295E+28    2.946E+07    6.613E+15    1.628E+04    3.599E-02    1.517E+00     r       2.4
2.921E+07    9.999E-01    2.272E+28    2.946E+07    6.615E+15    1.628E+04    3.599E-02    1.520E+00     r       2.4
2.878E+07    9.999E-01    2.260E+28    2.947E+07    6.616E+15    1.629E+04    3.599E-02    1.521E+00     r       2.4
2.856E+07    9.999E-01    2.255E+28    2.947E+07    6.616E+15    1.629E+04    3.599E-02    1.521E+00     r       2.4
2.813E+07    9.999E-01    2.244E+28    2.947E+07    6.617E+15    1.629E+04    3.599E-02    1.523E+00     r       2.4
2.791E+07    9.999E-01    2.239E+28    2.947E+07    6.617E+15    1.629E+04    3.599E-02    1.523E+00     r       2.4
2.748E+07    9.999E-01    2.228E+28    2.947E+07    6.618E+15    1.629E+04    3.599E-02    1.524E+00     r       2.4
2.726E+07    9.999E-01    2.223E+28    2.947E+07    6.618E+15    1.629E+04    3.599E-02    1.525E+00     r       2.4
2.683E+07    9.999E-01    2.213E+28    2.947E+07    6.619E+15    1.629E+04    3.599E-02    1.526E+00     r       2.4
2.661E+07    9.999E-01    2.209E+28    2.947E+07    6.619E+15    1.629E+04    3.599E-02    1.527E+00     r       2.4
2.618E+07    9.999E-01    2.199E+28    2.947E+07    6.620E+15    1.629E+04    3.599E-02    1.528E+00     r       2.4
2.596E+07    9.999E-01    2.195E+28    2.947E+07    6.620E+15    1.629E+04    3.599E-02    1.528E+00     r       2.4
2.553E+07    9.999E-01    2.186E+28    2.948E+07    6.621E+15    1.629E+04    3.599E-02    1.529E+00     r       2.4
2.532E+07    9.999E-01    2.181E+28    2.948E+07    6.621E+15    1.629E+04    3.599E-02    1.530E+00     r       2.4
2.488E+07    9.999E-01    2.173E+28    2.948E+07    6.622E+15    1.629E+04    3.599E-02    1.531E+00     r       2.4
2.467E+07    9.999E-01    2.169E+28    2.948E+07    6.622E+15    1.629E+04    3.599E-02    1.531E+00     r       2.4
2.423E+07    9.999E-01    2.160E+28    2.948E+07    6.623E+15    1.630E+04    3.599E-02    1.532E+00     r       2.4
2.402E+07    9.999E-01    2.156E+28    2.948E+07    6.623E+15    1.630E+04    3.599E-02    1.533E+00     r       2.4
2.358E+07    9.999E-01    2.149E+28    2.948E+07    6.623E+15    1.630E+04    3.599E-02    1.533E+00     r       2.4
2.337E+07    9.999E-01    2.145E+28    2.948E+07    6.624E+15    1.630E+04    3.599E-02    1.534E+00     r       2.4
2.294E+07    1.000E+00    2.138E+28    2.948E+07    6.624E+15    1.630E+04    3.599E-02    1.535E+00     r       2.4
2.272E+07    1.000E+00    2.134E+28    2.948E+07    6.624E+15    1.630E+04    3.599E-02    1.535E+00     r       2.4
2.229E+07    1.000E+00    2.127E+28    2.948E+07    6.625E+15    1.630E+04    3.599E-02    1.536E+00     r       2.4
2.207E+07    1.000E+00    2.124E+28    2.948E+07    6.625E+15    1.630E+04    3.599E-02    1.536E+00     r       2.4
2.164E+07    1.000E+00    2.117E+28    2.948E+07    6.626E+15    1.630E+04    3.599E-02    1.537E+00     r       2.4
2.142E+07    1.000E+00    2.114E+28    2.948E+07    6.626E+15    1.630E+04    3.599E-02    1.537E+00     r       2.4
2.099E+07    1.000E+00    2.108E+28    2.949E+07    6.626E+15    1.630E+04    3.599E-02    1.538E+00     r       2.4
2.077E+07    1.000E+00    2.105E+28    2.949E+07    6.626E+15    1.630E+04    3.599E-02    1.538E+00     r       2.4
2.066E+07    1.000E+00    2.104E+28    2.949E+07    6.626E+15    1.630E+04    3.599E-02    1.538E+00     r       2.4
2.045E+07    1.000E+00    2.101E+28    2.949E+07    6.627E+15    1.630E+04    3.599E-02    1.539E+00     r       2.4
2.034E+07    1.000E+00    2.099E+28    2.949E+07    6.627E+15    1.630E+04    3.599E-02    1.539E+00     r       2.4
2.012E+07    1.000E+00    2.097E+28    2.949E+07    6.627E+15    1.630E+04    3.599E-02    1.539E+00     r       2.4
2.001E+07    1.000E+00    2.095E+28    2.949E+07    6.627E+15    1.630E+04    3.599E-02    1.539E+00     r       2.4
1.980E+07    1.000E+00    2.093E+28    2.949E+07    6.627E+15    1.630E+04    3.599E-02    1.539E+00     r       2.4
1.969E+07    1.000E+00    2.091E+28    2.949E+07    6.627E+15    1.630E+04    3.599E-02    1.540E+00     r       2.4
1.947E+07    1.000E+00    2.089E+28    2.949E+07    6.627E+15    1.630E+04    3.599E-02    1.540E+00     r       2.4
1.937E+07    1.000E+00    2.087E+28    2.949E+07    6.627E+15    1.630E+04    3.599E-02    1.540E+00     r       2.4
1.915E+07    1.000E+00    2.085E+28    2.949E+07    6.627E+15    1.630E+04    3.599E-02    1.540E+00     r       2.4
1.904E+07    1.000E+00    2.084E+28    2.949E+07    6.628E+15    1.630E+04    3.599E-02    1.540E+00     r       2.4
1.882E+07    1.000E+00    2.081E+28    2.949E+07    6.628E+15    1.630E+04    3.599E-02    1.540E+00     r       2.4
1.872E+07    1.000E+00    2.080E+28    2.949E+07    6.628E+15    1.630E+04    3.599E-02    1.541E+00     r       2.4
1.850E+07    1.000E+00    2.078E+28    2.949E+07    6.628E+15    1.630E+04    3.599E-02    1.541E+00     r       2.4
1.839E+07    1.000E+00    2.076E+28    2.949E+07    6.628E+15    1.630E+04    3.599E-02    1.541E+00     r       2.4
1.818E+07    1.000E+00    2.074E+28    2.949E+07    6.628E+15    1.630E+04    3.599E-02    1.541E+00     r       2.4
1.807E+07    1.000E+00    2.073E+28    2.949E+07    6.628E+15    1.630E+04    3.599E-02    1.541E+00     r       2.4
1.801E+07    1.000E+00    2.072E+28    2.949E+07    6.628E+15    1.630E+04    3.599E-02    1.541E+00     r       2.4
1.790E+07    1.000E+00    2.071E+28    2.949E+07    6.628E+15    1.630E+04    3.599E-02    1.541E+00     r       2.4
1.785E+07    1.000E+00    2.071E+28    2.949E+07    6.628E+15    1.630E+04    3.599E-02    1.541E+00     r       2.4
1.774E+07    1.000E+00    2.070E+28    2.949E+07    6.628E+15    1.630E+04    3.599E-02    1.541E+00     r       2.4
1.769E+07    1.000E+00    2.069E+28    2.949E+07    6.628E+15    1.630E+04    3.599E-02    1.541E+00     r       2.4
1.758E+07    1.000E+00    2.068E+28    2.949E+07    6.628E+15    1.630E+04    3.599E-02    1.541E+00     r       2.4
1.753E+07    1.000E+00    2.068E+28    2.949E+07    6.628E+15    1.630E+04    3.599E-02    1.541E+00     r       2.4
1.742E+07    1.000E+00    2.067E+28    2.949E+07    6.628E+15    1.630E+04    3.599E-02    1.541E+00     r       2.4
1.736E+07    1.000E+00    2.066E+28    2.949E+07    6.628E+15    1.630E+04    3.599E-02    1.541E+00     r       2.4
1.726E+07    1.000E+00    2.065E+28    2.949E+07    6.628E+15    1.630E+04    3.599E-02    1.541E+00     r       2.4
