   r        Qm       L_r       T        P        rho      kap      eps     fl   dlnPdlnT
6.209E+08    0.000E+00    8.322E+24    2.346E+03    2.398E+00    0.000E+00    4.785E+01    0.000E+00     *      99.9
6.203E+08    3.930E-14    8.322E+24    1.880E+03    3.308E-01    1.302E-08    1.282E+02    1.183E-126     r       6.9
6.196E+08    2.010E-13    8.322E+24    3.807E+03    6.081E+00    1.182E-07    6.347E+01    5.663E-101     r       2.6
6.193E+08    4.922E-13    8.322E+24    4.229E+03    1.647E+01    2.894E-07    8.998E+01    2.214E-97     r       8.8
6.192E+08    7.576E-13    8.322E+24    4.567E+03    2.595E+01    4.225E-07    9.310E+01    6.081E-95     r       5.8
6.191E+08    9.313E-13    8.322E+24    4.755E+03    3.216E+01    5.030E-07    9.294E+01    1.074E-93     r       5.3
6.191E+08    1.030E-12    8.322E+24    4.853E+03    3.568E+01    5.470E-07    9.259E+01    4.458E-93     r       5.1
6.190E+08    1.082E-12    8.322E+24    4.902E+03    3.756E+01    5.700E-07    9.236E+01    9.039E-93     r       5.1
6.190E+08    1.109E-12    8.322E+24    4.927E+03    3.853E+01    5.818E-07    9.224E+01    1.285E-92     r       5.0
6.190E+08    1.165E-12    8.322E+24    4.977E+03    4.052E+01    6.058E-07    9.197E+01    2.589E-92     r       5.0
6.190E+08    1.194E-12    8.322E+24    5.002E+03    4.155E+01    6.180E-07    9.183E+01    3.668E-92     r       5.0
6.190E+08    1.253E-12    8.322E+24    5.052E+03    4.367E+01    6.431E-07    9.153E+01    7.336E-92     r       5.0
6.190E+08    1.284E-12    8.322E+24    5.078E+03    4.476E+01    6.559E-07    9.137E+01    1.036E-91     r       4.9
6.190E+08    1.347E-12    8.322E+24    5.129E+03    4.701E+01    6.820E-07    9.104E+01    2.055E-91     r       4.9
6.190E+08    1.379E-12    8.322E+24    5.154E+03    4.817E+01    6.954E-07    9.087E+01    2.889E-91     r       4.9
6.189E+08    1.446E-12    8.322E+24    5.205E+03    5.055E+01    7.226E-07    9.051E+01    5.684E-91     r       4.9
6.189E+08    1.587E-12    8.322E+24    5.309E+03    5.560E+01    7.793E-07    8.977E+01    2.162E-90     r       4.8
6.189E+08    1.661E-12    8.322E+24    5.361E+03    5.826E+01    8.088E-07    8.938E+01    4.179E-90     r       4.8
6.188E+08    1.819E-12    8.322E+24    5.465E+03    6.391E+01    8.703E-07    8.859E+01    1.532E-89     r       4.8
6.188E+08    1.902E-12    8.322E+24    5.518E+03    6.689E+01    9.022E-07    8.819E+01    2.905E-89     r       4.8
6.188E+08    2.077E-12    8.322E+24    5.623E+03    7.318E+01    9.686E-07    8.737E+01    1.025E-88     r       4.7
6.188E+08    2.170E-12    8.322E+24    5.676E+03    7.649E+01    1.003E-06    8.695E+01    1.907E-88     r       4.7
6.187E+08    2.365E-12    8.322E+24    5.782E+03    8.348E+01    1.075E-06    8.612E+01    6.476E-88     r       4.7
6.187E+08    2.468E-12    8.322E+24    5.835E+03    8.716E+01    1.112E-06    8.571E+01    1.182E-87     r       4.7
6.187E+08    2.683E-12    8.322E+24    5.942E+03    9.489E+01    1.189E-06    8.488E+01    3.866E-87     r       4.7
6.186E+08    2.797E-12    8.322E+24    5.995E+03    9.896E+01    1.229E-06    8.447E+01    6.927E-87     r       4.7
6.186E+08    3.035E-12    8.322E+24    6.102E+03    1.075E+02    1.311E-06    8.364E+01    2.183E-86     r       4.7
6.186E+08    3.160E-12    8.322E+24    6.156E+03    1.120E+02    1.354E-06    8.324E+01    3.842E-86     r       4.7
6.185E+08    3.422E-12    8.322E+24    6.263E+03    1.214E+02    1.443E-06    8.243E+01    1.168E-85     r       4.7
6.185E+08    3.560E-12    8.322E+24    6.317E+03    1.263E+02    1.489E-06    8.203E+01    2.020E-85     r       4.7
6.185E+08    3.848E-12    8.322E+24    6.425E+03    1.367E+02    1.584E-06    8.124E+01    5.937E-85     r       4.7
6.185E+08    3.999E-12    8.322E+24    6.479E+03    1.421E+02    1.633E-06    8.085E+01    1.009E-84     r       4.6
6.184E+08    4.315E-12    8.322E+24    6.587E+03    1.534E+02    1.734E-06    8.009E+01    2.870E-84     r       4.6
6.184E+08    4.480E-12    8.322E+24    6.641E+03    1.594E+02    1.787E-06    7.971E+01    4.801E-84     r       4.6
6.184E+08    4.825E-12    8.322E+24    6.749E+03    1.717E+02    1.895E-06    7.896E+01    1.323E-83     r       4.6
6.183E+08    5.005E-12    8.322E+24    6.803E+03    1.782E+02    1.951E-06    7.859E+01    2.179E-83     r       4.6
6.183E+08    5.381E-12    8.322E+24    6.911E+03    1.917E+02    2.066E-06    7.787E+01    5.824E-83     r       4.6
6.183E+08    5.578E-12    8.322E+24    6.965E+03    1.988E+02    2.125E-06    7.751E+01    9.453E-83     r       4.6
6.183E+08    5.988E-12    8.322E+24    7.074E+03    2.135E+02    2.248E-06    7.680E+01    2.455E-82     r       4.6
6.182E+08    6.201E-12    8.322E+24    7.128E+03    2.212E+02    2.311E-06    7.646E+01    3.929E-82     r       4.6
6.182E+08    6.646E-12    8.322E+24    7.237E+03    2.372E+02    2.441E-06    7.577E+01    9.928E-82     r       4.6
6.182E+08    6.878E-12    8.322E+24    7.291E+03    2.456E+02    2.508E-06    7.544E+01    1.568E-81     r       4.6
6.181E+08    7.361E-12    8.322E+24    7.399E+03    2.629E+02    2.646E-06    7.477E+01    3.859E-81     r       4.6
6.181E+08    7.612E-12    8.322E+24    7.454E+03    2.720E+02    2.717E-06    7.445E+01    6.016E-81     r       4.6
6.181E+08    8.135E-12    8.322E+24    7.562E+03    2.908E+02    2.863E-06    7.381E+01    1.444E-80     r       4.6
6.181E+08    8.406E-12    8.322E+24    7.617E+03    3.005E+02    2.939E-06    7.349E+01    2.224E-80     r       4.6
6.180E+08    8.971E-12    8.322E+24    7.726E+03    3.209E+02    3.093E-06    7.287E+01    5.212E-80     r       4.6
6.180E+08    9.265E-12    8.322E+24    7.780E+03    3.314E+02    3.173E-06    7.256E+01    7.933E-80     r       4.6
6.180E+08    9.874E-12    8.322E+24    7.889E+03    3.534E+02    3.336E-06    7.196E+01    1.817E-79     r       4.6
6.179E+08    1.019E-11    8.322E+24    7.943E+03    3.648E+02    3.420E-06    7.166E+01    2.735E-79     r       4.6
6.179E+08    1.085E-11    8.322E+24    8.052E+03    3.884E+02    3.593E-06    7.108E+01    6.131E-79     r       4.6
6.179E+08    1.119E-11    8.322E+24    8.106E+03    4.007E+02    3.682E-06    7.079E+01    9.131E-79     r       4.6
6.178E+08    1.189E-11    8.322E+24    8.215E+03    4.261E+02    3.864E-06    7.022E+01    2.004E-78     r       4.6
6.178E+08    1.226E-11    8.322E+24    8.270E+03    4.393E+02    3.957E-06    6.994E+01    2.955E-78     r       4.6
6.178E+08    1.302E-11    8.322E+24    8.379E+03    4.667E+02    4.149E-06    6.939E+01    6.357E-78     r       4.6
6.178E+08    1.341E-11    8.322E+24    8.433E+03    4.808E+02    4.247E-06    6.912E+01    9.281E-78     r       4.6
6.177E+08    1.422E-11    8.322E+24    8.542E+03    5.102E+02    4.449E-06    6.859E+01    1.959E-77     r       4.6
6.177E+08    1.464E-11    8.322E+24    8.597E+03    5.254E+02    4.552E-06    6.832E+01    2.833E-77     r       4.6
6.177E+08    1.552E-11    8.322E+24    8.706E+03    5.568E+02    4.764E-06    6.781E+01    5.873E-77     r       4.6
6.177E+08    1.597E-11    8.322E+24    8.760E+03    5.731E+02    4.873E-06    6.755E+01    8.418E-77     r       4.6
6.176E+08    1.690E-11    8.322E+24    8.869E+03    6.067E+02    5.096E-06    6.705E+01    1.715E-76     r       4.6
6.176E+08    1.738E-11    8.322E+24    8.924E+03    6.241E+02    5.210E-06    6.680E+01    2.437E-76     r       4.6
6.176E+08    1.838E-11    8.322E+24    9.033E+03    6.601E+02    5.443E-06    6.631E+01    4.880E-76     r       4.6
6.175E+08    1.889E-11    8.322E+24    9.088E+03    6.786E+02    5.563E-06    6.607E+01    6.879E-76     r       4.6
6.175E+08    1.995E-11    8.322E+24    9.197E+03    7.170E+02    5.808E-06    6.559E+01    1.356E-75     r       4.6
6.175E+08    2.050E-11    8.322E+24    9.251E+03    7.369E+02    5.934E-06    6.536E+01    1.896E-75     r       4.6
6.174E+08    2.164E-11    8.322E+24    9.361E+03    7.778E+02    6.190E-06    6.489E+01    3.679E-75     r       4.6
6.174E+08    2.222E-11    8.322E+24    9.415E+03    7.989E+02    6.322E-06    6.467E+01    5.106E-75     r       4.6
6.174E+08    2.343E-11    8.322E+24    9.524E+03    8.426E+02    6.591E-06    6.422E+01    9.762E-75     r       4.6
6.174E+08    2.405E-11    8.322E+24    9.579E+03    8.651E+02    6.728E-06    6.399E+01    1.345E-74     r       4.6
6.173E+08    2.533E-11    8.322E+24    9.688E+03    9.115E+02    7.009E-06    6.356E+01    2.535E-74     r       4.6
6.173E+08    2.599E-11    8.322E+24    9.743E+03    9.354E+02    7.153E-06    6.334E+01    3.468E-74     r       4.6
6.173E+08    2.736E-11    8.322E+24    9.852E+03    9.847E+02    7.447E-06    6.291E+01    6.447E-74     r       4.6
6.172E+08    2.806E-11    8.322E+24    9.907E+03    1.010E+03    7.597E-06    6.270E+01    8.761E-74     r       4.6
6.172E+08    2.951E-11    8.322E+24    1.002E+04    1.063E+03    7.904E-06    6.229E+01    1.607E-73     r       4.6
6.172E+08    3.025E-11    8.322E+24    1.007E+04    1.090E+03    8.061E-06    6.208E+01    2.170E-73     r       4.6
6.171E+08    3.179E-11    8.322E+24    1.018E+04    1.145E+03    8.381E-06    6.168E+01    3.931E-73     r       4.6
6.171E+08    3.258E-11    8.322E+24    1.023E+04    1.174E+03    8.545E-06    6.148E+01    5.274E-73     r       4.6
6.171E+08    3.421E-11    8.322E+24    1.034E+04    1.233E+03    8.879E-06    6.108E+01    9.436E-73     r       4.6
6.171E+08    3.504E-11    8.322E+24    1.040E+04    1.263E+03    9.049E-06    6.089E+01    1.258E-72     r       4.6
6.170E+08    3.676E-11    8.322E+24    1.051E+04    1.325E+03    9.398E-06    6.050E+01    2.225E-72     r       4.6
6.170E+08    4.041E-11    8.322E+24    1.073E+04    1.457E+03    1.012E-05    5.975E+01    6.800E-72     r       4.6
6.169E+08    4.233E-11    8.322E+24    1.084E+04    1.527E+03    1.050E-05    5.938E+01    1.176E-71     r       4.6
6.168E+08    4.639E-11    8.322E+24    1.106E+04    1.675E+03    1.129E-05    5.867E+01    3.440E-71     r       4.6
6.168E+08    4.854E-11    8.322E+24    1.116E+04    1.752E+03    1.170E-05    5.832E+01    5.824E-71     r       4.6
6.167E+08    5.306E-11    8.322E+24    1.138E+04    1.916E+03    1.255E-05    5.764E+01    1.637E-70     r       4.6
6.167E+08    5.544E-11    8.322E+24    1.149E+04    2.003E+03    1.299E-05    5.730E+01    2.717E-70     r       4.6
6.166E+08    6.045E-11    8.322E+24    1.171E+04    2.185E+03    1.390E-05    5.665E+01    7.353E-70     r       4.6
6.166E+08    6.309E-11    8.322E+24    1.182E+04    2.281E+03    1.438E-05    5.633E+01    1.199E-69     r       4.6
6.165E+08    6.863E-11    8.322E+24    1.204E+04    2.482E+03    1.536E-05    5.571E+01    3.130E-69     r       4.6
6.164E+08    7.154E-11    8.322E+24    1.215E+04    2.588E+03    1.587E-05    5.540E+01    5.015E-69     r       4.6
6.164E+08    7.765E-11    8.322E+24    1.237E+04    2.810E+03    1.693E-05    5.480E+01    1.267E-68     r       4.6
6.163E+08    8.085E-11    8.322E+24    1.248E+04    2.927E+03    1.748E-05    5.451E+01    1.997E-68     r       4.6
6.163E+08    8.757E-11    8.322E+24    1.270E+04    3.172E+03    1.861E-05    5.394E+01    4.890E-68     r       4.6
6.162E+08    9.109E-11    8.322E+24    1.281E+04    3.300E+03    1.920E-05    5.366E+01    7.594E-68     r       4.6
6.161E+08    9.846E-11    8.322E+24    1.303E+04    3.568E+03    2.041E-05    5.311E+01    1.805E-67     r       4.6
6.161E+08    1.023E-10    8.322E+24    1.314E+04    3.709E+03    2.104E-05    5.284E+01    2.763E-67     r       4.6
6.160E+08    1.104E-10    8.322E+24    1.336E+04    4.003E+03    2.234E-05    5.231E+01    6.388E-67     r       4.6
6.160E+08    1.146E-10    8.322E+24    1.347E+04    4.157E+03    2.301E-05    5.205E+01    9.648E-67     r       4.6
6.159E+08    1.234E-10    8.322E+24    1.369E+04    4.479E+03    2.439E-05    5.154E+01    2.172E-66     r       4.6
6.159E+08    1.280E-10    8.322E+24    1.380E+04    4.647E+03    2.511E-05    5.129E+01    3.239E-66     r       4.6
6.158E+08    1.376E-10    8.322E+24    1.402E+04    4.998E+03    2.658E-05    5.081E+01    7.116E-66     r       4.6
6.157E+08    1.427E-10    8.322E+24    1.413E+04    5.181E+03    2.734E-05    5.057E+01    1.048E-65     r       4.6
6.157E+08    1.531E-10    8.322E+24    1.435E+04    5.563E+03    2.890E-05    5.010E+01    2.249E-65     r       4.6
6.156E+08    1.585E-10    8.322E+24    1.446E+04    5.762E+03    2.971E-05    4.986E+01    3.276E-65     r       4.6
6.156E+08    1.699E-10    8.322E+24    1.468E+04    6.177E+03    3.137E-05    4.941E+01    6.873E-65     r       4.6
6.155E+08    1.758E-10    8.322E+24    1.479E+04    6.393E+03    3.223E-05    4.919E+01    9.902E-65     r       4.6
6.154E+08    1.881E-10    8.322E+24    1.501E+04    6.844E+03    3.400E-05    4.875E+01    2.034E-64     r       4.6
6.154E+08    1.945E-10    8.322E+24    1.512E+04    7.078E+03    3.490E-05    4.853E+01    2.900E-64     r       4.6
6.153E+08    2.078E-10    8.322E+24    1.534E+04    7.565E+03    3.677E-05    4.811E+01    5.839E-64     r       4.6
6.153E+08    2.147E-10    8.322E+24    1.545E+04    7.819E+03    3.773E-05    4.790E+01    8.244E-64     r       4.6
6.152E+08    2.291E-10    8.322E+24    1.567E+04    8.345E+03    3.971E-05    4.749E+01    1.628E-63     r       4.6
6.152E+08    2.366E-10    8.322E+24    1.578E+04    8.619E+03    4.073E-05    4.729E+01    2.278E-63     r       4.6
6.151E+08    2.521E-10    8.322E+24    1.600E+04    9.188E+03    4.282E-05    4.690E+01    4.417E-63     r       4.6
6.151E+08    2.601E-10    8.322E+24    1.611E+04    9.483E+03    4.389E-05    4.670E+01    6.124E-63     r       4.6
6.150E+08    2.768E-10    8.322E+24    1.633E+04    1.010E+04    4.609E-05    4.632E+01    1.167E-62     r       4.6
6.149E+08    2.854E-10    8.322E+24    1.644E+04    1.041E+04    4.723E-05    4.613E+01    1.604E-62     r       4.6
6.149E+08    3.034E-10    8.322E+24    1.666E+04    1.107E+04    4.955E-05    4.576E+01    3.007E-62     r       4.6
6.148E+08    3.127E-10    8.322E+24    1.677E+04    1.141E+04    5.075E-05    4.558E+01    4.101E-62     r       4.6
6.147E+08    3.319E-10    8.322E+24    1.699E+04    1.212E+04    5.320E-05    4.522E+01    7.566E-62     r       4.6
6.147E+08    3.419E-10    8.322E+24    1.710E+04    1.249E+04    5.445E-05    4.504E+01    1.024E-61     r       4.6
6.146E+08    3.625E-10    8.322E+24    1.732E+04    1.325E+04    5.703E-05    4.469E+01    1.860E-61     r       4.6
6.146E+08    3.732E-10    8.322E+24    1.743E+04    1.364E+04    5.835E-05    4.452E+01    2.499E-61     r       4.6
6.145E+08    3.953E-10    8.322E+24    1.765E+04    1.446E+04    6.106E-05    4.418E+01    4.475E-61     r       4.6
6.145E+08    4.068E-10    8.322E+24    1.776E+04    1.488E+04    6.245E-05    4.402E+01    5.968E-61     r       4.6
6.144E+08    4.304E-10    8.322E+24    1.798E+04    1.575E+04    6.530E-05    4.369E+01    1.054E-60     r       4.6
6.144E+08    4.426E-10    8.322E+24    1.809E+04    1.620E+04    6.676E-05    4.353E+01    1.396E-60     r       4.6
6.143E+08    4.679E-10    8.322E+24    1.831E+04    1.713E+04    6.974E-05    4.321E+01    2.433E-60     r       4.6
6.142E+08    4.809E-10    8.322E+24    1.842E+04    1.761E+04    7.127E-05    4.305E+01    3.202E-60     r       4.6
6.142E+08    5.079E-10    8.322E+24    1.865E+04    1.861E+04    7.441E-05    4.274E+01    5.510E-60     r       4.6
6.141E+08    5.218E-10    8.322E+24    1.876E+04    1.912E+04    7.601E-05    4.259E+01    7.206E-60     r       4.6
6.140E+08    5.505E-10    8.322E+24    1.898E+04    2.018E+04    7.929E-05    4.229E+01    1.225E-59     r       4.6
6.140E+08    5.653E-10    8.322E+24    1.909E+04    2.073E+04    8.097E-05    4.214E+01    1.592E-59     r       4.6
6.139E+08    5.959E-10    8.322E+24    1.931E+04    2.186E+04    8.441E-05    4.185E+01    2.675E-59     r       4.6
6.139E+08    6.116E-10    8.322E+24    1.942E+04    2.244E+04    8.616E-05    4.170E+01    3.457E-59     r       4.6
6.138E+08    6.441E-10    8.322E+24    1.964E+04    2.364E+04    8.976E-05    4.142E+01    5.742E-59     r       4.6
6.138E+08    6.609E-10    8.322E+24    1.975E+04    2.426E+04    9.160E-05    4.128E+01    7.379E-59     r       4.6
6.137E+08    6.954E-10    8.322E+24    1.997E+04    2.554E+04    9.535E-05    4.100E+01    1.212E-58     r       4.6
6.137E+08    7.132E-10    8.322E+24    2.008E+04    2.620E+04    9.727E-05    4.086E+01    1.550E-58     r       4.6
6.136E+08    7.498E-10    8.322E+24    2.031E+04    2.756E+04    1.012E-04    4.059E+01    2.520E-58     r       4.6
6.135E+08    7.687E-10    8.322E+24    2.042E+04    2.826E+04    1.032E-04    4.046E+01    3.205E-58     r       4.6
6.135E+08    8.075E-10    8.322E+24    2.064E+04    2.970E+04    1.073E-04    4.020E+01    5.159E-58     r       4.6
6.134E+08    8.275E-10    8.322E+24    2.075E+04    3.044E+04    1.094E-04    4.007E+01    6.529E-58     r       4.6
6.133E+08    8.687E-10    8.322E+24    2.097E+04    3.196E+04    1.137E-04    3.981E+01    1.041E-57     r       4.6
6.133E+08    8.898E-10    8.322E+24    2.108E+04    3.275E+04    1.158E-04    3.968E+01    1.311E-57     r       4.6
6.132E+08    9.334E-10    8.322E+24    2.130E+04    3.437E+04    1.203E-04    3.943E+01    2.070E-57     r       4.6
6.131E+08    1.025E-09    8.322E+24    2.175E+04    3.779E+04    1.296E-04    3.894E+01    5.068E-57     r       4.6
6.130E+08    1.074E-09    8.322E+24    2.197E+04    3.960E+04    1.344E-04    3.871E+01    7.861E-57     r       4.6
6.128E+08    1.177E-09    8.322E+24    2.241E+04    4.342E+04    1.445E-04    3.824E+01    1.860E-56     r       4.6
6.128E+08    1.231E-09    8.322E+24    2.263E+04    4.544E+04    1.497E-04    3.801E+01    2.838E-56     r       4.6
6.126E+08    1.345E-09    8.322E+24    2.308E+04    4.969E+04    1.606E-04    3.757E+01    6.502E-56     r       4.6
6.125E+08    1.405E-09    8.322E+24    2.330E+04    5.194E+04    1.662E-04    3.735E+01    9.767E-56     r       4.6
6.124E+08    1.532E-09    8.322E+24    2.375E+04    5.666E+04    1.780E-04    3.693E+01    2.172E-55     r       4.6
6.123E+08    1.598E-09    8.322E+24    2.397E+04    5.915E+04    1.840E-04    3.672E+01    3.215E-55     r       4.6
6.121E+08    1.738E-09    8.322E+24    2.441E+04    6.438E+04    1.967E-04    3.631E+01    6.951E-55     r       4.6
6.121E+08    1.812E-09    8.322E+24    2.464E+04    6.713E+04    2.032E-04    3.612E+01    1.015E-54     r       4.6
6.119E+08    1.966E-09    8.322E+24    2.508E+04    7.290E+04    2.168E-04    3.573E+01    2.138E-54     r       4.6
6.118E+08    2.047E-09    8.322E+24    2.530E+04    7.593E+04    2.238E-04    3.554E+01    3.082E-54     r       4.6
6.117E+08    2.216E-09    8.322E+24    2.575E+04    8.229E+04    2.384E-04    3.516E+01    6.330E-54     r       4.6
6.116E+08    2.305E-09    8.322E+24    2.597E+04    8.563E+04    2.459E-04    3.498E+01    9.018E-54     r       4.6
6.114E+08    2.491E-09    8.322E+24    2.642E+04    9.261E+04    2.615E-04    3.462E+01    1.809E-53     r       4.6
6.114E+08    2.589E-09    8.322E+24    2.664E+04    9.627E+04    2.695E-04    3.445E+01    2.548E-53     r       4.6
6.112E+08    2.792E-09    8.322E+24    2.709E+04    1.039E+05    2.862E-04    3.410E+01    5.001E-53     r       4.6
6.111E+08    2.899E-09    8.322E+24    2.731E+04    1.079E+05    2.948E-04    3.393E+01    6.968E-53     r       4.6
6.110E+08    3.121E-09    8.322E+24    2.776E+04    1.163E+05    3.125E-04    3.360E+01    1.339E-52     r       4.6
6.109E+08    3.237E-09    8.322E+24    2.798E+04    1.207E+05    3.217E-04    3.344E+01    1.847E-52     r       4.6
6.107E+08    3.479E-09    8.322E+24    2.843E+04    1.298E+05    3.406E-04    3.312E+01    3.481E-52     r       4.6
6.107E+08    3.606E-09    8.322E+24    2.865E+04    1.346E+05    3.504E-04    3.297E+01    4.756E-52     r       4.6
6.105E+08    3.869E-09    8.322E+24    2.910E+04    1.446E+05    3.705E-04    3.266E+01    8.795E-52     r       4.6
6.104E+08    4.006E-09    8.322E+24    2.933E+04    1.497E+05    3.809E-04    3.251E+01    1.191E-51     r       4.6
6.103E+08    4.292E-09    8.322E+24    2.977E+04    1.606E+05    4.023E-04    3.221E+01    2.163E-51     r       4.6
6.102E+08    4.441E-09    8.322E+24    3.000E+04    1.662E+05    4.133E-04    3.207E+01    2.903E-51     r       4.6
6.100E+08    4.751E-09    8.322E+24    3.045E+04    1.780E+05    4.360E-04    3.178E+01    5.187E-51     r       4.6
6.100E+08    4.913E-09    8.322E+24    3.067E+04    1.841E+05    4.477E-04    3.164E+01    6.905E-51     r       4.6
6.098E+08    5.248E-09    8.322E+24    3.112E+04    1.968E+05    4.718E-04    3.137E+01    1.214E-50     r       4.6
6.097E+08    5.422E-09    8.322E+24    3.134E+04    2.034E+05    4.841E-04    3.123E+01    1.603E-50     r       4.6
6.096E+08    5.784E-09    8.322E+24    3.179E+04    2.172E+05    5.096E-04    3.096E+01    2.776E-50     r       4.6
6.095E+08    5.972E-09    8.322E+24    3.202E+04    2.244E+05    5.227E-04    3.083E+01    3.639E-50     r       4.6
6.093E+08    6.363E-09    8.322E+24    3.247E+04    2.392E+05    5.497E-04    3.057E+01    6.211E-50     r       4.6
6.093E+08    6.565E-09    8.322E+24    3.269E+04    2.469E+05    5.635E-04    3.045E+01    8.085E-50     r       4.6
6.091E+08    6.986E-09    8.322E+24    3.314E+04    2.630E+05    5.919E-04    3.020E+01    1.361E-49     r       4.6
6.090E+08    7.204E-09    8.322E+24    3.337E+04    2.713E+05    6.066E-04    3.008E+01    1.759E-49     r       4.6
6.089E+08    7.656E-09    8.322E+24    3.382E+04    2.886E+05    6.366E-04    2.983E+01    2.922E-49     r       4.6
6.088E+08    7.890E-09    8.322E+24    3.404E+04    2.975E+05    6.520E-04    2.971E+01    3.754E-49     r       4.6
6.086E+08    8.375E-09    8.322E+24    3.449E+04    3.161E+05    6.836E-04    2.948E+01    6.156E-49     r       4.6
6.086E+08    8.627E-09    8.322E+24    3.472E+04    3.257E+05    6.999E-04    2.936E+01    7.859E-49     r       4.6
6.084E+08    9.147E-09    8.322E+24    3.517E+04    3.456E+05    7.332E-04    2.914E+01    1.273E-48     r       4.6
6.083E+08    9.416E-09    8.322E+24    3.539E+04    3.560E+05    7.503E-04    2.903E+01    1.616E-48     r       4.6
6.082E+08    9.973E-09    8.322E+24    3.585E+04    3.773E+05    7.853E-04    2.880E+01    2.589E-48     r       4.6
6.081E+08    1.026E-08    8.322E+24    3.607E+04    3.884E+05    8.033E-04    2.870E+01    3.267E-48     r       4.6
6.079E+08    1.086E-08    8.322E+24    3.652E+04    4.113E+05    8.401E-04    2.848E+01    5.175E-48     r       4.6
6.079E+08    1.116E-08    8.322E+24    3.675E+04    4.231E+05    8.590E-04    2.838E+01    6.496E-48     r       4.6
6.077E+08    1.180E-08    8.322E+24    3.720E+04    4.476E+05    8.977E-04    2.817E+01    1.018E-47     r       4.6
6.076E+08    1.213E-08    8.322E+24    3.743E+04    4.603E+05    9.175E-04    2.807E+01    1.271E-47     r       4.6
6.075E+08    1.281E-08    8.322E+24    3.788E+04    4.864E+05    9.581E-04    2.786E+01    1.972E-47     r       4.6
6.074E+08    1.316E-08    8.322E+24    3.811E+04    5.000E+05    9.789E-04    2.776E+01    2.450E-47     r       4.6
6.073E+08    1.388E-08    8.322E+24    3.856E+04    5.279E+05    1.021E-03    2.757E+01    3.764E-47     r       4.6
6.072E+08    1.426E-08    8.322E+24    3.878E+04    5.423E+05    1.043E-03    2.747E+01    4.654E-47     r       4.6
6.070E+08    1.503E-08    8.322E+24    3.924E+04    5.721E+05    1.088E-03    2.728E+01    7.083E-47     r       4.6
6.069E+08    1.542E-08    8.322E+24    3.946E+04    5.875E+05    1.111E-03    2.718E+01    8.718E-47     r       4.6
6.068E+08    1.624E-08    8.322E+24    3.992E+04    6.192E+05    1.157E-03    2.700E+01    1.315E-46     r       4.6
6.067E+08    1.666E-08    8.322E+24    4.014E+04    6.355E+05    1.181E-03    2.691E+01    1.611E-46     r       4.6
6.066E+08    1.753E-08    8.322E+24    4.060E+04    6.693E+05    1.230E-03    2.673E+01    2.409E-46     r       4.6
6.065E+08    1.798E-08    8.322E+24    4.082E+04    6.867E+05    1.255E-03    2.664E+01    2.939E-46     r       4.6
6.063E+08    1.891E-08    8.322E+24    4.128E+04    7.225E+05    1.306E-03    2.646E+01    4.358E-46     r       4.6
6.062E+08    1.938E-08    8.322E+24    4.151E+04    7.410E+05    1.332E-03    2.637E+01    5.295E-46     r       4.6
6.061E+08    2.036E-08    8.322E+24    4.196E+04    7.791E+05    1.385E-03    2.620E+01    7.788E-46     r       4.6
6.060E+08    2.086E-08    8.322E+24    4.219E+04    7.987E+05    1.413E-03    2.611E+01    9.426E-46     r       4.6
6.059E+08    2.190E-08    8.322E+24    4.264E+04    8.391E+05    1.468E-03    2.595E+01    1.376E-45     r       4.6
6.058E+08    2.243E-08    8.322E+24    4.287E+04    8.599E+05    1.497E-03    2.586E+01    1.659E-45     r       4.6
6.056E+08    2.353E-08    8.322E+24    4.333E+04    9.028E+05    1.555E-03    2.570E+01    2.402E-45     r       4.6
6.053E+08    2.585E-08    8.322E+24    4.424E+04    9.935E+05    1.676E-03    2.538E+01    4.967E-45     r       4.6
6.052E+08    2.708E-08    8.322E+24    4.469E+04    1.042E+06    1.739E-03    2.523E+01    7.093E-45     r       4.6
6.048E+08    2.967E-08    8.322E+24    4.561E+04    1.143E+06    1.870E-03    2.492E+01    1.427E-44     r       4.6
6.047E+08    3.104E-08    8.322E+24    4.606E+04    1.197E+06    1.939E-03    2.477E+01    2.011E-44     r       4.6
6.044E+08    3.392E-08    8.322E+24    4.698E+04    1.310E+06    2.081E-03    2.448E+01    3.943E-44     r       4.6
6.042E+08    3.543E-08    8.322E+24    4.743E+04    1.370E+06    2.155E-03    2.434E+01    5.487E-44     r       4.6
6.039E+08    3.863E-08    8.322E+24    4.835E+04    1.496E+06    2.308E-03    2.406E+01    1.050E-43     r       4.6
6.038E+08    4.030E-08    8.322E+24    4.881E+04    1.562E+06    2.388E-03    2.393E+01    1.445E-43     r       4.6
6.034E+08    4.383E-08    8.322E+24    4.972E+04    1.702E+06    2.554E-03    2.366E+01    2.704E-43     r       4.6
6.033E+08    4.569E-08    8.322E+24    5.018E+04    1.775E+06    2.639E-03    2.353E+01    3.680E-43     r       4.6
6.030E+08    4.958E-08    8.322E+24    5.110E+04    1.930E+06    2.818E-03    2.328E+01    6.742E-43     r       4.6
6.028E+08    5.162E-08    8.322E+24    5.156E+04    2.011E+06    2.910E-03    2.315E+01    9.081E-43     r       4.6
6.025E+08    5.590E-08    8.322E+24    5.248E+04    2.181E+06    3.101E-03    2.291E+01    1.631E-42     r       4.6
6.024E+08    5.815E-08    8.322E+24    5.294E+04    2.271E+06    3.200E-03    2.279E+01    2.176E-42     r       4.6
6.021E+08    6.284E-08    8.322E+24    5.386E+04    2.458E+06    3.406E-03    2.255E+01    3.835E-42     r       4.6
6.019E+08    6.530E-08    8.322E+24    5.432E+04    2.557E+06    3.512E-03    2.244E+01    5.070E-42     r       4.6
6.016E+08    7.044E-08    8.322E+24    5.525E+04    2.763E+06    3.731E-03    2.221E+01    8.780E-42     r       4.6
6.014E+08    7.313E-08    8.322E+24    5.571E+04    2.871E+06    3.845E-03    2.210E+01    1.151E-41     r       4.6
6.011E+08    7.875E-08    8.322E+24    5.663E+04    3.096E+06    4.080E-03    2.189E+01    1.960E-41     r       4.6
6.010E+08    8.168E-08    8.322E+24    5.710E+04    3.214E+06    4.201E-03    2.178E+01    2.547E-41     r       4.6
6.007E+08    8.781E-08    8.322E+24    5.802E+04    3.461E+06    4.452E-03    2.157E+01    4.270E-41     r       4.6
6.005E+08    9.100E-08    8.322E+24    5.848E+04    3.590E+06    4.581E-03    2.147E+01    5.507E-41     r       4.6
6.002E+08    9.767E-08    8.322E+24    5.941E+04    3.860E+06    4.848E-03    2.127E+01    9.095E-41     r       4.6
6.000E+08    1.011E-07    8.322E+24    5.988E+04    4.000E+06    4.986E-03    2.117E+01    1.165E-40     r       4.6
5.997E+08    1.084E-07    8.322E+24    6.080E+04    4.294E+06    5.270E-03    2.097E+01    1.896E-40     r       4.6
5.996E+08    1.121E-07    8.322E+24    6.127E+04    4.447E+06    5.416E-03    2.088E+01    2.411E-40     r       4.6
5.993E+08    1.200E-07    8.322E+24    6.220E+04    4.766E+06    5.718E-03    2.069E+01    3.872E-40     r       4.6
5.991E+08    1.241E-07    8.322E+24    6.267E+04    4.932E+06    5.874E-03    2.060E+01    4.891E-40     r       4.6
5.988E+08    1.326E-07    8.322E+24    6.360E+04    5.279E+06    6.194E-03    2.042E+01    7.756E-40     r       4.6
5.986E+08    1.370E-07    8.322E+24    6.406E+04    5.459E+06    6.359E-03    2.033E+01    9.736E-40     r       4.6
5.983E+08    1.461E-07    8.322E+24    6.500E+04    5.835E+06    6.699E-03    2.015E+01    1.525E-39     r       4.6
5.982E+08    1.509E-07    8.322E+24    6.546E+04    6.030E+06    6.874E-03    2.007E+01    1.903E-39     r       4.6
5.979E+08    1.608E-07    8.322E+24    6.640E+04    6.436E+06    7.234E-03    1.990E+01    2.946E-39     r       4.6
5.977E+08    1.659E-07    8.322E+24    6.687E+04    6.648E+06    7.419E-03    1.981E+01    3.655E-39     r       4.6
5.974E+08    1.766E-07    8.322E+24    6.780E+04    7.087E+06    7.800E-03    1.965E+01    5.596E-39     r       4.6
5.972E+08    1.821E-07    8.322E+24    6.827E+04    7.315E+06    7.996E-03    1.957E+01    6.905E-39     r       4.6
5.969E+08    1.936E-07    8.322E+24    6.921E+04    7.788E+06    8.398E-03    1.941E+01    1.046E-38     r       4.6
5.968E+08    1.995E-07    8.322E+24    6.968E+04    8.034E+06    8.605E-03    1.933E+01    1.284E-38     r       4.6
5.965E+08    2.118E-07    8.322E+24    7.062E+04    8.545E+06    9.030E-03    1.918E+01    1.926E-38     r       4.6
5.963E+08    2.182E-07    8.322E+24    7.109E+04    8.809E+06    9.248E-03    1.910E+01    2.352E-38     r       4.6
5.960E+08    2.314E-07    8.322E+24    7.203E+04    9.358E+06    9.696E-03    1.895E+01    3.493E-38     r       4.6
5.958E+08    2.382E-07    8.322E+24    7.250E+04    9.643E+06    9.926E-03    1.888E+01    4.246E-38     r       4.6
5.955E+08    2.524E-07    8.322E+24    7.344E+04    1.023E+07    1.040E-02    1.874E+01    6.247E-38     r       4.6
5.954E+08    2.597E-07    8.322E+24    7.391E+04    1.054E+07    1.064E-02    1.866E+01    7.560E-38     r       4.6
5.951E+08    2.748E-07    8.322E+24    7.486E+04    1.117E+07    1.114E-02    1.852E+01    1.102E-37     r       4.6
5.949E+08    2.827E-07    8.322E+24    7.533E+04    1.150E+07    1.139E-02    1.845E+01    1.328E-37     r       4.6
5.946E+08    2.988E-07    8.322E+24    7.627E+04    1.218E+07    1.192E-02    1.832E+01    1.920E-37     r       4.6
5.944E+08    3.072E-07    8.322E+24    7.675E+04    1.253E+07    1.218E-02    1.825E+01    2.304E-37     r       4.6
5.941E+08    3.244E-07    8.322E+24    7.769E+04    1.326E+07    1.273E-02    1.812E+01    3.304E-37     r       4.6
5.940E+08    3.333E-07    8.322E+24    7.817E+04    1.363E+07    1.302E-02    1.805E+01    3.949E-37     r       4.6
5.937E+08    3.517E-07    8.322E+24    7.912E+04    1.441E+07    1.359E-02    1.792E+01    5.618E-37     r       4.6
5.935E+08    3.612E-07    8.322E+24    7.959E+04    1.481E+07    1.389E-02    1.786E+01    6.688E-37     r       4.6
5.932E+08    3.808E-07    8.322E+24    8.054E+04    1.564E+07    1.449E-02    1.773E+01    9.443E-37     r       4.6
5.930E+08    3.909E-07    8.322E+24    8.102E+04    1.607E+07    1.480E-02    1.767E+01    1.120E-36     r       4.6
5.927E+08    4.118E-07    8.322E+24    8.197E+04    1.696E+07    1.544E-02    1.755E+01    1.570E-36     r       4.6
5.926E+08    4.225E-07    8.322E+24    8.244E+04    1.741E+07    1.576E-02    1.749E+01    1.855E-36     r       4.6
5.923E+08    4.447E-07    8.322E+24    8.340E+04    1.836E+07    1.643E-02    1.737E+01    2.582E-36     r       4.6
5.921E+08    4.561E-07    8.322E+24    8.387E+04    1.885E+07    1.677E-02    1.731E+01    3.042E-36     r       4.6
5.918E+08    4.796E-07    8.322E+24    8.483E+04    1.985E+07    1.747E-02    1.719E+01    4.205E-36     r       4.6
5.917E+08    4.918E-07    8.322E+24    8.531E+04    2.037E+07    1.782E-02    1.714E+01    4.936E-36     r       4.6
5.913E+08    5.167E-07    8.322E+24    8.626E+04    2.144E+07    1.855E-02    1.702E+01    6.780E-36     r       4.6
5.912E+08    5.296E-07    8.322E+24    8.674E+04    2.200E+07    1.893E-02    1.697E+01    7.934E-36     r       4.6
5.909E+08    5.560E-07    8.322E+24    8.770E+04    2.313E+07    1.969E-02    1.686E+01    1.083E-35     r       4.6
5.907E+08    5.696E-07    8.322E+24    8.818E+04    2.372E+07    2.008E-02    1.680E+01    1.263E-35     r       4.6
5.904E+08    5.976E-07    8.322E+24    8.914E+04    2.493E+07    2.087E-02    1.669E+01    1.714E-35     r       4.6
5.903E+08    6.120E-07    8.322E+24    8.962E+04    2.555E+07    2.128E-02    1.664E+01    1.994E-35     r       4.6
5.899E+08    6.417E-07    8.322E+24    9.058E+04    2.684E+07    2.211E-02    1.654E+01    2.689E-35     r       4.6
5.898E+08    6.569E-07    8.322E+24    9.106E+04    2.750E+07    2.254E-02    1.648E+01    3.119E-35     r       4.6
5.895E+08    6.882E-07    8.322E+24    9.202E+04    2.886E+07    2.341E-02    1.638E+01    4.183E-35     r       4.6
5.889E+08    7.544E-07    8.322E+24    9.395E+04    3.174E+07    2.522E-02    1.618E+01    7.445E-35     r       4.6
5.885E+08    7.894E-07    8.322E+24    9.491E+04    3.327E+07    2.616E-02    1.608E+01    9.879E-35     r       4.6
5.879E+08    8.630E-07    8.322E+24    9.685E+04    3.650E+07    2.813E-02    1.589E+01    1.722E-34     r       4.6
5.876E+08    9.018E-07    8.322E+24    9.782E+04    3.821E+07    2.916E-02    1.580E+01    2.263E-34     r       4.6
5.870E+08    9.836E-07    8.322E+24    9.976E+04    4.182E+07    3.129E-02    1.561E+01    3.868E-34     r       4.6
5.867E+08    1.027E-06    8.322E+24    1.007E+05    4.373E+07    3.240E-02    1.553E+01    5.035E-34     r       4.6
5.861E+08    1.117E-06    8.322E+24    1.027E+05    4.775E+07    3.471E-02    1.535E+01    8.453E-34     r       4.6
5.858E+08    1.165E-06    8.322E+24    1.036E+05    4.987E+07    3.591E-02    1.526E+01    1.090E-33     r       4.6
5.851E+08    1.265E-06    8.322E+24    1.056E+05    5.433E+07    3.840E-02    1.510E+01    1.800E-33     r       4.6
5.848E+08    1.317E-06    8.322E+24    1.066E+05    5.668E+07    3.970E-02    1.501E+01    2.303E-33     r       4.6
5.842E+08    1.427E-06    8.322E+24    1.085E+05    6.163E+07    4.238E-02    1.485E+01    3.740E-33     r       4.6
5.839E+08    1.485E-06    8.322E+24    1.095E+05    6.423E+07    4.378E-02    1.477E+01    4.748E-33     r       4.6
5.833E+08    1.605E-06    8.322E+24    1.115E+05    6.970E+07    4.667E-02    1.462E+01    7.595E-33     r       4.6
5.830E+08    1.669E-06    8.322E+24    1.125E+05    7.258E+07    4.817E-02    1.454E+01    9.572E-33     r       4.6
5.823E+08    1.801E-06    8.322E+24    1.144E+05    7.861E+07    5.127E-02    1.439E+01    1.509E-32     r       4.6
5.820E+08    1.870E-06    8.322E+24    1.154E+05    8.178E+07    5.288E-02    1.432E+01    1.889E-32     r       4.6
5.814E+08    2.015E-06    8.322E+24    1.174E+05    8.842E+07    5.621E-02    1.418E+01    2.939E-32     r       4.6
5.811E+08    2.091E-06    8.322E+24    1.184E+05    9.190E+07    5.794E-02    1.411E+01    3.654E-32     r       4.6
5.805E+08    2.249E-06    8.322E+24    1.204E+05    9.919E+07    6.150E-02    1.397E+01    5.612E-32     r       4.6
5.802E+08    2.331E-06    8.322E+24    1.214E+05    1.030E+08    6.335E-02    1.390E+01    6.934E-32     r       4.6
5.795E+08    2.503E-06    8.322E+24    1.234E+05    1.110E+08    6.716E-02    1.377E+01    1.052E-31     r       4.6
5.792E+08    2.593E-06    8.322E+24    1.244E+05    1.152E+08    6.914E-02    1.370E+01    1.292E-31     r       4.6
5.786E+08    2.780E-06    8.322E+24    1.264E+05    1.239E+08    7.321E-02    1.358E+01    1.939E-31     r       4.6
5.783E+08    2.877E-06    8.322E+24    1.274E+05    1.285E+08    7.532E-02    1.351E+01    2.368E-31     r       4.6
5.777E+08    3.080E-06    8.322E+24    1.294E+05    1.381E+08    7.966E-02    1.339E+01    3.513E-31     r       4.6
5.774E+08    3.186E-06    8.322E+24    1.304E+05    1.431E+08    8.191E-02    1.333E+01    4.268E-31     r       4.6
5.767E+08    3.406E-06    8.322E+24    1.324E+05    1.535E+08    8.654E-02    1.321E+01    6.267E-31     r       4.6
5.764E+08    3.521E-06    8.322E+24    1.334E+05    1.589E+08    8.893E-02    1.315E+01    7.576E-31     r       4.6
5.758E+08    3.759E-06    8.322E+24    1.354E+05    1.703E+08    9.386E-02    1.303E+01    1.101E-30     r       4.6
5.755E+08    3.882E-06    8.322E+24    1.364E+05    1.762E+08    9.640E-02    1.298E+01    1.325E-30     r       4.6
5.749E+08    4.139E-06    8.322E+24    1.384E+05    1.885E+08    1.016E-01    1.286E+01    1.908E-30     r       4.6
5.746E+08    4.273E-06    8.322E+24    1.395E+05    1.949E+08    1.043E-01    1.281E+01    2.285E-30     r       4.6
5.740E+08    4.550E-06    8.322E+24    1.415E+05    2.083E+08    1.099E-01    1.270E+01    3.261E-30     r       4.6
5.736E+08    4.693E-06    8.322E+24    1.425E+05    2.153E+08    1.128E-01    1.265E+01    3.887E-30     r       4.6
5.730E+08    4.992E-06    8.322E+24    1.445E+05    2.298E+08    1.187E-01    1.254E+01    5.501E-30     r       4.6
5.727E+08    5.146E-06    8.322E+24    1.456E+05    2.373E+08    1.217E-01    1.249E+01    6.530E-30     r       4.6
5.721E+08    5.467E-06    8.322E+24    1.476E+05    2.530E+08    1.280E-01    1.239E+01    9.164E-30     r       4.6
5.718E+08    5.633E-06    8.322E+24    1.486E+05    2.612E+08    1.312E-01    1.234E+01    1.084E-29     r       4.6
5.712E+08    5.978E-06    8.322E+24    1.507E+05    2.781E+08    1.378E-01    1.224E+01    1.509E-29     r       4.6
5.709E+08    6.156E-06    8.322E+24    1.517E+05    2.870E+08    1.412E-01    1.219E+01    1.777E-29     r       4.6
5.702E+08    6.526E-06    8.322E+24    1.538E+05    3.053E+08    1.482E-01    1.209E+01    2.456E-29     r       4.6
5.699E+08    6.717E-06    8.322E+24    1.548E+05    3.148E+08    1.518E-01    1.205E+01    2.882E-29     r       4.6
5.693E+08    7.113E-06    8.322E+24    1.569E+05    3.345E+08    1.592E-01    1.195E+01    3.954E-29     r       4.6
5.690E+08    7.317E-06    8.322E+24    1.579E+05    3.448E+08    1.630E-01    1.191E+01    4.623E-29     r       4.6
5.684E+08    7.741E-06    8.322E+24    1.600E+05    3.660E+08    1.708E-01    1.182E+01    6.299E-29     r       4.6
5.681E+08    7.960E-06    8.322E+24    1.610E+05    3.771E+08    1.748E-01    1.177E+01    7.340E-29     r       4.6
5.674E+08    8.412E-06    8.322E+24    1.631E+05    3.999E+08    1.831E-01    1.168E+01    9.936E-29     r       4.6
5.671E+08    8.646E-06    8.322E+24    1.641E+05    4.118E+08    1.873E-01    1.164E+01    1.154E-28     r       4.6
5.665E+08    9.129E-06    8.322E+24    1.662E+05    4.364E+08    1.960E-01    1.155E+01    1.552E-28     r       4.6
5.662E+08    9.378E-06    8.322E+24    1.673E+05    4.491E+08    2.004E-01    1.151E+01    1.797E-28     r       4.6
5.656E+08    9.893E-06    8.322E+24    1.694E+05    4.755E+08    2.096E-01    1.143E+01    2.402E-28     r       4.6
5.653E+08    1.016E-05    8.322E+24    1.704E+05    4.891E+08    2.143E-01    1.139E+01    2.773E-28     r       4.6
5.646E+08    1.071E-05    8.322E+24    1.725E+05    5.174E+08    2.239E-01    1.130E+01    3.685E-28     r       4.6
5.643E+08    1.099E-05    8.322E+24    1.736E+05    5.320E+08    2.288E-01    1.126E+01    4.242E-28     r       4.6
5.637E+08    1.157E-05    8.322E+24    1.757E+05    5.623E+08    2.390E-01    1.119E+01    5.605E-28     r       4.6
5.634E+08    1.187E-05    8.322E+24    1.767E+05    5.780E+08    2.442E-01    1.115E+01    6.433E-28     r       4.6
5.628E+08    1.250E-05    8.322E+24    1.788E+05    6.104E+08    2.548E-01    1.107E+01    8.454E-28     r       4.6
5.625E+08    1.281E-05    8.322E+24    1.799E+05    6.272E+08    2.603E-01    1.103E+01    9.678E-28     r       4.6
5.618E+08    1.347E-05    8.322E+24    1.820E+05    6.618E+08    2.714E-01    1.096E+01    1.265E-27     r       4.6
5.615E+08    1.381E-05    8.322E+24    1.831E+05    6.798E+08    2.772E-01    1.092E+01    1.444E-27     r       4.6
5.609E+08    1.451E-05    8.322E+24    1.852E+05    7.168E+08    2.889E-01    1.084E+01    1.879E-27     r       4.6
5.606E+08    1.487E-05    8.322E+24    1.863E+05    7.359E+08    2.949E-01    1.081E+01    2.140E-27     r       4.6
5.600E+08    1.561E-05    8.322E+24    1.884E+05    7.754E+08    3.072E-01    1.074E+01    2.769E-27     r       4.6
5.597E+08    1.600E-05    8.322E+24    1.895E+05    7.958E+08    3.135E-01    1.070E+01    3.146E-27     r       4.6
5.591E+08    1.678E-05    8.322E+24    1.916E+05    8.380E+08    3.265E-01    1.063E+01    4.053E-27     r       4.6
5.587E+08    1.719E-05    8.322E+24    1.927E+05    8.597E+08    3.331E-01    1.060E+01    4.594E-27     r       4.6
5.581E+08    1.802E-05    8.322E+24    1.949E+05    9.046E+08    3.466E-01    1.053E+01    5.890E-27     r       4.6
5.578E+08    1.844E-05    8.322E+24    1.959E+05    9.278E+08    3.535E-01    1.049E+01    6.662E-27     r       4.6
5.572E+08    1.932E-05    8.322E+24    1.981E+05    9.756E+08    3.677E-01    1.043E+01    8.504E-27     r       4.6
5.569E+08    1.978E-05    8.322E+24    1.992E+05    1.000E+09    3.749E-01    1.039E+01    9.598E-27     r       4.6
5.563E+08    2.070E-05    8.322E+24    2.013E+05    1.051E+09    3.897E-01    1.033E+01    1.220E-26     r       4.6
5.559E+08    2.118E-05    8.322E+24    2.024E+05    1.077E+09    3.973E-01    1.030E+01    1.374E-26     r       4.6
5.553E+08    2.216E-05    8.322E+24    2.046E+05    1.131E+09    4.128E-01    1.023E+01    1.739E-26     r       4.6
5.550E+08    2.267E-05    8.322E+24    2.057E+05    1.159E+09    4.208E-01    1.020E+01    1.955E-26     r       4.6
5.544E+08    2.370E-05    8.322E+24    2.079E+05    1.217E+09    4.370E-01    1.014E+01    2.465E-26     r       4.6
5.532E+08    2.588E-05    8.322E+24    2.122E+05    1.339E+09    4.709E-01    1.002E+01    3.887E-26     r       4.6
5.525E+08    2.703E-05    8.322E+24    2.144E+05    1.403E+09    4.886E-01    9.957E+00    4.864E-26     r       4.6
5.513E+08    2.946E-05    8.322E+24    2.188E+05    1.540E+09    5.255E-01    9.840E+00    7.560E-26     r       4.6
5.507E+08    3.073E-05    8.322E+24    2.210E+05    1.613E+09    5.448E-01    9.783E+00    9.391E-26     r       4.6
5.494E+08    3.341E-05    8.322E+24    2.255E+05    1.767E+09    5.850E-01    9.670E+00    1.439E-25     r       4.6
5.488E+08    3.482E-05    8.322E+24    2.277E+05    1.848E+09    6.060E-01    9.615E+00    1.776E-25     r       4.6
5.476E+08    3.778E-05    8.322E+24    2.322E+05    2.020E+09    6.497E-01    9.508E+00    2.687E-25     r       4.6
5.469E+08    3.933E-05    8.322E+24    2.344E+05    2.111E+09    6.724E-01    9.455E+00    3.295E-25     r       4.6
5.457E+08    4.259E-05    8.322E+24    2.389E+05    2.303E+09    7.198E-01    9.351E+00    4.924E-25     r       4.6
5.451E+08    4.430E-05    8.322E+24    2.412E+05    2.405E+09    7.445E-01    9.300E+00    6.001E-25     r       4.6
5.438E+08    4.788E-05    8.322E+24    2.457E+05    2.619E+09    7.958E-01    9.201E+00    8.864E-25     r       4.6
5.432E+08    4.976E-05    8.322E+24    2.480E+05    2.732E+09    8.225E-01    9.152E+00    1.074E-24     r       4.6
5.420E+08    5.368E-05    8.322E+24    2.525E+05    2.970E+09    8.780E-01    9.056E+00    1.569E-24     r       4.6
5.414E+08    5.574E-05    8.322E+24    2.548E+05    3.095E+09    9.068E-01    9.009E+00    1.892E-24     r       4.6
5.401E+08    6.003E-05    8.322E+24    2.594E+05    3.359E+09    9.667E-01    8.916E+00    2.735E-24     r       4.6
5.395E+08    6.228E-05    8.322E+24    2.617E+05    3.498E+09    9.978E-01    8.871E+00    3.281E-24     r       4.6
5.383E+08    6.697E-05    8.322E+24    2.663E+05    3.790E+09    1.062E+00    8.782E+00    4.697E-24     r       4.6
5.376E+08    6.942E-05    8.322E+24    2.687E+05    3.944E+09    1.096E+00    8.738E+00    5.606E-24     r       4.6
5.364E+08    7.454E-05    8.322E+24    2.733E+05    4.267E+09    1.166E+00    8.652E+00    7.951E-24     r       4.6
5.358E+08    7.720E-05    8.322E+24    2.756E+05    4.436E+09    1.202E+00    8.609E+00    9.448E-24     r       4.6
5.345E+08    8.277E-05    8.322E+24    2.803E+05    4.793E+09    1.276E+00    8.526E+00    1.328E-23     r       4.6
5.339E+08    8.567E-05    8.322E+24    2.827E+05    4.980E+09    1.315E+00    8.485E+00    1.571E-23     r       4.6
5.327E+08    9.172E-05    8.322E+24    2.874E+05    5.373E+09    1.396E+00    8.404E+00    2.190E-23     r       4.6
5.320E+08    9.487E-05    8.322E+24    2.898E+05    5.579E+09    1.437E+00    8.365E+00    2.580E-23     r       4.6
5.308E+08    1.014E-04    8.322E+24    2.945E+05    6.010E+09    1.524E+00    8.287E+00    3.568E-23     r       4.6
5.302E+08    1.048E-04    8.322E+24    2.969E+05    6.237E+09    1.568E+00    8.248E+00    4.187E-23     r       4.6
5.289E+08    1.119E-04    8.322E+24    3.017E+05    6.711E+09    1.661E+00    8.173E+00    5.745E-23     r       4.6
5.283E+08    1.156E-04    8.322E+24    3.041E+05    6.959E+09    1.708E+00    8.136E+00    6.717E-23     r       4.6
5.271E+08    1.233E-04    8.322E+24    3.090E+05    7.479E+09    1.807E+00    8.063E+00    9.149E-23     r       4.6
5.265E+08    1.273E-04    8.322E+24    3.114E+05    7.752E+09    1.859E+00    8.026E+00    1.066E-22     r       4.6
5.252E+08    1.356E-04    8.322E+24    3.162E+05    8.321E+09    1.965E+00    7.955E+00    1.442E-22     r       4.6
5.246E+08    1.399E-04    8.322E+24    3.187E+05    8.619E+09    2.019E+00    7.921E+00    1.674E-22     r       4.6
5.234E+08    1.488E-04    8.322E+24    3.236E+05    9.242E+09    2.133E+00    7.852E+00    2.249E-22     r       4.6
5.227E+08    1.535E-04    8.322E+24    3.260E+05    9.568E+09    2.191E+00    7.818E+00    2.602E-22     r       4.6
5.215E+08    1.631E-04    8.322E+24    3.310E+05    1.025E+10    2.312E+00    7.751E+00    3.474E-22     r       4.6
5.209E+08    1.681E-04    8.322E+24    3.334E+05    1.060E+10    2.374E+00    7.718E+00    4.008E-22     r       4.6
5.196E+08    1.785E-04    8.322E+24    3.384E+05    1.135E+10    2.503E+00    7.653E+00    5.317E-22     r       4.6
5.190E+08    1.838E-04    8.322E+24    3.409E+05    1.173E+10    2.570E+00    7.621E+00    6.116E-22     r       4.6
5.178E+08    1.949E-04    8.322E+24    3.459E+05    1.254E+10    2.707E+00    7.558E+00    8.067E-22     r       4.6
5.171E+08    2.007E-04    8.322E+24    3.484E+05    1.296E+10    2.778E+00    7.526E+00    9.252E-22     r       4.6
5.159E+08    2.126E-04    8.322E+24    3.534E+05    1.384E+10    2.925E+00    7.465E+00    1.214E-21     r       4.6
5.153E+08    2.188E-04    8.322E+24    3.560E+05    1.430E+10    3.000E+00    7.435E+00    1.388E-21     r       4.6
5.140E+08    2.316E-04    8.322E+24    3.611E+05    1.526E+10    3.156E+00    7.375E+00    1.811E-21     r       4.6
5.134E+08    2.382E-04    8.322E+24    3.636E+05    1.576E+10    3.236E+00    7.345E+00    2.065E-21     r       4.6
5.122E+08    2.519E-04    8.322E+24    3.687E+05    1.680E+10    3.402E+00    7.287E+00    2.680E-21     r       4.6
5.116E+08    2.590E-04    8.322E+24    3.713E+05    1.734E+10    3.487E+00    7.258E+00    3.050E-21     r       4.6
5.103E+08    2.736E-04    8.322E+24    3.764E+05    1.847E+10    3.663E+00    7.202E+00    3.938E-21     r       4.6
5.097E+08    2.812E-04    8.322E+24    3.790E+05    1.906E+10    3.754E+00    7.174E+00    4.470E-21     r       4.6
5.085E+08    2.968E-04    8.322E+24    3.842E+05    2.028E+10    3.941E+00    7.118E+00    5.745E-21     r       4.6
5.078E+08    3.049E-04    8.322E+24    3.868E+05    2.092E+10    4.037E+00    7.091E+00    6.505E-21     r       4.6
5.066E+08    3.216E-04    8.322E+24    3.920E+05    2.224E+10    4.236E+00    7.037E+00    8.322E-21     r       4.6
5.060E+08    3.302E-04    8.322E+24    3.947E+05    2.293E+10    4.338E+00    7.011E+00    9.402E-21     r       4.6
5.047E+08    3.480E-04    8.322E+24    3.999E+05    2.436E+10    4.548E+00    6.958E+00    1.197E-20     r       4.6
5.041E+08    3.572E-04    8.322E+24    4.026E+05    2.511E+10    4.657E+00    6.932E+00    1.350E-20     r       4.6
5.029E+08    3.762E-04    8.322E+24    4.079E+05    2.666E+10    4.880E+00    6.881E+00    1.712E-20     r       4.6
5.022E+08    3.860E-04    8.322E+24    4.105E+05    2.746E+10    4.995E+00    6.855E+00    1.926E-20     r       4.6
5.010E+08    4.062E-04    8.322E+24    4.159E+05    2.914E+10    5.231E+00    6.805E+00    2.432E-20     r       4.6
5.004E+08    4.166E-04    8.322E+24    4.186E+05    3.001E+10    5.352E+00    6.781E+00    2.731E-20     r       4.6
4.991E+08    4.380E-04    8.322E+24    4.240E+05    3.181E+10    5.602E+00    6.732E+00    3.435E-20     r       4.6
4.985E+08    4.491E-04    8.322E+24    4.267E+05    3.275E+10    5.731E+00    6.708E+00    3.849E-20     r       4.6
4.973E+08    4.719E-04    8.322E+24    4.321E+05    3.470E+10    5.996E+00    6.660E+00    4.823E-20     r       4.6
4.967E+08    4.836E-04    8.322E+24    4.348E+05    3.571E+10    6.132E+00    6.636E+00    5.394E-20     r       4.6
4.954E+08    5.078E-04    8.322E+24    4.403E+05    3.781E+10    6.412E+00    6.589E+00    6.734E-20     r       4.6
4.948E+08    5.203E-04    8.322E+24    4.430E+05    3.890E+10    6.555E+00    6.566E+00    7.518E-20     r       4.6
4.935E+08    5.460E-04    8.322E+24    4.486E+05    4.116E+10    6.851E+00    6.521E+00    9.352E-20     r       4.6
4.929E+08    5.592E-04    8.322E+24    4.513E+05    4.233E+10    7.003E+00    6.498E+00    1.042E-19     r       4.6
4.917E+08    5.864E-04    8.322E+24    4.569E+05    4.476E+10    7.316E+00    6.453E+00    1.292E-19     r       4.6
4.911E+08    6.004E-04    8.322E+24    4.597E+05    4.603E+10    7.476E+00    6.431E+00    1.437E-19     r       4.6
4.898E+08    6.293E-04    8.322E+24    4.653E+05    4.864E+10    7.806E+00    6.387E+00    1.776E-19     r       4.6
4.892E+08    6.441E-04    8.322E+24    4.681E+05    5.000E+10    7.976E+00    6.366E+00    1.972E-19     r       4.6
4.880E+08    6.746E-04    8.322E+24    4.737E+05    5.281E+10    8.324E+00    6.323E+00    2.429E-19     r       4.6
4.873E+08    6.903E-04    8.322E+24    4.765E+05    5.427E+10    8.503E+00    6.302E+00    2.694E-19     r       4.6
4.861E+08    7.226E-04    8.322E+24    4.822E+05    5.729E+10    8.870E+00    6.260E+00    3.307E-19     r       4.6
4.855E+08    7.392E-04    8.322E+24    4.851E+05    5.885E+10    9.059E+00    6.239E+00    3.662E-19     r       4.6
4.842E+08    7.733E-04    8.322E+24    4.908E+05    6.209E+10    9.446E+00    6.198E+00    4.482E-19     r       4.6
4.836E+08    7.909E-04    8.322E+24    4.937E+05    6.377E+10    9.645E+00    6.178E+00    4.955E-19     r       4.6
4.824E+08    8.269E-04    8.322E+24    4.995E+05    6.724E+10    1.005E+01    6.138E+00    6.047E-19     r       4.6
4.818E+08    8.454E-04    8.322E+24    5.024E+05    6.904E+10    1.026E+01    6.118E+00    6.676E-19     r       4.6
4.805E+08    8.835E-04    8.322E+24    5.082E+05    7.277E+10    1.069E+01    6.078E+00    8.124E-19     r       4.6
4.799E+08    9.030E-04    8.322E+24    5.111E+05    7.470E+10    1.091E+01    6.059E+00    8.956E-19     r       4.6
4.786E+08    9.432E-04    8.322E+24    5.170E+05    7.869E+10    1.137E+01    6.020E+00    1.087E-18     r       4.6
4.780E+08    9.638E-04    8.322E+24    5.199E+05    8.076E+10    1.160E+01    6.001E+00    1.197E-18     r       4.6
4.768E+08    1.006E-03    8.322E+24    5.258E+05    8.503E+10    1.208E+01    5.963E+00    1.448E-18     r       4.6
4.762E+08    1.028E-03    8.322E+24    5.288E+05    8.724E+10    1.232E+01    5.944E+00    1.592E-18     r       4.6
4.749E+08    1.072E-03    8.322E+24    5.347E+05    9.182E+10    1.282E+01    5.907E+00    1.922E-18     r       4.6
4.743E+08    1.095E-03    8.322E+24    5.377E+05    9.419E+10    1.308E+01    5.889E+00    2.111E-18     r       4.6
4.731E+08    1.142E-03    8.322E+24    5.437E+05    9.908E+10    1.361E+01    5.852E+00    2.542E-18     r       4.6
4.724E+08    1.166E-03    8.322E+24    5.467E+05    1.016E+11    1.388E+01    5.834E+00    2.788E-18     r       4.6
4.712E+08    1.216E-03    8.322E+24    5.528E+05    1.068E+11    1.443E+01    5.799E+00    3.349E-18     r       4.6
4.706E+08    1.241E-03    8.322E+24    5.558E+05    1.096E+11    1.472E+01    5.781E+00    3.668E-18     r       4.6
4.693E+08    1.293E-03    8.322E+24    5.619E+05    1.151E+11    1.530E+01    5.746E+00    4.396E-18     r       4.6
4.687E+08    1.320E-03    8.322E+24    5.650E+05    1.180E+11    1.560E+01    5.728E+00    4.809E-18     r       4.6
4.675E+08    1.374E-03    8.322E+24    5.711E+05    1.240E+11    1.621E+01    5.694E+00    5.750E-18     r       4.6
4.669E+08    1.403E-03    8.322E+24    5.742E+05    1.271E+11    1.653E+01    5.677E+00    6.284E-18     r       4.6
4.656E+08    1.460E-03    8.322E+24    5.804E+05    1.335E+11    1.717E+01    5.643E+00    7.497E-18     r       4.6
4.650E+08    1.489E-03    8.322E+24    5.835E+05    1.368E+11    1.750E+01    5.626E+00    8.184E-18     r       4.6
4.637E+08    1.550E-03    8.322E+24    5.898E+05    1.436E+11    1.818E+01    5.593E+00    9.741E-18     r       4.6
4.613E+08    1.676E-03    8.322E+24    6.024E+05    1.581E+11    1.960E+01    5.527E+00    1.375E-17     r       4.6
4.600E+08    1.743E-03    8.322E+24    6.087E+05    1.658E+11    2.034E+01    5.495E+00    1.629E-17     r       4.6
4.575E+08    1.882E-03    8.322E+24    6.215E+05    1.823E+11    2.191E+01    5.432E+00    2.280E-17     r       4.6
4.563E+08    1.956E-03    8.322E+24    6.280E+05    1.911E+11    2.273E+01    5.401E+00    2.693E-17     r       4.6
4.538E+08    2.109E-03    8.322E+24    6.410E+05    2.099E+11    2.445E+01    5.340E+00    3.740E-17     r       4.6
4.526E+08    2.189E-03    8.322E+24    6.476E+05    2.198E+11    2.535E+01    5.310E+00    4.399E-17     r       4.6
4.501E+08    2.357E-03    8.322E+24    6.608E+05    2.411E+11    2.724E+01    5.250E+00    6.065E-17     r       4.6
4.488E+08    2.445E-03    8.322E+24    6.675E+05    2.523E+11    2.823E+01    5.221E+00    7.109E-17     r       4.6
4.464E+08    2.629E-03    8.322E+24    6.809E+05    2.764E+11    3.030E+01    5.164E+00    9.734E-17     r       4.6
4.451E+08    2.725E-03    8.322E+24    6.877E+05    2.891E+11    3.139E+01    5.136E+00    1.137E-16     r       4.6
4.426E+08    2.926E-03    8.322E+24    7.014E+05    3.162E+11    3.367E+01    5.080E+00    1.547E-16     r       4.5
4.414E+08    3.031E-03    8.322E+24    7.083E+05    3.306E+11    3.486E+01    5.053E+00    1.801E-16     r       4.6
4.389E+08    3.250E-03    8.322E+24    7.222E+05    3.613E+11    3.735E+01    4.999E+00    2.435E-16     r       4.5
4.377E+08    3.365E-03    8.322E+24    7.292E+05    3.775E+11    3.866E+01    4.972E+00    2.826E-16     r       4.5
4.352E+08    3.604E-03    8.322E+24    7.434E+05    4.120E+11    4.139E+01    4.920E+00    3.798E-16     r       4.5
4.339E+08    3.729E-03    8.322E+24    7.505E+05    4.303E+11    4.281E+01    4.894E+00    4.396E-16     r       4.5
4.315E+08    3.989E-03    8.322E+24    7.649E+05    4.692E+11    4.580E+01    4.843E+00    5.874E-16     r       4.5
4.302E+08    4.125E-03    8.322E+24    7.722E+05    4.898E+11    4.736E+01    4.818E+00    6.780E-16     r       4.5
4.277E+08    4.407E-03    8.322E+24    7.868E+05    5.334E+11    5.062E+01    4.768E+00    9.010E-16     r       4.5
4.265E+08    4.555E-03    8.322E+24    7.942E+05    5.566E+11    5.233E+01    4.744E+00    1.037E-15     r       4.5
4.240E+08    4.862E-03    8.322E+24    8.091E+05    6.057E+11    5.590E+01    4.696E+00    1.371E-15     r       4.5
4.228E+08    5.022E-03    8.322E+24    8.166E+05    6.317E+11    5.776E+01    4.672E+00    1.575E-15     r       4.5
4.203E+08    5.354E-03    8.322E+24    8.318E+05    6.867E+11    6.165E+01    4.625E+00    2.072E-15     r       4.5
4.190E+08    5.527E-03    8.322E+24    8.394E+05    7.159E+11    6.368E+01    4.602E+00    2.374E-15     r       4.5
4.166E+08    5.888E-03    8.322E+24    8.549E+05    7.777E+11    6.793E+01    4.556E+00    3.108E-15     r       4.5
4.153E+08    6.075E-03    8.322E+24    8.627E+05    8.104E+11    7.014E+01    4.533E+00    3.552E-15     r       4.5
4.128E+08    6.465E-03    8.322E+24    8.784E+05    8.796E+11    7.477E+01    4.489E+00    4.630E-15     r       4.5
4.116E+08    6.667E-03    8.322E+24    8.863E+05    9.162E+11    7.719E+01    4.467E+00    5.281E-15     r       4.5
4.091E+08    7.088E-03    8.322E+24    9.023E+05    9.936E+11    8.223E+01    4.423E+00    6.853E-15     r       4.5
4.079E+08    7.307E-03    8.322E+24    9.104E+05    1.035E+12    8.486E+01    4.402E+00    7.799E-15     r       4.5
4.054E+08    7.762E-03    8.322E+24    9.266E+05    1.121E+12    9.035E+01    4.359E+00    1.008E-14     r       4.5
4.041E+08    7.997E-03    8.322E+24    9.349E+05    1.167E+12    9.322E+01    4.338E+00    1.145E-14     r       4.5
4.017E+08    8.487E-03    8.322E+24    9.514E+05    1.264E+12    9.920E+01    4.297E+00    1.474E-14     r       4.5
4.004E+08    8.742E-03    8.322E+24    9.598E+05    1.315E+12    1.023E+02    4.276E+00    1.671E-14     r       4.5
3.979E+08    9.269E-03    8.322E+24    9.767E+05    1.423E+12    1.088E+02    4.236E+00    2.143E-14     r       4.5
3.967E+08    9.543E-03    8.322E+24    9.852E+05    1.480E+12    1.122E+02    4.215E+00    2.425E-14     r       4.5
3.942E+08    1.011E-02    8.322E+24    1.002E+06    1.601E+12    1.193E+02    4.176E+00    3.098E-14     r       4.5
3.930E+08    1.041E-02    8.322E+24    1.011E+06    1.665E+12    1.230E+02    4.156E+00    3.499E-14     r       4.5
3.905E+08    1.102E-02    8.322E+24    1.029E+06    1.800E+12    1.306E+02    4.117E+00    4.456E-14     r       4.5
3.892E+08    1.133E-02    8.322E+24    1.037E+06    1.871E+12    1.347E+02    4.098E+00    5.024E-14     r       4.5
3.868E+08    1.199E-02    8.322E+24    1.055E+06    2.021E+12    1.430E+02    4.060E+00    6.376E-14     r       4.5
3.855E+08    1.233E-02    8.322E+24    1.064E+06    2.100E+12    1.474E+02    4.041E+00    7.177E-14     r       4.5
3.830E+08    1.303E-02    8.322E+24    1.083E+06    2.268E+12    1.564E+02    4.004E+00    9.080E-14     r       4.5
3.818E+08    1.339E-02    8.322E+24    1.092E+06    2.356E+12    1.611E+02    3.986E+00    1.020E-13     r       4.5
3.793E+08    1.415E-02    8.322E+24    1.110E+06    2.542E+12    1.710E+02    3.949E+00    1.287E-13     r       4.5
3.781E+08    1.454E-02    8.322E+24    1.120E+06    2.641E+12    1.761E+02    3.931E+00    1.444E-13     r       4.5
3.756E+08    1.535E-02    8.322E+24    1.138E+06    2.848E+12    1.868E+02    3.895E+00    1.816E-13     r       4.5
3.743E+08    1.577E-02    8.322E+24    1.148E+06    2.957E+12    1.924E+02    3.878E+00    2.035E-13     r       4.5
3.719E+08    1.663E-02    8.322E+24    1.167E+06    3.188E+12    2.040E+02    3.843E+00    2.551E-13     r       4.5
3.706E+08    1.708E-02    8.322E+24    1.177E+06    3.310E+12    2.100E+02    3.825E+00    2.854E-13     r       4.5
3.681E+08    1.800E-02    8.322E+24    1.197E+06    3.567E+12    2.226E+02    3.791E+00    3.569E-13     r       4.5
3.669E+08    1.848E-02    8.322E+24    1.207E+06    3.702E+12    2.291E+02    3.774E+00    3.988E-13     r       4.5
3.644E+08    1.947E-02    8.322E+24    1.227E+06    3.987E+12    2.427E+02    3.740E+00    4.973E-13     r       4.5
3.632E+08    1.998E-02    8.322E+24    1.237E+06    4.138E+12    2.498E+02    3.723E+00    5.549E-13     r       4.5
3.607E+08    2.104E-02    8.322E+24    1.257E+06    4.454E+12    2.646E+02    3.690E+00    6.902E-13     r       4.5
3.594E+08    2.159E-02    8.322E+24    1.267E+06    4.621E+12    2.723E+02    3.674E+00    7.692E-13     r       4.5
3.570E+08    2.272E-02    8.322E+24    1.288E+06    4.974E+12    2.883E+02    3.641E+00    9.544E-13     r       4.5
3.557E+08    2.330E-02    8.322E+24    1.299E+06    5.159E+12    2.966E+02    3.625E+00    1.062E-12     r       4.5
3.532E+08    2.450E-02    8.322E+24    1.320E+06    5.550E+12    3.140E+02    3.593E+00    1.315E-12     r       4.5
3.520E+08    2.512E-02    8.322E+24    1.331E+06    5.756E+12    3.230E+02    3.577E+00    1.462E-12     r       4.5
3.495E+08    2.641E-02    8.322E+24    1.352E+06    6.189E+12    3.418E+02    3.545E+00    1.805E-12     r       4.5
3.483E+08    2.707E-02    8.322E+24    1.363E+06    6.418E+12    3.515E+02    3.529E+00    2.005E-12     r       4.5
3.458E+08    2.843E-02    8.322E+24    1.385E+06    6.899E+12    3.719E+02    3.498E+00    2.471E-12     r       4.5
3.445E+08    2.914E-02    8.322E+24    1.397E+06    7.153E+12    3.824E+02    3.483E+00    2.741E-12     r       4.5
3.421E+08    3.059E-02    8.322E+24    1.419E+06    7.686E+12    4.044E+02    3.452E+00    3.370E-12     r       4.5
3.408E+08    3.134E-02    8.322E+24    1.431E+06    7.967E+12    4.159E+02    3.437E+00    3.735E-12     r       4.5
3.383E+08    3.289E-02    8.322E+24    1.454E+06    8.559E+12    4.397E+02    3.407E+00    4.582E-12     r       4.5
3.371E+08    3.369E-02    8.322E+24    1.465E+06    8.870E+12    4.521E+02    3.392E+00    5.073E-12     r       4.5
3.346E+08    3.533E-02    8.322E+24    1.489E+06    9.526E+12    4.779E+02    3.362E+00    6.211E-12     r       4.5
3.334E+08    3.618E-02    8.322E+24    1.501E+06    9.872E+12    4.913E+02    3.347E+00    6.869E-12     r       4.5
3.309E+08    3.793E-02    8.322E+24    1.525E+06    1.060E+13    5.191E+02    3.318E+00    8.394E-12     r       4.5
3.296E+08    3.883E-02    8.322E+24    1.537E+06    1.098E+13    5.336E+02    3.304E+00    9.275E-12     r       4.5
3.272E+08    4.069E-02    8.322E+24    1.561E+06    1.179E+13    5.638E+02    3.275E+00    1.131E-11     r       4.5
3.259E+08    4.164E-02    8.322E+24    1.574E+06    1.221E+13    5.794E+02    3.260E+00    1.249E-11     r       4.5
3.234E+08    4.361E-02    8.322E+24    1.599E+06    1.310E+13    6.120E+02    3.232E+00    1.520E-11     r       4.5
3.222E+08    4.463E-02    8.322E+24    1.611E+06    1.357E+13    6.290E+02    3.218E+00    1.677E-11     r       4.5
3.197E+08    4.672E-02    8.322E+24    1.637E+06    1.456E+13    6.642E+02    3.189E+00    2.038E-11     r       4.5
3.185E+08    4.779E-02    8.322E+24    1.650E+06    1.508E+13    6.825E+02    3.175E+00    2.246E-11     r       4.5
3.160E+08    5.001E-02    8.322E+24    1.676E+06    1.617E+13    7.206E+02    3.147E+00    2.724E-11     r       4.5
3.147E+08    5.115E-02    8.322E+24    1.689E+06    1.674E+13    7.404E+02    3.134E+00    2.999E-11     r       4.5
3.122E+08    5.349E-02    8.322E+24    1.715E+06    1.795E+13    7.815E+02    3.106E+00    3.633E-11     r       4.5
3.110E+08    5.470E-02    8.322E+24    1.729E+06    1.859E+13    8.029E+02    3.092E+00    3.996E-11     r       4.5
3.085E+08    5.718E-02    8.322E+24    1.756E+06    1.993E+13    8.474E+02    3.065E+00    4.832E-11     r       4.4
3.073E+08    5.846E-02    8.322E+24    1.770E+06    2.063E+13    8.705E+02    3.052E+00    5.311E-11     r       4.4
3.048E+08    6.109E-02    8.322E+24    1.798E+06    2.211E+13    9.185E+02    3.025E+00    6.412E-11     r       4.4
3.036E+08    6.244E-02    8.322E+24    1.812E+06    2.289E+13    9.434E+02    3.011E+00    7.042E-11     r       4.4
3.011E+08    6.522E-02    8.322E+24    1.840E+06    2.453E+13    9.953E+02    2.984E+00    8.488E-11     r       4.4
2.998E+08    6.665E-02    8.322E+24    1.854E+06    2.539E+13    1.022E+03    2.971E+00    9.316E-11     r       4.4
2.973E+08    6.959E-02    8.322E+24    1.883E+06    2.719E+13    1.078E+03    2.945E+00    1.121E-10     r       4.4
2.961E+08    7.110E-02    8.322E+24    1.898E+06    2.815E+13    1.107E+03    2.932E+00    1.230E-10     r       4.4
2.936E+08    7.420E-02    8.322E+24    1.928E+06    3.014E+13    1.168E+03    2.905E+00    1.478E-10     r       4.4
2.924E+08    7.579E-02    8.322E+24    1.943E+06    3.120E+13    1.199E+03    2.892E+00    1.619E-10     r       4.4
2.899E+08    7.907E-02    8.322E+24    1.973E+06    3.340E+13    1.264E+03    2.867E+00    1.943E-10     r       4.4
2.887E+08    8.075E-02    8.322E+24    1.988E+06    3.457E+13    1.298E+03    2.854E+00    2.128E-10     r       4.4
2.862E+08    8.421E-02    8.322E+24    2.019E+06    3.701E+13    1.368E+03    2.828E+00    2.550E-10     r       4.4
2.849E+08    8.598E-02    8.322E+24    2.035E+06    3.829E+13    1.405E+03    2.815E+00    2.790E-10     r       4.4
2.824E+08    8.962E-02    8.322E+24    2.067E+06    4.098E+13    1.481E+03    2.790E+00    3.338E-10     r       4.4
2.812E+08    9.149E-02    8.322E+24    2.083E+06    4.240E+13    1.520E+03    2.777E+00    3.651E-10     r       4.4
2.787E+08    9.533E-02    8.322E+24    2.115E+06    4.538E+13    1.602E+03    2.751E+00    4.363E-10     r       4.4
2.775E+08    9.730E-02    8.322E+24    2.132E+06    4.694E+13    1.644E+03    2.739E+00    4.767E-10     r       4.4
2.750E+08    1.013E-01    8.322E+24    2.165E+06    5.022E+13    1.733E+03    2.714E+00    5.689E-10     r       4.4
2.738E+08    1.034E-01    8.322E+24    2.181E+06    5.195E+13    1.778E+03    2.701E+00    6.213E-10     r       4.4
2.713E+08    1.077E-01    8.322E+24    2.215E+06    5.557E+13    1.873E+03    2.676E+00    7.405E-10     r       4.4
2.700E+08    1.099E-01    8.322E+24    2.232E+06    5.748E+13    1.923E+03    2.664E+00    8.081E-10     r       4.4
2.675E+08    1.143E-01    8.322E+24    2.267E+06    6.147E+13    2.025E+03    2.639E+00    9.618E-10     r       4.4
2.663E+08    1.166E-01    8.322E+24    2.284E+06    6.357E+13    2.078E+03    2.626E+00    1.049E-09     r       4.4
2.638E+08    1.213E-01    8.322E+24    2.320E+06    6.798E+13    2.188E+03    2.602E+00    1.247E-09     r       4.4
2.626E+08    1.237E-01    8.322E+24    2.338E+06    7.030E+13    2.246E+03    2.589E+00    1.359E-09     r       4.4
2.601E+08    1.287E-01    8.322E+24    2.374E+06    7.516E+13    2.364E+03    2.565E+00    1.614E-09     r       4.4
2.589E+08    1.312E-01    8.322E+24    2.392E+06    7.771E+13    2.426E+03    2.553E+00    1.758E-09     r       4.3
2.564E+08    1.364E-01    8.322E+24    2.429E+06    8.306E+13    2.554E+03    2.528E+00    2.084E-09     r       4.3
2.551E+08    1.390E-01    8.322E+24    2.448E+06    8.587E+13    2.620E+03    2.516E+00    2.269E-09     r       4.3
2.526E+08    1.445E-01    8.322E+24    2.486E+06    9.177E+13    2.757E+03    2.492E+00    2.686E-09     r       4.3
2.514E+08    1.473E-01    8.322E+24    2.505E+06    9.487E+13    2.828E+03    2.479E+00    2.922E-09     r       4.3
2.489E+08    1.530E-01    8.322E+24    2.543E+06    1.014E+14    2.976E+03    2.455E+00    3.457E-09     r       4.3
2.477E+08    1.559E-01    8.322E+24    2.563E+06    1.048E+14    3.053E+03    2.443E+00    3.758E-09     r       4.3
2.452E+08    1.618E-01    8.322E+24    2.603E+06    1.119E+14    3.211E+03    2.419E+00    4.439E-09     r       4.3
2.440E+08    1.649E-01    8.322E+24    2.623E+06    1.157E+14    3.294E+03    2.407E+00    4.823E-09     r       4.3
2.415E+08    1.711E-01    8.322E+24    2.663E+06    1.235E+14    3.464E+03    2.383E+00    5.691E-09     r       4.3
2.402E+08    1.743E-01    8.322E+24    2.684E+06    1.277E+14    3.552E+03    2.371E+00    6.179E-09     r       4.3
2.377E+08    1.809E-01    8.322E+24    2.725E+06    1.363E+14    3.735E+03    2.346E+00    7.281E-09     r       4.3
2.365E+08    1.842E-01    8.322E+24    2.746E+06    1.408E+14    3.830E+03    2.334E+00    7.901E-09     r       4.3
2.340E+08    1.910E-01    8.322E+24    2.788E+06    1.503E+14    4.027E+03    2.310E+00    9.299E-09     r       4.3
2.328E+08    1.945E-01    8.322E+24    2.810E+06    1.553E+14    4.128E+03    2.298E+00    1.008E-08     r       4.3
2.303E+08    2.016E-01    8.322E+24    2.853E+06    1.658E+14    4.339E+03    2.274E+00    1.185E-08     r       4.3
2.291E+08    2.053E-01    8.322E+24    2.875E+06    1.712E+14    4.448E+03    2.262E+00    1.285E-08     r       4.2
2.266E+08    2.127E-01    8.322E+24    2.919E+06    1.827E+14    4.674E+03    2.239E+00    1.508E-08     r       4.2
2.253E+08    2.165E-01    8.322E+24    2.941E+06    1.887E+14    4.791E+03    2.227E+00    1.634E-08     r       4.2
2.228E+08    2.242E-01    8.322E+24    2.986E+06    2.012E+14    5.032E+03    2.203E+00    1.915E-08     r       4.2
2.216E+08    2.282E-01    8.322E+24    3.009E+06    2.078E+14    5.157E+03    2.191E+00    2.073E-08     r       4.2
2.191E+08    2.362E-01    8.321E+24    3.056E+06    2.216E+14    5.416E+03    2.167E+00    2.428E-08     r       4.2
2.179E+08    2.403E-01    8.321E+24    3.079E+06    2.288E+14    5.550E+03    2.155E+00    2.626E-08     r       4.2
2.154E+08    2.487E-01    8.321E+24    3.126E+06    2.439E+14    5.826E+03    2.131E+00    3.071E-08     r       4.2
2.141E+08    2.530E-01    8.321E+24    3.150E+06    2.518E+14    5.969E+03    2.119E+00    3.320E-08     r       4.2
2.117E+08    2.617E-01    8.321E+24    3.199E+06    2.683E+14    6.265E+03    2.095E+00    3.878E-08     r       4.2
2.104E+08    2.661E-01    8.320E+24    3.223E+06    2.770E+14    6.417E+03    2.083E+00    4.190E-08     r       4.2
2.079E+08    2.751E-01    8.320E+24    3.272E+06    2.950E+14    6.733E+03    2.059E+00    4.887E-08     r       4.2
2.067E+08    2.797E-01    8.320E+24    3.297E+06    3.045E+14    6.895E+03    2.047E+00    5.276E-08     r       4.1
2.042E+08    2.891E-01    8.319E+24    3.348E+06    3.242E+14    7.232E+03    2.023E+00    6.145E-08     r       4.1
2.030E+08    2.938E-01    8.319E+24    3.373E+06    3.345E+14    7.405E+03    2.011E+00    6.630E-08     r       4.1
2.005E+08    3.035E-01    8.318E+24    3.425E+06    3.560E+14    7.763E+03    1.987E+00    7.712E-08     r       4.1
1.992E+08    3.084E-01    8.318E+24    3.451E+06    3.673E+14    7.948E+03    1.975E+00    8.315E-08     r       4.1
1.968E+08    3.184E-01    8.317E+24    3.504E+06    3.908E+14    8.329E+03    1.951E+00    9.659E-08     r       4.1
1.955E+08    3.235E-01    8.317E+24    3.530E+06    4.030E+14    8.526E+03    1.939E+00    1.041E-07     r       4.1
1.930E+08    3.339E-01    8.315E+24    3.584E+06    4.286E+14    8.931E+03    1.915E+00    1.207E-07     r       4.1
1.918E+08    3.391E-01    8.315E+24    3.611E+06    4.420E+14    9.140E+03    1.903E+00    1.300E-07     r       4.1
1.893E+08    3.498E-01    8.313E+24    3.666E+06    4.698E+14    9.570E+03    1.879E+00    1.505E-07     r       4.0
1.881E+08    3.552E-01    8.312E+24    3.694E+06    4.843E+14    9.791E+03    1.867E+00    1.619E-07     r       4.0
1.856E+08    3.661E-01    8.310E+24    3.750E+06    5.146E+14    1.025E+04    1.843E+00    1.873E-07     r       4.0
1.843E+08    3.717E-01    8.309E+24    3.778E+06    5.303E+14    1.048E+04    1.831E+00    2.013E-07     r       4.0
1.819E+08    3.830E-01    8.307E+24    3.836E+06    5.631E+14    1.096E+04    1.807E+00    2.325E-07     r       4.0
1.806E+08    3.887E-01    8.306E+24    3.864E+06    5.802E+14    1.121E+04    1.795E+00    2.497E-07     r       4.0
1.781E+08    4.003E-01    8.303E+24    3.923E+06    6.158E+14    1.172E+04    1.771E+00    2.879E-07     r       4.0
1.769E+08    4.061E-01    8.301E+24    3.952E+06    6.343E+14    1.198E+04    1.759E+00    3.090E-07     r       4.0
1.744E+08    4.180E-01    8.297E+24    4.012E+06    6.728E+14    1.252E+04    1.735E+00    3.557E-07     r       3.9
1.732E+08    4.240E-01    8.295E+24    4.042E+06    6.928E+14    1.280E+04    1.723E+00    3.815E-07     r       3.9
1.707E+08    4.361E-01    8.290E+24    4.103E+06    7.343E+14    1.337E+04    1.698E+00    4.384E-07     r       3.9
1.694E+08    4.423E-01    8.287E+24    4.133E+06    7.559E+14    1.366E+04    1.686E+00    4.698E-07     r       3.9
1.670E+08    4.546E-01    8.281E+24    4.195E+06    8.008E+14    1.425E+04    1.662E+00    5.389E-07     r       3.9
1.657E+08    4.609E-01    8.277E+24    4.227E+06    8.240E+14    1.456E+04    1.650E+00    5.770E-07     r       3.9
1.632E+08    4.735E-01    8.270E+24    4.290E+06    8.723E+14    1.519E+04    1.626E+00    6.608E-07     r       3.8
1.620E+08    4.799E-01    8.265E+24    4.321E+06    8.973E+14    1.551E+04    1.614E+00    7.069E-07     r       3.8
1.595E+08    4.927E-01    8.256E+24    4.386E+06    9.492E+14    1.616E+04    1.589E+00    8.081E-07     r       3.8
1.583E+08    4.992E-01    8.250E+24    4.418E+06    9.761E+14    1.650E+04    1.577E+00    8.636E-07     r       3.8
1.558E+08    5.122E-01    8.238E+24    4.483E+06    1.032E+15    1.719E+04    1.553E+00    9.854E-07     r       3.8
1.545E+08    5.188E-01    8.232E+24    4.516E+06    1.061E+15    1.754E+04    1.541E+00    1.052E-06     r       3.8
1.521E+08    5.320E-01    8.217E+24    4.583E+06    1.120E+15    1.825E+04    1.517E+00    1.198E-06     r       3.7
1.508E+08    5.386E-01    8.209E+24    4.616E+06    1.151E+15    1.862E+04    1.505E+00    1.278E-06     r       3.7
1.483E+08    5.519E-01    8.191E+24    4.684E+06    1.214E+15    1.936E+04    1.481E+00    1.453E-06     r       3.7
1.471E+08    5.586E-01    8.181E+24    4.718E+06    1.247E+15    1.974E+04    1.469E+00    1.548E-06     r       3.7
1.446E+08    5.721E-01    8.159E+24    4.786E+06    1.315E+15    2.052E+04    1.445E+00    1.756E-06     r       3.7
1.434E+08    5.788E-01    8.146E+24    4.821E+06    1.350E+15    2.091E+04    1.433E+00    1.869E-06     r       3.6
1.409E+08    5.923E-01    8.120E+24    4.891E+06    1.422E+15    2.172E+04    1.409E+00    2.116E-06     r       3.6
1.396E+08    5.991E-01    8.105E+24    4.926E+06    1.459E+15    2.212E+04    1.397E+00    2.250E-06     r       3.6
1.372E+08    6.126E-01    8.073E+24    4.996E+06    1.536E+15    2.295E+04    1.374E+00    2.541E-06     r       3.6
1.359E+08    6.194E-01    8.055E+24    5.032E+06    1.575E+15    2.338E+04    1.362E+00    2.699E-06     r       3.6
1.334E+08    6.330E-01    8.016E+24    5.103E+06    1.656E+15    2.423E+04    1.338E+00    3.042E-06     r       3.5
1.322E+08    6.397E-01    7.995E+24    5.139E+06    1.697E+15    2.466E+04    1.327E+00    3.227E-06     r       3.5
1.297E+08    6.532E-01    7.949E+24    5.212E+06    1.783E+15    2.554E+04    1.303E+00    3.629E-06     r       3.5
1.285E+08    6.600E-01    7.924E+24    5.248E+06    1.826E+15    2.599E+04    1.292E+00    3.846E-06     r       3.5
1.260E+08    6.734E-01    7.870E+24    5.321E+06    1.916E+15    2.689E+04    1.269E+00    4.314E-06     r       3.5
1.235E+08    6.867E-01    7.809E+24    5.395E+06    2.009E+15    2.781E+04    1.246E+00    4.831E-06     r       3.4
1.210E+08    7.000E-01    7.742E+24    5.469E+06    2.104E+15    2.874E+04    1.223E+00    5.401E-06     r       3.4
1.185E+08    7.132E-01    7.667E+24    5.543E+06    2.203E+15    2.968E+04    1.201E+00    6.029E-06     r       3.4
1.160E+08    7.262E-01    7.585E+24    5.618E+06    2.304E+15    3.063E+04    1.179E+00    6.718E-06     r       3.4
1.136E+08    7.390E-01    7.494E+24    5.693E+06    2.408E+15    3.159E+04    1.157E+00    7.472E-06     r       3.3
1.111E+08    7.517E-01    7.395E+24    5.768E+06    2.515E+15    3.256E+04    1.135E+00    8.296E-06     r       3.3
1.086E+08    7.642E-01    7.286E+24    5.844E+06    2.624E+15    3.353E+04    1.114E+00    9.194E-06     r       3.3
1.074E+08    7.704E-01    7.228E+24    5.882E+06    2.680E+15    3.402E+04    1.103E+00    9.672E-06     r       3.2
1.061E+08    7.765E-01    7.167E+24    5.919E+06    2.736E+15    3.451E+04    1.093E+00    1.017E-05     r       3.2
1.049E+08    7.826E-01    7.105E+24    5.957E+06    2.793E+15    3.501E+04    1.082E+00    1.069E-05     r       3.2
1.036E+08    7.886E-01    7.039E+24    5.995E+06    2.850E+15    3.550E+04    1.072E+00    1.123E-05     r       3.2
1.024E+08    7.946E-01    6.971E+24    6.033E+06    2.908E+15    3.599E+04    1.062E+00    1.179E-05     r       3.2
1.011E+08    8.005E-01    6.900E+24    6.071E+06    2.966E+15    3.649E+04    1.052E+00    1.238E-05     r       3.2
9.991E+07    8.063E-01    6.827E+24    6.108E+06    3.025E+15    3.698E+04    1.042E+00    1.298E-05     r       3.2
9.866E+07    8.120E-01    6.751E+24    6.146E+06    3.084E+15    3.747E+04    1.032E+00    1.361E-05     r       3.2
9.742E+07    8.177E-01    6.672E+24    6.184E+06    3.144E+15    3.797E+04    1.022E+00    1.426E-05     r       3.1
9.618E+07    8.234E-01    6.590E+24    6.222E+06    3.205E+15    3.846E+04    1.012E+00    1.494E-05     r       3.1
9.494E+07    8.289E-01    6.506E+24    6.259E+06    3.265E+15    3.896E+04    1.003E+00    1.564E-05     r       3.1
9.370E+07    8.344E-01    6.419E+24    6.297E+06    3.326E+15    3.945E+04    9.934E-01    1.637E-05     r       3.1
9.245E+07    8.398E-01    6.329E+24    6.334E+06    3.388E+15    3.994E+04    9.840E-01    1.712E-05     r       3.1
9.121E+07    8.451E-01    6.236E+24    6.372E+06    3.450E+15    4.043E+04    9.747E-01    1.789E-05     r       3.1
8.997E+07    8.503E-01    6.141E+24    6.409E+06    3.512E+15    4.092E+04    9.656E-01    1.869E-05     r       3.1
8.873E+07    8.555E-01    6.043E+24    6.446E+06    3.575E+15    4.141E+04    9.565E-01    1.952E-05     r       3.1
8.749E+07    8.606E-01    5.943E+24    6.483E+06    3.637E+15    4.190E+04    9.476E-01    2.037E-05     r       3.0
8.625E+07    8.655E-01    5.839E+24    6.520E+06    3.700E+15    4.238E+04    9.387E-01    2.125E-05     r       3.0
8.500E+07    8.704E-01    5.734E+24    6.557E+06    3.764E+15    4.286E+04    9.300E-01    2.215E-05     r       3.0
8.376E+07    8.753E-01    5.625E+24    6.593E+06    3.827E+15    4.334E+04    9.214E-01    2.308E-05     r       3.0
8.252E+07    8.800E-01    5.515E+24    6.630E+06    3.891E+15    4.382E+04    9.129E-01    2.404E-05     r       3.0
8.128E+07    8.846E-01    5.401E+24    6.666E+06    3.954E+15    4.430E+04    9.046E-01    2.502E-05     r       3.0
8.004E+07    8.892E-01    5.286E+24    6.702E+06    4.018E+15    4.477E+04    8.963E-01    2.603E-05     r       3.0
7.879E+07    8.936E-01    5.169E+24    6.738E+06    4.082E+15    4.524E+04    8.882E-01    2.706E-05     r       3.0
7.755E+07    8.980E-01    5.049E+24    6.773E+06    4.146E+15    4.571E+04    8.802E-01    2.812E-05     r       2.9
7.631E+07    9.023E-01    4.927E+24    6.809E+06    4.210E+15    4.617E+04    8.724E-01    2.920E-05     r       2.9
7.507E+07    9.064E-01    4.804E+24    6.844E+06    4.274E+15    4.663E+04    8.646E-01    3.031E-05     r       2.9
7.383E+07    9.105E-01    4.679E+24    6.879E+06    4.337E+15    4.708E+04    8.570E-01    3.144E-05     r       2.9
7.259E+07    9.145E-01    4.552E+24    6.914E+06    4.401E+15    4.754E+04    8.495E-01    3.260E-05     r       2.9
7.134E+07    9.184E-01    4.424E+24    6.948E+06    4.464E+15    4.798E+04    8.421E-01    3.378E-05     r       2.9
6.886E+07    9.258E-01    4.164E+24    7.016E+06    4.591E+15    4.887E+04    8.278E-01    3.621E-05     r       2.9
6.762E+07    9.294E-01    4.033E+24    7.049E+06    4.654E+15    4.930E+04    8.208E-01    3.745E-05     r       2.9
6.514E+07    9.363E-01    3.768E+24    7.115E+06    4.779E+15    5.015E+04    8.072E-01    4.001E-05     r       2.8
6.389E+07    9.396E-01    3.635E+24    7.148E+06    4.841E+15    5.057E+04    8.006E-01    4.131E-05     r       2.8
6.327E+07    9.412E-01    3.569E+24    7.164E+06    4.871E+15    5.078E+04    7.974E-01    4.197E-05     r       2.8
6.203E+07    9.443E-01    3.436E+24    7.196E+06    4.933E+15    5.119E+04    7.910E-01    4.330E-05     r       2.8
6.141E+07    9.459E-01    3.369E+24    7.211E+06    4.963E+15    5.139E+04    7.878E-01    4.397E-05     r       2.8
6.017E+07    9.488E-01    3.236E+24    7.243E+06    5.024E+15    5.180E+04    7.816E-01    4.533E-05     r       2.8
5.955E+07    9.503E-01    3.170E+24    7.258E+06    5.054E+15    5.199E+04    7.785E-01    4.601E-05     r       2.8
5.831E+07    9.531E-01    3.038E+24    7.289E+06    5.113E+15    5.239E+04    7.725E-01    4.739E-05     r       2.8
5.768E+07    9.545E-01    2.972E+24    7.304E+06    5.143E+15    5.258E+04    7.695E-01    4.808E-05     r       2.8
5.644E+07    9.572E-01    2.841E+24    7.334E+06    5.202E+15    5.297E+04    7.637E-01    4.947E-05     r       2.8
5.582E+07    9.585E-01    2.776E+24    7.349E+06    5.231E+15    5.316E+04    7.608E-01    5.017E-05     r       2.8
5.458E+07    9.611E-01    2.647E+24    7.379E+06    5.289E+15    5.353E+04    7.552E-01    5.158E-05     r       2.8
5.396E+07    9.623E-01    2.583E+24    7.393E+06    5.318E+15    5.371E+04    7.524E-01    5.229E-05     r       2.7
5.272E+07    9.647E-01    2.456E+24    7.422E+06    5.375E+15    5.408E+04    7.470E-01    5.371E-05     r       2.7
5.210E+07    9.659E-01    2.394E+24    7.436E+06    5.403E+15    5.426E+04    7.443E-01    5.442E-05     r       2.7
5.085E+07    9.682E-01    2.270E+24    7.464E+06    5.459E+15    5.461E+04    7.391E-01    5.585E-05     r       2.7
5.023E+07    9.693E-01    2.208E+24    7.478E+06    5.486E+15    5.479E+04    7.365E-01    5.656E-05     r       2.7
4.899E+07    9.714E-01    2.087E+24    7.505E+06    5.541E+15    5.513E+04    7.314E-01    5.800E-05     r       2.7
4.837E+07    9.724E-01    2.028E+24    7.519E+06    5.568E+15    5.530E+04    7.289E-01    5.871E-05     r       2.7
4.713E+07    9.744E-01    1.911E+24    7.545E+06    5.621E+15    5.563E+04    7.240E-01    6.014E-05     r       2.7
4.651E+07    9.754E-01    1.853E+24    7.559E+06    5.648E+15    5.580E+04    7.216E-01    6.086E-05     r       2.7
4.527E+07    9.772E-01    1.740E+24    7.584E+06    5.700E+15    5.612E+04    7.169E-01    6.229E-05     r       2.7
4.465E+07    9.781E-01    1.684E+24    7.597E+06    5.725E+15    5.627E+04    7.146E-01    6.300E-05     r       2.7
4.340E+07    9.798E-01    1.576E+24    7.622E+06    5.776E+15    5.658E+04    7.101E-01    6.442E-05     r       2.7
4.278E+07    9.806E-01    1.522E+24    7.634E+06    5.800E+15    5.673E+04    7.079E-01    6.513E-05     r       2.7
4.154E+07    9.822E-01    1.418E+24    7.659E+06    5.849E+15    5.703E+04    7.035E-01    6.654E-05     r       2.6
4.092E+07    9.830E-01    1.368E+24    7.671E+06    5.873E+15    5.718E+04    7.014E-01    6.724E-05     r       2.6
3.968E+07    9.844E-01    1.269E+24    7.694E+06    5.921E+15    5.746E+04    6.972E-01    6.863E-05     r       2.6
3.906E+07    9.851E-01    1.221E+24    7.706E+06    5.944E+15    5.760E+04    6.952E-01    6.932E-05     r       2.6
3.782E+07    9.865E-01    1.128E+24    7.728E+06    5.990E+15    5.788E+04    6.912E-01    7.069E-05     r       2.6
3.720E+07    9.871E-01    1.083E+24    7.739E+06    6.012E+15    5.801E+04    6.892E-01    7.138E-05     r       2.6
3.595E+07    9.883E-01    9.953E+23    7.761E+06    6.056E+15    5.827E+04    6.853E-01    7.272E-05     r       2.6
3.533E+07    9.889E-01    9.531E+23    7.772E+06    6.078E+15    5.839E+04    6.835E-01    7.339E-05     r       2.6
3.409E+07    9.900E-01    8.716E+23    7.793E+06    6.120E+15    5.864E+04    6.798E-01    7.471E-05     r       2.6
3.347E+07    9.906E-01    8.324E+23    7.803E+06    6.140E+15    5.876E+04    6.780E-01    7.536E-05     r       2.6
3.316E+07    9.908E-01    8.132E+23    7.808E+06    6.150E+15    5.882E+04    6.771E-01    7.569E-05     r       2.5
3.254E+07    9.913E-01    7.755E+23    7.818E+06    6.170E+15    5.894E+04    6.753E-01    7.633E-05     r       2.5
3.223E+07    9.916E-01    7.570E+23    7.823E+06    6.180E+15    5.899E+04    6.745E-01    7.665E-05     r       2.5
3.161E+07    9.920E-01    7.209E+23    7.833E+06    6.200E+15    5.911E+04    6.727E-01    7.729E-05     r       2.5
3.130E+07    9.923E-01    7.032E+23    7.838E+06    6.210E+15    5.916E+04    6.719E-01    7.760E-05     r       2.5
3.068E+07    9.927E-01    6.687E+23    7.847E+06    6.229E+15    5.927E+04    6.702E-01    7.823E-05     r       2.5
3.037E+07    9.929E-01    6.518E+23    7.852E+06    6.238E+15    5.933E+04    6.693E-01    7.854E-05     r       2.5
2.974E+07    9.933E-01    6.188E+23    7.861E+06    6.257E+15    5.943E+04    6.677E-01    7.916E-05     r       2.5
2.943E+07    9.935E-01    6.027E+23    7.866E+06    6.266E+15    5.948E+04    6.669E-01    7.946E-05     r       2.5
2.881E+07    9.939E-01    5.712E+23    7.875E+06    6.284E+15    5.959E+04    6.653E-01    8.006E-05     r       2.5
2.850E+07    9.941E-01    5.559E+23    7.880E+06    6.293E+15    5.964E+04    6.645E-01    8.036E-05     r       2.5
2.788E+07    9.945E-01    5.261E+23    7.889E+06    6.311E+15    5.974E+04    6.630E-01    8.095E-05     r       2.5
2.757E+07    9.947E-01    5.115E+23    7.893E+06    6.319E+15    5.978E+04    6.622E-01    8.125E-05     r       2.5
2.695E+07    9.950E-01    4.832E+23    7.902E+06    6.336E+15    5.988E+04    6.607E-01    8.183E-05     r       2.5
2.664E+07    9.952E-01    4.695E+23    7.906E+06    6.345E+15    5.993E+04    6.600E-01    8.211E-05     r       2.5
2.602E+07    9.955E-01    4.428E+23    7.914E+06    6.361E+15    6.002E+04    6.585E-01    8.268E-05     r       2.5
2.571E+07    9.957E-01    4.298E+23    7.918E+06    6.369E+15    6.007E+04    6.578E-01    8.296E-05     r       2.5
2.509E+07    9.960E-01    4.046E+23    7.926E+06    6.385E+15    6.016E+04    6.564E-01    8.351E-05     r       2.5
2.478E+07    9.961E-01    3.924E+23    7.930E+06    6.393E+15    6.020E+04    6.557E-01    8.378E-05     r       2.4
2.416E+07    9.964E-01    3.687E+23    7.938E+06    6.409E+15    6.028E+04    6.543E-01    8.432E-05     r       2.4
2.385E+07    9.966E-01    3.573E+23    7.942E+06    6.416E+15    6.033E+04    6.536E-01    8.458E-05     r       2.4
2.323E+07    9.968E-01    3.352E+23    7.950E+06    6.431E+15    6.041E+04    6.523E-01    8.510E-05     r       2.4
2.291E+07    9.969E-01    3.245E+23    7.953E+06    6.438E+15    6.045E+04    6.517E-01    8.536E-05     r       2.4
2.229E+07    9.972E-01    3.038E+23    7.961E+06    6.453E+15    6.053E+04    6.504E-01    8.587E-05     r       2.4
2.198E+07    9.973E-01    2.939E+23    7.964E+06    6.460E+15    6.057E+04    6.498E-01    8.612E-05     r       2.4
2.136E+07    9.975E-01    2.747E+23    7.971E+06    6.473E+15    6.064E+04    6.485E-01    8.661E-05     r       2.4
2.105E+07    9.976E-01    2.655E+23    7.975E+06    6.480E+15    6.068E+04    6.479E-01    8.685E-05     r       2.4
2.043E+07    9.978E-01    2.477E+23    7.982E+06    6.493E+15    6.075E+04    6.467E-01    8.733E-05     r       2.4
2.012E+07    9.979E-01    2.392E+23    7.985E+06    6.500E+15    6.078E+04    6.462E-01    8.756E-05     r       2.5
1.950E+07    9.981E-01    2.228E+23    7.991E+06    6.512E+15    6.085E+04    6.450E-01    8.802E-05     r       2.3
1.919E+07    9.982E-01    2.150E+23    7.994E+06    6.518E+15    6.089E+04    6.445E-01    8.823E-05     r       2.5
1.857E+07    9.984E-01    2.000E+23    8.001E+06    6.530E+15    6.095E+04    6.434E-01    8.868E-05     r       2.3
1.826E+07    9.985E-01    1.929E+23    8.004E+06    6.536E+15    6.098E+04    6.429E-01    8.888E-05     r       2.5
1.810E+07    9.985E-01    1.894E+23    8.005E+06    6.539E+15    6.100E+04    6.427E-01    8.899E-05     r       2.5
1.779E+07    9.986E-01    1.825E+23    8.008E+06    6.545E+15    6.103E+04    6.422E-01    8.919E-05     r       2.5
1.764E+07    9.986E-01    1.792E+23    8.009E+06    6.548E+15    6.105E+04    6.420E-01    8.929E-05     r       2.5
1.733E+07    9.987E-01    1.727E+23    8.012E+06    6.553E+15    6.108E+04    6.416E-01    8.948E-05     r       2.5
1.717E+07    9.987E-01    1.695E+23    8.013E+06    6.556E+15    6.109E+04    6.413E-01    8.958E-05     r       2.5
1.686E+07    9.988E-01    1.633E+23    8.016E+06    6.561E+15    6.112E+04    6.409E-01    8.977E-05     r       2.5
1.671E+07    9.988E-01    1.603E+23    8.017E+06    6.564E+15    6.114E+04    6.407E-01    8.987E-05     r       2.5
1.640E+07    9.989E-01    1.544E+23    8.020E+06    6.569E+15    6.117E+04    6.403E-01    9.006E-05     r       2.5
1.624E+07    9.989E-01    1.516E+23    8.021E+06    6.572E+15    6.118E+04    6.401E-01    9.015E-05     r       2.5
1.593E+07    9.990E-01    1.460E+23    8.023E+06    6.577E+15    6.121E+04    6.397E-01    9.033E-05     r       2.5
1.577E+07    9.990E-01    1.433E+23    8.025E+06    6.579E+15    6.122E+04    6.395E-01    9.042E-05     r       2.5
1.546E+07    9.991E-01    1.380E+23    8.027E+06    6.584E+15    6.125E+04    6.391E-01    9.059E-05     r       2.5
1.531E+07    9.991E-01    1.354E+23    8.028E+06    6.587E+15    6.126E+04    6.389E-01    9.068E-05     r       2.5
1.500E+07    9.992E-01    1.305E+23    8.031E+06    6.591E+15    6.129E+04    6.385E-01    9.085E-05     r       2.5
1.484E+07    9.992E-01    1.280E+23    8.032E+06    6.594E+15    6.130E+04    6.383E-01    9.094E-05     r       2.5
1.453E+07    9.992E-01    1.233E+23    8.034E+06    6.598E+15    6.133E+04    6.379E-01    9.110E-05     r       2.5
1.438E+07    9.993E-01    1.211E+23    8.035E+06    6.601E+15    6.134E+04    6.378E-01    9.118E-05     r       2.5
1.407E+07    9.993E-01    1.166E+23    8.037E+06    6.605E+15    6.137E+04    6.374E-01    9.134E-05     r       2.5
1.391E+07    9.993E-01    1.145E+23    8.038E+06    6.607E+15    6.138E+04    6.372E-01    9.142E-05     r       2.5
1.360E+07    9.994E-01    1.104E+23    8.040E+06    6.612E+15    6.140E+04    6.369E-01    9.157E-05     r       2.5
1.345E+07    9.994E-01    1.083E+23    8.041E+06    6.614E+15    6.141E+04    6.367E-01    9.165E-05     r       2.5
1.314E+07    9.994E-01    1.045E+23    8.043E+06    6.618E+15    6.144E+04    6.364E-01    9.180E-05     r       2.5
1.298E+07    9.995E-01    1.026E+23    8.044E+06    6.620E+15    6.145E+04    6.362E-01    9.187E-05     r       2.5
1.267E+07    9.995E-01    9.896E+22    8.046E+06    6.624E+15    6.147E+04    6.359E-01    9.201E-05     r       2.5
1.251E+07    9.995E-01    9.721E+22    8.047E+06    6.626E+15    6.148E+04    6.358E-01    9.208E-05     r       2.5
1.220E+07    9.996E-01    9.383E+22    8.049E+06    6.629E+15    6.150E+04    6.355E-01    9.222E-05     r       2.5
1.205E+07    9.996E-01    9.220E+22    8.050E+06    6.631E+15    6.151E+04    6.353E-01    9.228E-05     r       2.5
1.174E+07    9.996E-01    8.907E+22    8.052E+06    6.635E+15    6.153E+04    6.351E-01    9.241E-05     r       2.5
1.158E+07    9.996E-01    8.756E+22    8.052E+06    6.637E+15    6.154E+04    6.349E-01    9.248E-05     r       2.5
1.127E+07    9.997E-01    8.466E+22    8.054E+06    6.640E+15    6.156E+04    6.347E-01    9.260E-05     r       2.5
1.112E+07    9.997E-01    8.326E+22    8.055E+06    6.642E+15    6.157E+04    6.345E-01    9.266E-05     r       2.5
1.081E+07    9.997E-01    8.059E+22    8.057E+06    6.645E+15    6.159E+04    6.343E-01    9.278E-05     r       2.5
1.065E+07    9.997E-01    7.930E+22    8.057E+06    6.646E+15    6.160E+04    6.341E-01    9.284E-05     r       2.5
1.034E+07    9.997E-01    7.684E+22    8.059E+06    6.649E+15    6.161E+04    6.339E-01    9.295E-05     r       2.5
1.019E+07    9.998E-01    7.566E+22    8.059E+06    6.651E+15    6.162E+04    6.338E-01    9.300E-05     r       2.5
1.011E+07    9.998E-01    7.509E+22    8.060E+06    6.652E+15    6.163E+04    6.337E-01    9.303E-05     r       2.5
9.954E+06    9.998E-01    7.396E+22    8.061E+06    6.653E+15    6.163E+04    6.336E-01    9.308E-05     r       2.5
9.876E+06    9.998E-01    7.341E+22    8.061E+06    6.654E+15    6.164E+04    6.336E-01    9.311E-05     r       2.5
9.721E+06    9.998E-01    7.234E+22    8.062E+06    6.655E+15    6.165E+04    6.335E-01    9.316E-05     r       2.5
9.643E+06    9.998E-01    7.181E+22    8.062E+06    6.656E+15    6.165E+04    6.334E-01    9.318E-05     r       2.5
9.488E+06    9.998E-01    7.079E+22    8.063E+06    6.657E+15    6.166E+04    6.333E-01    9.323E-05     r       2.5
9.410E+06    9.998E-01    7.029E+22    8.063E+06    6.658E+15    6.166E+04    6.333E-01    9.325E-05     r       2.5
9.255E+06    9.998E-01    6.931E+22    8.063E+06    6.659E+15    6.167E+04    6.332E-01    9.330E-05     r       2.5
9.178E+06    9.998E-01    6.883E+22    8.064E+06    6.660E+15    6.167E+04    6.331E-01    9.332E-05     r       2.5
9.022E+06    9.998E-01    6.790E+22    8.064E+06    6.661E+15    6.168E+04    6.330E-01    9.337E-05     r       2.5
8.945E+06    9.999E-01    6.745E+22    8.065E+06    6.662E+15    6.168E+04    6.330E-01    9.339E-05     r       2.5
8.789E+06    9.999E-01    6.657E+22    8.065E+06    6.663E+15    6.169E+04    6.329E-01    9.343E-05     r       2.5
8.712E+06    9.999E-01    6.614E+22    8.065E+06    6.663E+15    6.169E+04    6.328E-01    9.345E-05     r       2.5
8.557E+06    9.999E-01    6.530E+22    8.066E+06    6.664E+15    6.170E+04    6.327E-01    9.349E-05     r       2.5
8.479E+06    9.999E-01    6.489E+22    8.066E+06    6.665E+15    6.170E+04    6.327E-01    9.351E-05     r       2.5
8.324E+06    9.999E-01    6.409E+22    8.067E+06    6.666E+15    6.171E+04    6.326E-01    9.355E-05     r       2.5
8.246E+06    9.999E-01    6.371E+22    8.067E+06    6.667E+15    6.171E+04    6.326E-01    9.357E-05     r       2.5
8.091E+06    9.999E-01    6.296E+22    8.068E+06    6.668E+15    6.171E+04    6.325E-01    9.361E-05     r       2.5
8.013E+06    9.999E-01    6.259E+22    8.068E+06    6.668E+15    6.172E+04    6.325E-01    9.362E-05     r       2.5
7.858E+06    9.999E-01    6.188E+22    8.068E+06    6.669E+15    6.172E+04    6.324E-01    9.366E-05     r       2.5
7.781E+06    9.999E-01    6.154E+22    8.068E+06    6.669E+15    6.173E+04    6.323E-01    9.368E-05     r       2.5
7.625E+06    9.999E-01    6.087E+22    8.069E+06    6.670E+15    6.173E+04    6.323E-01    9.371E-05     r       2.5
7.548E+06    9.999E-01    6.054E+22    8.069E+06    6.671E+15    6.173E+04    6.322E-01    9.372E-05     r       2.5
7.392E+06    9.999E-01    5.991E+22    8.069E+06    6.672E+15    6.174E+04    6.322E-01    9.375E-05     r       2.5
7.315E+06    9.999E-01    5.961E+22    8.070E+06    6.672E+15    6.174E+04    6.321E-01    9.377E-05     r       2.5
7.160E+06    9.999E-01    5.901E+22    8.070E+06    6.673E+15    6.174E+04    6.321E-01    9.380E-05     r       2.5
7.082E+06    9.999E-01    5.873E+22    8.070E+06    6.673E+15    6.175E+04    6.321E-01    9.381E-05     r       2.5
7.043E+06    9.999E-01    5.859E+22    8.070E+06    6.673E+15    6.175E+04    6.320E-01    9.382E-05     r       2.5
6.966E+06    9.999E-01    5.831E+22    8.070E+06    6.674E+15    6.175E+04    6.320E-01    9.383E-05     r       2.5
6.927E+06    9.999E-01    5.817E+22    8.071E+06    6.674E+15    6.175E+04    6.320E-01    9.384E-05     r       2.5
6.849E+06    1.000E+00    5.791E+22    8.071E+06    6.674E+15    6.175E+04    6.320E-01    9.385E-05     r       2.5
6.810E+06    1.000E+00    5.777E+22    8.071E+06    6.674E+15    6.175E+04    6.320E-01    9.385E-05     r       2.5
6.733E+06    1.000E+00    5.751E+22    8.071E+06    6.675E+15    6.175E+04    6.319E-01    9.386E-05     r       2.5
6.694E+06    1.000E+00    5.739E+22    8.071E+06    6.675E+15    6.175E+04    6.319E-01    9.387E-05     r       2.5
6.616E+06    1.000E+00    5.714E+22    8.071E+06    6.675E+15    6.176E+04    6.319E-01    9.388E-05     r       2.5
6.578E+06    1.000E+00    5.701E+22    8.071E+06    6.675E+15    6.176E+04    6.319E-01    9.389E-05     r       2.5
6.500E+06    1.000E+00    5.677E+22    8.071E+06    6.675E+15    6.176E+04    6.319E-01    9.390E-05     r       2.5
6.461E+06    1.000E+00    5.665E+22    8.071E+06    6.676E+15    6.176E+04    6.319E-01    9.390E-05     r       2.5
6.384E+06    1.000E+00    5.642E+22    8.072E+06    6.676E+15    6.176E+04    6.318E-01    9.391E-05     r       2.5
6.345E+06    1.000E+00    5.631E+22    8.072E+06    6.676E+15    6.176E+04    6.318E-01    9.391E-05     r       2.5
6.267E+06    1.000E+00    5.608E+22    8.072E+06    6.676E+15    6.176E+04    6.318E-01    9.392E-05     r       2.5
6.228E+06    1.000E+00    5.597E+22    8.072E+06    6.676E+15    6.176E+04    6.318E-01    9.393E-05     r       2.5
6.151E+06    1.000E+00    5.575E+22    8.072E+06    6.677E+15    6.176E+04    6.318E-01    9.393E-05     r       2.5
