   r        Qm       L_r       T        P        rho      kap      eps     fl   dlnPdlnT
7.009E+08    0.000E+00    1.888E+26    4.819E+03    4.173E+01    0.000E+00    3.885E+00    0.000E+00     *      99.9
7.002E+08    3.941E-14    1.888E+26    2.998E+03    6.770E-01    1.636E-08    3.009E+01    1.469E-109     r       4.2
6.995E+08    2.052E-13    1.888E+26    5.881E+03    1.244E+01    1.541E-07    1.716E+01    2.668E-88     r       2.8
6.992E+08    5.089E-13    1.888E+26    6.643E+03    3.406E+01    3.774E-07    2.294E+01    1.033E-84     r       7.6
6.990E+08    7.853E-13    1.888E+26    7.212E+03    5.375E+01    5.495E-07    2.324E+01    1.844E-82     r       5.5
6.989E+08    9.656E-13    1.888E+26    7.522E+03    6.661E+01    6.533E-07    2.305E+01    2.429E-81     r       5.1
6.989E+08    1.068E-12    1.888E+26    7.681E+03    7.391E+01    7.101E-07    2.290E+01    8.617E-81     r       5.0
6.988E+08    1.122E-12    1.888E+26    7.761E+03    7.779E+01    7.398E-07    2.282E+01    1.612E-80     r       4.9
6.988E+08    1.150E-12    1.888E+26    7.801E+03    7.980E+01    7.550E-07    2.278E+01    2.200E-80     r       4.9
6.988E+08    1.208E-12    1.888E+26    7.882E+03    8.392E+01    7.860E-07    2.269E+01    4.084E-80     r       4.9
6.988E+08    1.238E-12    1.888E+26    7.923E+03    8.605E+01    8.018E-07    2.264E+01    5.553E-80     r       4.9
6.988E+08    1.300E-12    1.888E+26    8.004E+03    9.043E+01    8.341E-07    2.255E+01    1.022E-79     r       4.9
6.988E+08    1.331E-12    1.888E+26    8.045E+03    9.269E+01    8.507E-07    2.250E+01    1.384E-79     r       4.8
6.987E+08    1.396E-12    1.888E+26    8.127E+03    9.734E+01    8.844E-07    2.240E+01    2.527E-79     r       4.8
6.987E+08    1.430E-12    1.888E+26    8.168E+03    9.973E+01    9.016E-07    2.235E+01    3.407E-79     r       4.8
6.987E+08    1.499E-12    1.888E+26    8.251E+03    1.047E+02    9.368E-07    2.225E+01    6.166E-79     r       4.8
6.987E+08    1.645E-12    1.888E+26    8.417E+03    1.151E+02    1.010E-06    2.204E+01    1.984E-78     r       4.8
6.986E+08    1.722E-12    1.888E+26    8.500E+03    1.206E+02    1.048E-06    2.194E+01    3.526E-78     r       4.8
6.986E+08    1.885E-12    1.888E+26    8.667E+03    1.323E+02    1.127E-06    2.172E+01    1.094E-77     r       4.7
6.986E+08    1.971E-12    1.888E+26    8.751E+03    1.384E+02    1.169E-06    2.162E+01    1.911E-77     r       4.7
6.985E+08    2.153E-12    1.888E+26    8.920E+03    1.514E+02    1.254E-06    2.140E+01    5.721E-77     r       4.7
6.985E+08    2.249E-12    1.888E+26    9.004E+03    1.583E+02    1.299E-06    2.130E+01    9.812E-77     r       4.7
6.985E+08    2.451E-12    1.888E+26    9.173E+03    1.727E+02    1.391E-06    2.108E+01    2.837E-76     r       4.7
6.984E+08    2.557E-12    1.888E+26    9.258E+03    1.803E+02    1.439E-06    2.098E+01    4.782E-76     r       4.7
6.984E+08    2.780E-12    1.888E+26    9.428E+03    1.962E+02    1.539E-06    2.076E+01    1.336E-75     r       4.7
6.984E+08    2.897E-12    1.888E+26    9.513E+03    2.046E+02    1.590E-06    2.066E+01    2.214E-75     r       4.7
6.983E+08    3.144E-12    1.888E+26    9.684E+03    2.223E+02    1.697E-06    2.045E+01    5.986E-75     r       4.7
6.983E+08    3.273E-12    1.888E+26    9.769E+03    2.315E+02    1.752E-06    2.035E+01    9.764E-75     r       4.6
6.983E+08    3.544E-12    1.888E+26    9.940E+03    2.509E+02    1.867E-06    2.015E+01    2.557E-74     r       4.6
6.982E+08    3.686E-12    1.888E+26    1.003E+04    2.611E+02    1.926E-06    2.005E+01    4.107E-74     r       4.6
6.982E+08    3.984E-12    1.888E+26    1.020E+04    2.824E+02    2.049E-06    1.986E+01    1.044E-73     r       4.6
6.982E+08    4.140E-12    1.888E+26    1.028E+04    2.936E+02    2.112E-06    1.976E+01    1.652E-73     r       4.6
6.981E+08    4.467E-12    1.888E+26    1.045E+04    3.170E+02    2.243E-06    1.957E+01    4.078E-73     r       4.6
6.981E+08    4.637E-12    1.888E+26    1.054E+04    3.292E+02    2.311E-06    1.948E+01    6.363E-73     r       4.6
6.981E+08    4.994E-12    1.888E+26    1.071E+04    3.548E+02    2.451E-06    1.929E+01    1.528E-72     r       4.6
6.980E+08    5.180E-12    1.888E+26    1.080E+04    3.681E+02    2.523E-06    1.920E+01    2.353E-72     r       4.6
6.980E+08    5.569E-12    1.888E+26    1.097E+04    3.960E+02    2.672E-06    1.902E+01    5.504E-72     r       4.6
6.980E+08    5.772E-12    1.888E+26    1.105E+04    4.106E+02    2.748E-06    1.893E+01    8.365E-72     r       4.6
6.979E+08    6.196E-12    1.888E+26    1.123E+04    4.409E+02    2.907E-06    1.876E+01    1.909E-71     r       4.6
6.979E+08    6.416E-12    1.888E+26    1.131E+04    4.568E+02    2.988E-06    1.868E+01    2.866E-71     r       4.6
6.979E+08    6.876E-12    1.888E+26    1.149E+04    4.898E+02    3.156E-06    1.851E+01    6.384E-71     r       4.6
6.978E+08    7.116E-12    1.888E+26    1.157E+04    5.070E+02    3.243E-06    1.843E+01    9.475E-71     r       4.6
6.978E+08    7.615E-12    1.888E+26    1.174E+04    5.428E+02    3.421E-06    1.827E+01    2.064E-70     r       4.6
6.978E+08    7.874E-12    1.888E+26    1.183E+04    5.614E+02    3.513E-06    1.819E+01    3.029E-70     r       4.6
6.977E+08    8.414E-12    1.888E+26    1.200E+04    6.002E+02    3.702E-06    1.803E+01    6.455E-70     r       4.6
6.977E+08    8.695E-12    1.888E+26    1.209E+04    6.203E+02    3.799E-06    1.795E+01    9.374E-70     r       4.6
6.977E+08    9.279E-12    1.888E+26    1.226E+04    6.622E+02    3.999E-06    1.780E+01    1.957E-69     r       4.6
6.976E+08    9.582E-12    1.888E+26    1.235E+04    6.840E+02    4.102E-06    1.772E+01    2.814E-69     r       4.6
6.976E+08    1.021E-11    1.888E+26    1.252E+04    7.292E+02    4.313E-06    1.758E+01    5.760E-69     r       4.6
6.976E+08    1.054E-11    1.888E+26    1.261E+04    7.527E+02    4.422E-06    1.750E+01    8.201E-69     r       4.6
6.975E+08    1.122E-11    1.888E+26    1.278E+04    8.015E+02    4.645E-06    1.736E+01    1.647E-68     r       4.6
6.975E+08    1.157E-11    1.888E+26    1.287E+04    8.268E+02    4.759E-06    1.729E+01    2.324E-68     r       4.6
6.975E+08    1.230E-11    1.888E+26    1.304E+04    8.792E+02    4.994E-06    1.715E+01    4.586E-68     r       4.6
6.974E+08    1.268E-11    1.888E+26    1.313E+04    9.064E+02    5.115E-06    1.709E+01    6.414E-68     r       4.6
6.974E+08    1.346E-11    1.888E+26    1.330E+04    9.628E+02    5.363E-06    1.695E+01    1.244E-67     r       4.6
6.974E+08    1.386E-11    1.888E+26    1.338E+04    9.919E+02    5.490E-06    1.689E+01    1.725E-67     r       4.6
6.973E+08    1.470E-11    1.888E+26    1.356E+04    1.052E+03    5.751E-06    1.675E+01    3.291E-67     r       4.6
6.973E+08    1.514E-11    1.888E+26    1.364E+04    1.084E+03    5.884E-06    1.669E+01    4.527E-67     r       4.6
6.973E+08    1.604E-11    1.888E+26    1.382E+04    1.149E+03    6.158E-06    1.656E+01    8.501E-67     r       4.6
6.973E+08    1.651E-11    1.888E+26    1.390E+04    1.182E+03    6.299E-06    1.650E+01    1.160E-66     r       4.6
6.972E+08    1.747E-11    1.888E+26    1.408E+04    1.251E+03    6.587E-06    1.638E+01    2.147E-66     r       4.6
6.972E+08    1.797E-11    1.888E+26    1.416E+04    1.287E+03    6.734E-06    1.632E+01    2.909E-66     r       4.6
6.971E+08    1.900E-11    1.888E+26    1.434E+04    1.361E+03    7.036E-06    1.620E+01    5.303E-66     r       4.6
6.971E+08    1.953E-11    1.888E+26    1.442E+04    1.400E+03    7.191E-06    1.614E+01    7.135E-66     r       4.6
6.971E+08    2.063E-11    1.888E+26    1.460E+04    1.479E+03    7.508E-06    1.602E+01    1.283E-65     r       4.6
6.971E+08    2.119E-11    1.888E+26    1.468E+04    1.520E+03    7.670E-06    1.597E+01    1.714E-65     r       4.6
6.970E+08    2.236E-11    1.888E+26    1.486E+04    1.604E+03    8.002E-06    1.585E+01    3.042E-65     r       4.6
6.970E+08    2.297E-11    1.888E+26    1.494E+04    1.648E+03    8.172E-06    1.580E+01    4.039E-65     r       4.6
6.969E+08    2.421E-11    1.888E+26    1.512E+04    1.738E+03    8.520E-06    1.569E+01    7.074E-65     r       4.6
6.969E+08    2.486E-11    1.888E+26    1.520E+04    1.784E+03    8.697E-06    1.564E+01    9.333E-65     r       4.6
6.969E+08    2.618E-11    1.888E+26    1.538E+04    1.880E+03    9.061E-06    1.553E+01    1.615E-64     r       4.6
6.969E+08    2.687E-11    1.888E+26    1.546E+04    1.929E+03    9.247E-06    1.548E+01    2.118E-64     r       4.6
6.968E+08    2.827E-11    1.888E+26    1.564E+04    2.031E+03    9.627E-06    1.537E+01    3.621E-64     r       4.6
6.968E+08    2.900E-11    1.888E+26    1.572E+04    2.083E+03    9.821E-06    1.532E+01    4.720E-64     r       4.6
6.967E+08    3.050E-11    1.888E+26    1.590E+04    2.191E+03    1.022E-05    1.522E+01    7.979E-64     r       4.6
6.967E+08    3.127E-11    1.888E+26    1.598E+04    2.247E+03    1.042E-05    1.517E+01    1.035E-63     r       4.6
6.967E+08    3.285E-11    1.888E+26    1.616E+04    2.361E+03    1.083E-05    1.507E+01    1.730E-63     r       4.6
6.967E+08    3.367E-11    1.888E+26    1.624E+04    2.420E+03    1.105E-05    1.502E+01    2.230E-63     r       4.6
6.966E+08    3.535E-11    1.888E+26    1.642E+04    2.542E+03    1.148E-05    1.493E+01    3.690E-63     r       4.6
6.966E+08    3.621E-11    1.888E+26    1.650E+04    2.604E+03    1.170E-05    1.488E+01    4.734E-63     r       4.6
6.966E+08    3.799E-11    1.888E+26    1.668E+04    2.733E+03    1.215E-05    1.478E+01    7.751E-63     r       4.6
6.965E+08    4.176E-11    1.888E+26    1.703E+04    3.005E+03    1.309E-05    1.460E+01    2.038E-62     r       4.6
6.964E+08    4.375E-11    1.888E+26    1.720E+04    3.149E+03    1.358E-05    1.451E+01    3.273E-62     r       4.6
6.963E+08    4.794E-11    1.888E+26    1.755E+04    3.453E+03    1.459E-05    1.434E+01    8.289E-62     r       4.6
6.963E+08    5.016E-11    1.888E+26    1.772E+04    3.613E+03    1.512E-05    1.425E+01    1.308E-61     r       4.6
6.962E+08    5.483E-11    1.888E+26    1.807E+04    3.951E+03    1.622E-05    1.409E+01    3.198E-61     r       4.6
6.962E+08    5.729E-11    1.888E+26    1.824E+04    4.129E+03    1.679E-05    1.400E+01    4.960E-61     r       4.6
6.961E+08    6.247E-11    1.888E+26    1.859E+04    4.505E+03    1.798E-05    1.385E+01    1.174E-60     r       4.6
6.960E+08    6.519E-11    1.888E+26    1.876E+04    4.702E+03    1.859E-05    1.377E+01    1.792E-60     r       4.6
6.959E+08    7.092E-11    1.888E+26    1.911E+04    5.118E+03    1.987E-05    1.362E+01    4.115E-60     r       4.6
6.959E+08    7.393E-11    1.888E+26    1.929E+04    5.336E+03    2.053E-05    1.354E+01    6.190E-60     r       4.6
6.958E+08    8.024E-11    1.888E+26    1.963E+04    5.794E+03    2.190E-05    1.340E+01    1.381E-59     r       4.6
6.958E+08    8.356E-11    1.888E+26    1.981E+04    6.035E+03    2.261E-05    1.332E+01    2.048E-59     r       4.6
6.957E+08    9.050E-11    1.888E+26    2.016E+04    6.539E+03    2.408E-05    1.318E+01    4.448E-59     r       4.6
6.956E+08    9.414E-11    1.888E+26    2.033E+04    6.804E+03    2.484E-05    1.312E+01    6.512E-59     r       4.6
6.955E+08    1.018E-10    1.888E+26    2.068E+04    7.358E+03    2.641E-05    1.298E+01    1.378E-58     r       4.6
6.955E+08    1.058E-10    1.888E+26    2.085E+04    7.648E+03    2.722E-05    1.292E+01    1.993E-58     r       4.6
6.954E+08    1.141E-10    1.888E+26    2.120E+04    8.255E+03    2.890E-05    1.279E+01    4.119E-58     r       4.6
6.954E+08    1.185E-10    1.888E+26    2.138E+04    8.572E+03    2.977E-05    1.272E+01    5.888E-58     r       4.6
6.953E+08    1.276E-10    1.888E+26    2.173E+04    9.236E+03    3.156E-05    1.260E+01    1.189E-57     r       4.6
6.952E+08    1.323E-10    1.888E+26    2.190E+04    9.583E+03    3.248E-05    1.254E+01    1.682E-57     r       4.6
6.951E+08    1.423E-10    1.888E+26    2.225E+04    1.031E+04    3.439E-05    1.242E+01    3.325E-57     r       4.6
6.951E+08    1.474E-10    1.888E+26    2.242E+04    1.068E+04    3.537E-05    1.236E+01    4.651E-57     r       4.6
6.950E+08    1.583E-10    1.888E+26    2.277E+04    1.147E+04    3.740E-05    1.225E+01    9.013E-57     r       4.6
6.950E+08    1.639E-10    1.888E+26    2.295E+04    1.188E+04    3.845E-05    1.219E+01    1.248E-56     r       4.6
6.949E+08    1.756E-10    1.888E+26    2.330E+04    1.274E+04    4.060E-05    1.208E+01    2.373E-56     r       4.6
6.948E+08    1.817E-10    1.888E+26    2.347E+04    1.319E+04    4.171E-05    1.203E+01    3.256E-56     r       4.6
6.948E+08    1.945E-10    1.888E+26    2.382E+04    1.411E+04    4.400E-05    1.192E+01    6.076E-56     r       4.6
6.947E+08    2.011E-10    1.888E+26    2.400E+04    1.460E+04    4.517E-05    1.187E+01    8.264E-56     r       4.6
6.946E+08    2.148E-10    1.888E+26    2.435E+04    1.560E+04    4.759E-05    1.176E+01    1.516E-55     r       4.6
6.946E+08    2.220E-10    1.888E+26    2.452E+04    1.613E+04    4.884E-05    1.171E+01    2.044E-55     r       4.6
6.945E+08    2.369E-10    1.888E+26    2.487E+04    1.721E+04    5.140E-05    1.161E+01    3.687E-55     r       4.6
6.944E+08    2.446E-10    1.888E+26    2.505E+04    1.778E+04    5.272E-05    1.156E+01    4.932E-55     r       4.6
6.944E+08    2.606E-10    1.888E+26    2.540E+04    1.895E+04    5.542E-05    1.147E+01    8.757E-55     r       4.6
6.943E+08    2.689E-10    1.888E+26    2.557E+04    1.956E+04    5.682E-05    1.142E+01    1.163E-54     r       4.6
6.942E+08    2.862E-10    1.888E+26    2.592E+04    2.083E+04    5.967E-05    1.133E+01    2.033E-54     r       4.6
6.942E+08    2.951E-10    1.888E+26    2.610E+04    2.148E+04    6.114E-05    1.128E+01    2.680E-54     r       4.6
6.941E+08    3.137E-10    1.888E+26    2.645E+04    2.284E+04    6.416E-05    1.119E+01    4.620E-54     r       4.6
6.941E+08    3.233E-10    1.888E+26    2.662E+04    2.355E+04    6.570E-05    1.115E+01    6.046E-54     r       4.6
6.940E+08    3.433E-10    1.888E+26    2.697E+04    2.501E+04    6.888E-05    1.106E+01    1.028E-53     r       4.6
6.939E+08    3.536E-10    1.888E+26    2.715E+04    2.577E+04    7.051E-05    1.101E+01    1.336E-53     r       4.6
6.938E+08    3.749E-10    1.888E+26    2.750E+04    2.734E+04    7.385E-05    1.093E+01    2.243E-53     r       4.6
6.938E+08    3.860E-10    1.888E+26    2.768E+04    2.815E+04    7.556E-05    1.089E+01    2.897E-53     r       4.6
6.937E+08    4.089E-10    1.888E+26    2.803E+04    2.983E+04    7.908E-05    1.081E+01    4.803E-53     r       4.6
6.937E+08    4.207E-10    1.888E+26    2.820E+04    3.070E+04    8.088E-05    1.076E+01    6.165E-53     r       4.6
6.936E+08    4.452E-10    1.888E+26    2.855E+04    3.250E+04    8.457E-05    1.068E+01    1.010E-52     r       4.6
6.935E+08    4.578E-10    1.888E+26    2.873E+04    3.343E+04    8.646E-05    1.064E+01    1.288E-52     r       4.6
6.934E+08    4.840E-10    1.888E+26    2.908E+04    3.535E+04    9.033E-05    1.057E+01    2.086E-52     r       4.6
6.934E+08    4.975E-10    1.888E+26    2.926E+04    3.635E+04    9.232E-05    1.053E+01    2.647E-52     r       4.6
6.933E+08    5.254E-10    1.888E+26    2.961E+04    3.840E+04    9.638E-05    1.045E+01    4.239E-52     r       4.6
6.933E+08    5.398E-10    1.888E+26    2.978E+04    3.946E+04    9.846E-05    1.042E+01    5.349E-52     r       4.6
6.932E+08    5.695E-10    1.888E+26    3.013E+04    4.165E+04    1.027E-04    1.034E+01    8.476E-52     r       4.6
6.931E+08    5.848E-10    1.888E+26    3.031E+04    4.278E+04    1.049E-04    1.031E+01    1.064E-51     r       4.6
6.930E+08    6.165E-10    1.888E+26    3.066E+04    4.512E+04    1.093E-04    1.023E+01    1.669E-51     r       4.6
6.930E+08    6.328E-10    1.888E+26    3.084E+04    4.632E+04    1.116E-04    1.020E+01    2.085E-51     r       4.6
6.929E+08    6.664E-10    1.888E+26    3.119E+04    4.880E+04    1.163E-04    1.013E+01    3.238E-51     r       4.6
6.929E+08    6.838E-10    1.888E+26    3.137E+04    5.008E+04    1.187E-04    1.010E+01    4.026E-51     r       4.6
6.928E+08    7.195E-10    1.888E+26    3.172E+04    5.272E+04    1.235E-04    1.003E+01    6.193E-51     r       4.6
6.927E+08    7.380E-10    1.888E+26    3.189E+04    5.408E+04    1.260E-04    9.995E+00    7.664E-51     r       4.6
6.927E+08    7.759E-10    1.888E+26    3.225E+04    5.689E+04    1.311E-04    9.929E+00    1.169E-50     r       4.6
6.926E+08    7.954E-10    1.888E+26    3.242E+04    5.833E+04    1.337E-04    9.896E+00    1.440E-50     r       4.6
6.925E+08    8.357E-10    1.888E+26    3.277E+04    6.131E+04    1.390E-04    9.832E+00    2.176E-50     r       4.6
6.925E+08    8.564E-10    1.888E+26    3.295E+04    6.284E+04    1.418E-04    9.800E+00    2.669E-50     r       4.6
6.924E+08    8.990E-10    1.888E+26    3.330E+04    6.600E+04    1.473E-04    9.738E+00    4.000E-50     r       4.6
6.923E+08    9.209E-10    1.888E+26    3.348E+04    6.762E+04    1.501E-04    9.707E+00    4.887E-50     r       4.6
6.923E+08    9.660E-10    1.888E+26    3.383E+04    7.096E+04    1.559E-04    9.646E+00    7.265E-50     r       4.6
6.921E+08    1.061E-09    1.888E+26    3.454E+04    7.804E+04    1.680E-04    9.526E+00    1.581E-49     r       4.6
6.920E+08    1.112E-09    1.888E+26    3.489E+04    8.177E+04    1.742E-04    9.468E+00    2.314E-49     r       4.6
6.918E+08    1.218E-09    1.888E+26    3.560E+04    8.968E+04    1.873E-04    9.354E+00    4.886E-49     r       4.6
6.917E+08    1.274E-09    1.888E+26    3.595E+04    9.385E+04    1.941E-04    9.299E+00    7.050E-49     r       4.6
6.916E+08    1.393E-09    1.888E+26    3.666E+04    1.026E+05    2.082E-04    9.191E+00    1.448E-48     r       4.6
6.915E+08    1.455E-09    1.888E+26    3.701E+04    1.073E+05    2.155E-04    9.138E+00    2.062E-48     r       4.6
6.913E+08    1.586E-09    1.888E+26    3.772E+04    1.171E+05    2.308E-04    9.034E+00    4.126E-48     r       4.6
6.912E+08    1.655E-09    1.888E+26    3.807E+04    1.222E+05    2.387E-04    8.983E+00    5.801E-48     r       4.6
6.910E+08    1.800E-09    1.888E+26    3.878E+04    1.330E+05    2.551E-04    8.884E+00    1.133E-47     r       4.6
6.909E+08    1.876E-09    1.888E+26    3.913E+04    1.387E+05    2.636E-04    8.836E+00    1.574E-47     r       4.6
6.908E+08    2.036E-09    1.888E+26    3.984E+04    1.506E+05    2.812E-04    8.741E+00    3.005E-47     r       4.6
6.907E+08    2.120E-09    1.888E+26    4.020E+04    1.569E+05    2.903E-04    8.694E+00    4.129E-47     r       4.6
6.905E+08    2.296E-09    1.888E+26    4.091E+04    1.701E+05    3.092E-04    8.603E+00    7.714E-47     r       4.6
6.904E+08    2.388E-09    1.888E+26    4.126E+04    1.770E+05    3.190E-04    8.559E+00    1.049E-46     r       4.6
6.902E+08    2.581E-09    1.888E+26    4.197E+04    1.914E+05    3.392E-04    8.471E+00    1.920E-46     r       4.6
6.902E+08    2.682E-09    1.888E+26    4.233E+04    1.990E+05    3.497E-04    8.429E+00    2.586E-46     r       4.6
6.900E+08    2.893E-09    1.888E+26    4.304E+04    2.148E+05    3.713E-04    8.345E+00    4.644E-46     r       4.6
6.899E+08    3.003E-09    1.888E+26    4.339E+04    2.231E+05    3.825E-04    8.303E+00    6.196E-46     r       4.6
6.897E+08    3.234E-09    1.888E+26    4.410E+04    2.404E+05    4.055E-04    8.223E+00    1.093E-45     r       4.6
6.896E+08    3.354E-09    1.888E+26    4.446E+04    2.495E+05    4.175E-04    8.183E+00    1.445E-45     r       4.6
6.895E+08    3.605E-09    1.888E+26    4.517E+04    2.684E+05    4.420E-04    8.105E+00    2.506E-45     r       4.6
6.894E+08    3.736E-09    1.888E+26    4.553E+04    2.783E+05    4.547E-04    8.067E+00    3.286E-45     r       4.6
6.892E+08    4.010E-09    1.888E+26    4.624E+04    2.989E+05    4.809E-04    7.992E+00    5.606E-45     r       4.6
6.891E+08    4.152E-09    1.888E+26    4.659E+04    3.096E+05    4.944E-04    7.955E+00    7.294E-45     r       4.6
6.889E+08    4.449E-09    1.888E+26    4.731E+04    3.320E+05    5.222E-04    7.883E+00    1.225E-44     r       4.6
6.888E+08    4.603E-09    1.888E+26    4.766E+04    3.437E+05    5.365E-04    7.848E+00    1.583E-44     r       4.6
6.887E+08    4.925E-09    1.888E+26    4.838E+04    3.680E+05    5.660E-04    7.778E+00    2.620E-44     r       4.6
6.886E+08    5.092E-09    1.888E+26    4.873E+04    3.807E+05    5.812E-04    7.744E+00    3.360E-44     r       4.6
6.884E+08    5.440E-09    1.888E+26    4.945E+04    4.070E+05    6.125E-04    7.676E+00    5.486E-44     r       4.6
6.883E+08    5.621E-09    1.888E+26    4.980E+04    4.208E+05    6.286E-04    7.643E+00    6.986E-44     r       4.6
6.881E+08    5.997E-09    1.888E+26    5.052E+04    4.493E+05    6.617E-04    7.578E+00    1.126E-43     r       4.6
6.881E+08    6.192E-09    1.888E+26    5.088E+04    4.641E+05    6.788E-04    7.546E+00    1.425E-43     r       4.6
6.879E+08    6.597E-09    1.888E+26    5.159E+04    4.949E+05    7.138E-04    7.483E+00    2.267E-43     r       4.6
6.878E+08    6.808E-09    1.888E+26    5.195E+04    5.109E+05    7.318E-04    7.452E+00    2.851E-43     r       4.6
6.876E+08    7.244E-09    1.888E+26    5.267E+04    5.441E+05    7.688E-04    7.391E+00    4.482E-43     r       4.6
6.875E+08    7.470E-09    1.888E+26    5.302E+04    5.613E+05    7.878E-04    7.361E+00    5.604E-43     r       4.6
6.874E+08    7.939E-09    1.888E+26    5.374E+04    5.970E+05    8.268E-04    7.302E+00    8.710E-43     r       4.6
6.873E+08    8.183E-09    1.888E+26    5.410E+04    6.156E+05    8.469E-04    7.273E+00    1.083E-42     r       4.6
6.871E+08    8.686E-09    1.888E+26    5.481E+04    6.540E+05    8.880E-04    7.216E+00    1.665E-42     r       4.6
6.870E+08    8.947E-09    1.888E+26    5.517E+04    6.740E+05    9.091E-04    7.187E+00    2.059E-42     r       4.6
6.868E+08    9.487E-09    1.888E+26    5.589E+04    7.152E+05    9.524E-04    7.132E+00    3.132E-42     r       4.6
6.867E+08    9.767E-09    1.888E+26    5.625E+04    7.366E+05    9.747E-04    7.105E+00    3.853E-42     r       4.6
6.866E+08    1.035E-08    1.888E+26    5.697E+04    7.809E+05    1.020E-03    7.051E+00    5.804E-42     r       4.6
6.865E+08    1.064E-08    1.888E+26    5.733E+04    8.038E+05    1.044E-03    7.024E+00    7.105E-42     r       4.6
6.863E+08    1.126E-08    1.888E+26    5.805E+04    8.512E+05    1.092E-03    6.972E+00    1.060E-41     r       4.6
6.862E+08    1.158E-08    1.888E+26    5.841E+04    8.758E+05    1.116E-03    6.946E+00    1.292E-41     r       4.6
6.860E+08    1.224E-08    1.888E+26    5.913E+04    9.265E+05    1.166E-03    6.895E+00    1.909E-41     r       4.6
6.859E+08    1.258E-08    1.888E+26    5.949E+04    9.527E+05    1.192E-03    6.870E+00    2.316E-41     r       4.6
6.858E+08    1.329E-08    1.888E+26    6.021E+04    1.007E+06    1.245E-03    6.821E+00    3.392E-41     r       4.6
6.857E+08    1.365E-08    1.888E+26    6.057E+04    1.035E+06    1.272E-03    6.797E+00    4.097E-41     r       4.6
6.855E+08    1.441E-08    1.888E+26    6.129E+04    1.093E+06    1.327E-03    6.748E+00    5.952E-41     r       4.6
6.854E+08    1.479E-08    1.888E+26    6.165E+04    1.123E+06    1.356E-03    6.725E+00    7.159E-41     r       4.6
6.852E+08    1.559E-08    1.888E+26    6.237E+04    1.184E+06    1.414E-03    6.678E+00    1.032E-40     r       4.6
6.852E+08    1.601E-08    1.888E+26    6.273E+04    1.216E+06    1.443E-03    6.655E+00    1.236E-40     r       4.6
6.850E+08    1.686E-08    1.888E+26    6.345E+04    1.282E+06    1.504E-03    6.610E+00    1.767E-40     r       4.6
6.849E+08    1.729E-08    1.888E+26    6.381E+04    1.316E+06    1.535E-03    6.587E+00    2.108E-40     r       4.6
6.847E+08    1.820E-08    1.888E+26    6.453E+04    1.386E+06    1.599E-03    6.543E+00    2.991E-40     r       4.6
6.846E+08    1.866E-08    1.888E+26    6.489E+04    1.422E+06    1.631E-03    6.521E+00    3.557E-40     r       4.6
6.845E+08    1.962E-08    1.888E+26    6.562E+04    1.496E+06    1.698E-03    6.478E+00    5.010E-40     r       4.6
6.844E+08    2.012E-08    1.888E+26    6.598E+04    1.535E+06    1.732E-03    6.457E+00    5.935E-40     r       4.6
6.842E+08    2.113E-08    1.888E+26    6.670E+04    1.614E+06    1.801E-03    6.415E+00    8.302E-40     r       4.6
6.841E+08    2.166E-08    1.888E+26    6.706E+04    1.654E+06    1.836E-03    6.394E+00    9.802E-40     r       4.6
6.839E+08    2.274E-08    1.888E+26    6.779E+04    1.738E+06    1.909E-03    6.353E+00    1.362E-39     r       4.6
6.838E+08    2.329E-08    1.888E+26    6.815E+04    1.781E+06    1.946E-03    6.333E+00    1.603E-39     r       4.6
6.837E+08    2.443E-08    1.888E+26    6.888E+04    1.870E+06    2.021E-03    6.293E+00    2.212E-39     r       4.6
6.833E+08    2.684E-08    1.888E+26    7.033E+04    2.058E+06    2.179E-03    6.215E+00    4.162E-39     r       4.6
6.831E+08    2.812E-08    1.888E+26    7.105E+04    2.158E+06    2.261E-03    6.177E+00    5.675E-39     r       4.6
6.828E+08    3.081E-08    1.888E+26    7.251E+04    2.368E+06    2.432E-03    6.102E+00    1.043E-38     r       4.6
6.826E+08    3.223E-08    1.888E+26    7.323E+04    2.479E+06    2.521E-03    6.066E+00    1.405E-38     r       4.6
6.823E+08    3.522E-08    1.888E+26    7.469E+04    2.714E+06    2.706E-03    5.995E+00    2.525E-38     r       4.6
6.821E+08    3.680E-08    1.888E+26    7.542E+04    2.838E+06    2.803E-03    5.960E+00    3.367E-38     r       4.6
6.817E+08    4.012E-08    1.888E+26    7.687E+04    3.099E+06    3.003E-03    5.893E+00    5.925E-38     r       4.6
6.816E+08    4.186E-08    1.888E+26    7.760E+04    3.237E+06    3.106E-03    5.859E+00    7.820E-38     r       4.6
6.812E+08    4.554E-08    1.888E+26    7.906E+04    3.527E+06    3.322E-03    5.794E+00    1.350E-37     r       4.6
6.810E+08    4.746E-08    1.888E+26    7.979E+04    3.679E+06    3.434E-03    5.763E+00    1.765E-37     r       4.6
6.807E+08    5.151E-08    1.888E+26    8.126E+04    4.000E+06    3.666E-03    5.701E+00    2.990E-37     r       4.6
6.805E+08    5.363E-08    1.888E+26    8.199E+04    4.168E+06    3.786E-03    5.670E+00    3.874E-37     r       4.6
6.802E+08    5.809E-08    1.888E+26    8.345E+04    4.522E+06    4.036E-03    5.610E+00    6.451E-37     r       4.6
6.800E+08    6.042E-08    1.888E+26    8.419E+04    4.707E+06    4.165E-03    5.581E+00    8.291E-37     r       4.6
6.796E+08    6.530E-08    1.888E+26    8.565E+04    5.097E+06    4.432E-03    5.524E+00    1.358E-36     r       4.6
6.795E+08    6.786E-08    1.888E+26    8.639E+04    5.301E+06    4.570E-03    5.496E+00    1.732E-36     r       4.6
6.791E+08    7.321E-08    1.888E+26    8.786E+04    5.728E+06    4.856E-03    5.441E+00    2.794E-36     r       4.6
6.789E+08    7.601E-08    1.888E+26    8.859E+04    5.952E+06    5.004E-03    5.414E+00    3.536E-36     r       4.6
6.786E+08    8.185E-08    1.888E+26    9.007E+04    6.420E+06    5.310E-03    5.361E+00    5.622E-36     r       4.6
6.784E+08    8.490E-08    1.888E+26    9.080E+04    6.666E+06    5.468E-03    5.335E+00    7.064E-36     r       4.6
6.781E+08    9.127E-08    1.888E+26    9.228E+04    7.178E+06    5.795E-03    5.284E+00    1.108E-35     r       4.6
6.779E+08    9.460E-08    1.888E+26    9.301E+04    7.446E+06    5.963E-03    5.259E+00    1.383E-35     r       4.6
6.775E+08    1.015E-07    1.888E+26    9.449E+04    8.005E+06    6.311E-03    5.210E+00    2.141E-35     r       4.6
6.774E+08    1.051E-07    1.888E+26    9.523E+04    8.297E+06    6.491E-03    5.186E+00    2.655E-35     r       4.6
6.770E+08    1.127E-07    1.888E+26    9.671E+04    8.906E+06    6.861E-03    5.138E+00    4.059E-35     r       4.6
6.768E+08    1.166E-07    1.888E+26    9.745E+04    9.224E+06    7.052E-03    5.115E+00    5.005E-35     r       4.6
6.765E+08    1.248E-07    1.888E+26    9.893E+04    9.887E+06    7.445E-03    5.069E+00    7.562E-35     r       4.6
6.763E+08    1.290E-07    1.888E+26    9.967E+04    1.023E+07    7.648E-03    5.047E+00    9.270E-35     r       4.6
6.760E+08    1.378E-07    1.888E+26    1.012E+05    1.095E+07    8.066E-03    5.003E+00    1.385E-34     r       4.6
6.758E+08    1.424E-07    1.888E+26    1.019E+05    1.133E+07    8.281E-03    4.981E+00    1.689E-34     r       4.6
6.754E+08    1.520E-07    1.888E+26    1.034E+05    1.211E+07    8.724E-03    4.938E+00    2.497E-34     r       4.6
6.753E+08    1.569E-07    1.888E+26    1.041E+05    1.251E+07    8.952E-03    4.917E+00    3.028E-34     r       4.6
6.749E+08    1.672E-07    1.888E+26    1.056E+05    1.335E+07    9.421E-03    4.876E+00    4.432E-34     r       4.6
6.747E+08    1.726E-07    1.888E+26    1.064E+05    1.379E+07    9.663E-03    4.855E+00    5.349E-34     r       4.6
6.744E+08    1.837E-07    1.888E+26    1.079E+05    1.471E+07    1.016E-02    4.815E+00    7.753E-34     r       4.6
6.742E+08    1.894E-07    1.888E+26    1.086E+05    1.518E+07    1.041E-02    4.796E+00    9.312E-34     r       4.6
6.739E+08    2.014E-07    1.888E+26    1.101E+05    1.616E+07    1.094E-02    4.757E+00    1.337E-33     r       4.6
6.737E+08    2.075E-07    1.888E+26    1.108E+05    1.667E+07    1.121E-02    4.738E+00    1.599E-33     r       4.6
6.733E+08    2.203E-07    1.888E+26    1.123E+05    1.773E+07    1.176E-02    4.700E+00    2.276E-33     r       4.6
6.732E+08    2.270E-07    1.888E+26    1.131E+05    1.828E+07    1.205E-02    4.682E+00    2.710E-33     r       4.6
6.728E+08    2.407E-07    1.888E+26    1.146E+05    1.942E+07    1.263E-02    4.645E+00    3.826E-33     r       4.6
6.726E+08    2.478E-07    1.888E+26    1.153E+05    2.001E+07    1.293E-02    4.627E+00    4.536E-33     r       4.6
6.723E+08    2.626E-07    1.888E+26    1.168E+05    2.124E+07    1.355E-02    4.592E+00    6.351E-33     r       4.6
6.721E+08    2.702E-07    1.888E+26    1.176E+05    2.187E+07    1.386E-02    4.574E+00    7.501E-33     r       4.6
6.718E+08    2.859E-07    1.888E+26    1.191E+05    2.319E+07    1.451E-02    4.540E+00    1.042E-32     r       4.6
6.716E+08    2.941E-07    1.888E+26    1.198E+05    2.387E+07    1.484E-02    4.523E+00    1.226E-32     r       4.6
6.712E+08    3.109E-07    1.888E+26    1.214E+05    2.528E+07    1.553E-02    4.490E+00    1.691E-32     r       4.6
6.711E+08    3.196E-07    1.888E+26    1.221E+05    2.601E+07    1.587E-02    4.473E+00    1.982E-32     r       4.6
6.707E+08    3.376E-07    1.888E+26    1.236E+05    2.752E+07    1.659E-02    4.441E+00    2.714E-32     r       4.6
6.705E+08    3.469E-07    1.888E+26    1.244E+05    2.830E+07    1.696E-02    4.425E+00    3.171E-32     r       4.6
6.702E+08    3.660E-07    1.888E+26    1.259E+05    2.992E+07    1.771E-02    4.393E+00    4.312E-32     r       4.6
6.700E+08    3.759E-07    1.888E+26    1.266E+05    3.075E+07    1.810E-02    4.378E+00    5.020E-32     r       4.6
6.697E+08    3.963E-07    1.888E+26    1.281E+05    3.248E+07    1.889E-02    4.347E+00    6.782E-32     r       4.6
6.695E+08    4.069E-07    1.888E+26    1.289E+05    3.337E+07    1.929E-02    4.332E+00    7.871E-32     r       4.6
6.691E+08    4.286E-07    1.888E+26    1.304E+05    3.521E+07    2.012E-02    4.302E+00    1.057E-31     r       4.6
6.690E+08    4.398E-07    1.888E+26    1.312E+05    3.616E+07    2.054E-02    4.287E+00    1.222E-31     r       4.6
6.686E+08    4.628E-07    1.888E+26    1.327E+05    3.812E+07    2.141E-02    4.258E+00    1.631E-31     r       4.6
6.684E+08    4.747E-07    1.888E+26    1.335E+05    3.914E+07    2.186E-02    4.244E+00    1.881E-31     r       4.6
6.681E+08    4.992E-07    1.888E+26    1.350E+05    4.123E+07    2.276E-02    4.215E+00    2.496E-31     r       4.6
6.679E+08    5.119E-07    1.888E+26    1.357E+05    4.231E+07    2.323E-02    4.201E+00    2.870E-31     r       4.6
6.676E+08    5.379E-07    1.888E+26    1.373E+05    4.453E+07    2.418E-02    4.174E+00    3.786E-31     r       4.6
6.674E+08    5.512E-07    1.888E+26    1.380E+05    4.568E+07    2.467E-02    4.160E+00    4.343E-31     r       4.6
6.670E+08    5.788E-07    1.888E+26    1.396E+05    4.805E+07    2.566E-02    4.133E+00    5.697E-31     r       4.6
6.668E+08    5.930E-07    1.888E+26    1.403E+05    4.927E+07    2.617E-02    4.120E+00    6.517E-31     r       4.6
6.665E+08    6.222E-07    1.888E+26    1.418E+05    5.178E+07    2.721E-02    4.093E+00    8.505E-31     r       4.6
6.663E+08    6.372E-07    1.888E+26    1.426E+05    5.307E+07    2.774E-02    4.080E+00    9.703E-31     r       4.6
6.660E+08    6.680E-07    1.888E+26    1.441E+05    5.574E+07    2.883E-02    4.055E+00    1.260E-30     r       4.6
6.658E+08    6.839E-07    1.888E+26    1.449E+05    5.712E+07    2.938E-02    4.042E+00    1.434E-30     r       4.6
6.654E+08    7.165E-07    1.888E+26    1.464E+05    5.995E+07    3.051E-02    4.017E+00    1.853E-30     r       4.6
6.647E+08    7.855E-07    1.888E+26    1.495E+05    6.594E+07    3.288E-02    3.968E+00    3.064E-30     r       4.6
6.644E+08    8.219E-07    1.888E+26    1.511E+05    6.912E+07    3.411E-02    3.944E+00    3.922E-30     r       4.6
6.637E+08    8.986E-07    1.888E+26    1.541E+05    7.584E+07    3.668E-02    3.897E+00    6.371E-30     r       4.6
6.633E+08    9.391E-07    1.888E+26    1.557E+05    7.939E+07    3.801E-02    3.875E+00    8.084E-30     r       4.6
6.626E+08    1.024E-06    1.888E+26    1.588E+05    8.689E+07    4.080E-02    3.830E+00    1.291E-29     r       4.6
6.623E+08    1.069E-06    1.888E+26    1.603E+05    9.085E+07    4.225E-02    3.808E+00    1.625E-29     r       4.6
6.616E+08    1.163E-06    1.888E+26    1.634E+05    9.921E+07    4.526E-02    3.765E+00    2.555E-29     r       4.6
6.612E+08    1.213E-06    1.888E+26    1.650E+05    1.036E+08    4.682E-02    3.744E+00    3.191E-29     r       4.6
6.605E+08    1.317E-06    1.888E+26    1.681E+05    1.129E+08    5.008E-02    3.703E+00    4.943E-29     r       4.6
6.602E+08    1.372E-06    1.888E+26    1.696E+05    1.178E+08    5.176E-02    3.683E+00    6.130E-29     r       4.6
6.595E+08    1.486E-06    1.888E+26    1.728E+05    1.281E+08    5.527E-02    3.644E+00    9.363E-29     r       4.6
6.591E+08    1.546E-06    1.888E+26    1.743E+05    1.335E+08    5.709E-02    3.625E+00    1.153E-28     r       4.6
6.584E+08    1.672E-06    1.888E+26    1.775E+05    1.449E+08    6.086E-02    3.587E+00    1.738E-28     r       4.6
6.581E+08    1.738E-06    1.888E+26    1.790E+05    1.508E+08    6.282E-02    3.568E+00    2.127E-28     r       4.6
6.574E+08    1.876E-06    1.888E+26    1.822E+05    1.634E+08    6.687E-02    3.532E+00    3.167E-28     r       4.6
6.570E+08    1.948E-06    1.888E+26    1.837E+05    1.700E+08    6.897E-02    3.514E+00    3.853E-28     r       4.6
6.563E+08    2.099E-06    1.888E+26    1.869E+05    1.838E+08    7.331E-02    3.479E+00    5.669E-28     r       4.6
6.560E+08    2.178E-06    1.888E+26    1.885E+05    1.910E+08    7.556E-02    3.462E+00    6.856E-28     r       4.6
6.553E+08    2.343E-06    1.888E+26    1.916E+05    2.062E+08    8.022E-02    3.428E+00    9.976E-28     r       4.6
6.549E+08    2.429E-06    1.888E+26    1.932E+05    2.141E+08    8.262E-02    3.412E+00    1.200E-27     r       4.6
6.542E+08    2.608E-06    1.888E+26    1.964E+05    2.308E+08    8.760E-02    3.379E+00    1.728E-27     r       4.6
6.539E+08    2.702E-06    1.888E+26    1.980E+05    2.395E+08    9.018E-02    3.363E+00    2.068E-27     r       4.6
6.532E+08    2.897E-06    1.888E+26    2.012E+05    2.576E+08    9.549E-02    3.332E+00    2.947E-27     r       4.6
6.528E+08    2.998E-06    1.888E+26    2.028E+05    2.672E+08    9.824E-02    3.317E+00    3.510E-27     r       4.6
6.521E+08    3.210E-06    1.888E+26    2.060E+05    2.870E+08    1.039E-01    3.286E+00    4.956E-27     r       4.6
6.518E+08    3.320E-06    1.888E+26    2.076E+05    2.974E+08    1.068E-01    3.271E+00    5.875E-27     r       4.6
6.511E+08    3.549E-06    1.888E+26    2.108E+05    3.191E+08    1.129E-01    3.242E+00    8.220E-27     r       4.6
6.507E+08    3.669E-06    1.888E+26    2.124E+05    3.304E+08    1.160E-01    3.228E+00    9.701E-27     r       4.6
6.500E+08    3.917E-06    1.888E+26    2.156E+05    3.540E+08    1.224E-01    3.200E+00    1.346E-26     r       4.6
6.497E+08    4.046E-06    1.888E+26    2.172E+05    3.663E+08    1.257E-01    3.186E+00    1.582E-26     r       4.6
6.490E+08    4.314E-06    1.888E+26    2.204E+05    3.919E+08    1.326E-01    3.158E+00    2.176E-26     r       4.6
6.486E+08    4.453E-06    1.888E+26    2.221E+05    4.053E+08    1.361E-01    3.145E+00    2.547E-26     r       4.6
6.479E+08    4.742E-06    1.888E+26    2.253E+05    4.331E+08    1.434E-01    3.118E+00    3.476E-26     r       4.6
6.476E+08    4.891E-06    1.888E+26    2.269E+05    4.476E+08    1.471E-01    3.105E+00    4.054E-26     r       4.6
6.469E+08    5.203E-06    1.888E+26    2.302E+05    4.778E+08    1.548E-01    3.080E+00    5.492E-26     r       4.6
6.465E+08    5.364E-06    1.888E+26    2.318E+05    4.935E+08    1.588E-01    3.067E+00    6.380E-26     r       4.6
6.458E+08    5.698E-06    1.888E+26    2.351E+05    5.261E+08    1.669E-01    3.042E+00    8.582E-26     r       4.6
6.455E+08    5.872E-06    1.888E+26    2.367E+05    5.431E+08    1.711E-01    3.030E+00    9.936E-26     r       4.6
6.448E+08    6.231E-06    1.888E+26    2.400E+05    5.784E+08    1.798E-01    3.006E+00    1.327E-25     r       4.6
6.444E+08    6.417E-06    1.888E+26    2.416E+05    5.967E+08    1.842E-01    2.994E+00    1.532E-25     r       4.6
6.437E+08    6.802E-06    1.888E+26    2.449E+05    6.348E+08    1.933E-01    2.970E+00    2.033E-25     r       4.6
6.434E+08    7.001E-06    1.888E+26    2.465E+05    6.546E+08    1.980E-01    2.959E+00    2.338E-25     r       4.6
6.427E+08    7.414E-06    1.888E+26    2.498E+05    6.957E+08    2.077E-01    2.936E+00    3.083E-25     r       4.6
6.423E+08    7.628E-06    1.888E+26    2.515E+05    7.170E+08    2.127E-01    2.925E+00    3.535E-25     r       4.6
6.416E+08    8.069E-06    1.888E+26    2.548E+05    7.612E+08    2.228E-01    2.903E+00    4.634E-25     r       4.6
6.413E+08    8.297E-06    1.888E+26    2.564E+05    7.842E+08    2.281E-01    2.892E+00    5.298E-25     r       4.6
6.406E+08    8.769E-06    1.888E+26    2.597E+05    8.318E+08    2.388E-01    2.870E+00    6.905E-25     r       4.6
6.402E+08    9.013E-06    1.888E+26    2.614E+05    8.564E+08    2.444E-01    2.859E+00    7.872E-25     r       4.6
6.395E+08    9.516E-06    1.888E+26    2.647E+05    9.075E+08    2.557E-01    2.838E+00    1.020E-24     r       4.6
6.392E+08    9.776E-06    1.888E+26    2.664E+05    9.340E+08    2.615E-01    2.828E+00    1.160E-24     r       4.6
6.385E+08    1.031E-05    1.888E+26    2.697E+05    9.889E+08    2.734E-01    2.808E+00    1.495E-24     r       4.6
6.381E+08    1.059E-05    1.888E+26    2.714E+05    1.017E+09    2.796E-01    2.798E+00    1.696E-24     r       4.6
6.374E+08    1.116E-05    1.888E+26    2.747E+05    1.076E+09    2.921E-01    2.778E+00    2.175E-24     r       4.6
6.371E+08    1.146E-05    1.888E+26    2.764E+05    1.107E+09    2.986E-01    2.768E+00    2.460E-24     r       4.6
6.364E+08    1.207E-05    1.888E+26    2.798E+05    1.170E+09    3.118E-01    2.749E+00    3.139E-24     r       4.6
6.360E+08    1.238E-05    1.888E+26    2.815E+05    1.202E+09    3.186E-01    2.739E+00    3.542E-24     r       4.6
6.353E+08    1.303E-05    1.888E+26    2.848E+05    1.270E+09    3.325E-01    2.720E+00    4.499E-24     r       4.6
6.350E+08    1.336E-05    1.888E+26    2.865E+05    1.305E+09    3.396E-01    2.711E+00    5.065E-24     r       4.6
6.343E+08    1.405E-05    1.888E+26    2.899E+05    1.377E+09    3.542E-01    2.693E+00    6.403E-24     r       4.6
6.339E+08    1.440E-05    1.888E+26    2.916E+05    1.414E+09    3.617E-01    2.683E+00    7.192E-24     r       4.6
6.332E+08    1.513E-05    1.888E+26    2.950E+05    1.491E+09    3.770E-01    2.665E+00    9.053E-24     r       4.6
6.329E+08    1.551E-05    1.888E+26    2.967E+05    1.531E+09    3.848E-01    2.657E+00    1.015E-23     r       4.6
6.322E+08    1.628E-05    1.888E+26    3.001E+05    1.613E+09    4.009E-01    2.639E+00    1.272E-23     r       4.6
6.318E+08    1.668E-05    1.888E+26    3.018E+05    1.655E+09    4.091E-01    2.630E+00    1.422E-23     r       4.6
6.311E+08    1.750E-05    1.888E+26    3.052E+05    1.743E+09    4.260E-01    2.613E+00    1.775E-23     r       4.6
6.308E+08    1.792E-05    1.888E+26    3.069E+05    1.788E+09    4.346E-01    2.605E+00    1.981E-23     r       4.6
6.301E+08    1.878E-05    1.888E+26    3.104E+05    1.882E+09    4.522E-01    2.588E+00    2.463E-23     r       4.6
6.297E+08    1.923E-05    1.888E+26    3.121E+05    1.930E+09    4.613E-01    2.580E+00    2.744E-23     r       4.6
6.290E+08    2.015E-05    1.888E+26    3.155E+05    2.029E+09    4.798E-01    2.564E+00    3.398E-23     r       4.6
6.286E+08    2.062E-05    1.888E+26    3.173E+05    2.081E+09    4.892E-01    2.556E+00    3.778E-23     r       4.6
6.279E+08    2.159E-05    1.888E+26    3.207E+05    2.187E+09    5.086E-01    2.540E+00    4.661E-23     r       4.6
6.276E+08    2.209E-05    1.888E+26    3.224E+05    2.241E+09    5.185E-01    2.532E+00    5.173E-23     r       4.6
6.269E+08    2.311E-05    1.888E+26    3.259E+05    2.354E+09    5.387E-01    2.516E+00    6.360E-23     r       4.6
6.265E+08    2.363E-05    1.888E+26    3.276E+05    2.412E+09    5.490E-01    2.509E+00    7.045E-23     r       4.6
6.258E+08    2.471E-05    1.888E+26    3.311E+05    2.531E+09    5.702E-01    2.493E+00    8.631E-23     r       4.6
6.244E+08    2.699E-05    1.888E+26    3.381E+05    2.785E+09    6.144E-01    2.463E+00    1.287E-22     r       4.6
6.237E+08    2.819E-05    1.888E+26    3.416E+05    2.919E+09    6.375E-01    2.449E+00    1.566E-22     r       4.6
6.223E+08    3.072E-05    1.888E+26    3.486E+05    3.205E+09    6.857E-01    2.420E+00    2.305E-22     r       4.6
6.216E+08    3.205E-05    1.888E+26    3.521E+05    3.356E+09    7.109E-01    2.406E+00    2.788E-22     r       4.6
6.202E+08    3.484E-05    1.888E+26    3.592E+05    3.676E+09    7.634E-01    2.379E+00    4.054E-22     r       4.6
6.195E+08    3.631E-05    1.888E+26    3.628E+05    3.845E+09    7.907E-01    2.366E+00    4.874E-22     r       4.6
6.181E+08    3.940E-05    1.888E+26    3.699E+05    4.203E+09    8.477E-01    2.339E+00    7.007E-22     r       4.6
6.174E+08    4.102E-05    1.888E+26    3.735E+05    4.392E+09    8.774E-01    2.326E+00    8.379E-22     r       4.6
6.160E+08    4.441E-05    1.888E+26    3.806E+05    4.792E+09    9.392E-01    2.301E+00    1.192E-21     r       4.6
6.153E+08    4.620E-05    1.888E+26    3.842E+05    5.003E+09    9.714E-01    2.289E+00    1.418E-21     r       4.6
6.139E+08    4.993E-05    1.888E+26    3.915E+05    5.448E+09    1.038E+00    2.264E+00    1.996E-21     r       4.6
6.132E+08    5.189E-05    1.888E+26    3.951E+05    5.683E+09    1.073E+00    2.252E+00    2.362E-21     r       4.6
6.118E+08    5.598E-05    1.888E+26    4.024E+05    6.178E+09    1.146E+00    2.229E+00    3.294E-21     r       4.6
6.111E+08    5.812E-05    1.888E+26    4.060E+05    6.439E+09    1.183E+00    2.217E+00    3.881E-21     r       4.6
6.097E+08    6.260E-05    1.888E+26    4.133E+05    6.988E+09    1.261E+00    2.195E+00    5.363E-21     r       4.6
6.090E+08    6.494E-05    1.888E+26    4.170E+05    7.277E+09    1.302E+00    2.184E+00    6.291E-21     r       4.6
6.076E+08    6.984E-05    1.888E+26    4.244E+05    7.885E+09    1.386E+00    2.162E+00    8.619E-21     r       4.6
6.069E+08    7.239E-05    1.888E+26    4.281E+05    8.205E+09    1.430E+00    2.151E+00    1.007E-20     r       4.6
6.055E+08    7.772E-05    1.888E+26    4.355E+05    8.877E+09    1.521E+00    2.130E+00    1.368E-20     r       4.6
6.048E+08    8.051E-05    1.888E+26    4.392E+05    9.230E+09    1.568E+00    2.120E+00    1.592E-20     r       4.6
6.034E+08    8.631E-05    1.888E+26    4.467E+05    9.971E+09    1.665E+00    2.100E+00    2.146E-20     r       4.6
6.027E+08    8.934E-05    1.888E+26    4.505E+05    1.036E+10    1.716E+00    2.090E+00    2.487E-20     r       4.6
6.013E+08    9.564E-05    1.888E+26    4.580E+05    1.118E+10    1.821E+00    2.070E+00    3.329E-20     r       4.6
6.006E+08    9.892E-05    1.888E+26    4.618E+05    1.161E+10    1.875E+00    2.060E+00    3.845E-20     r       4.6
5.992E+08    1.058E-04    1.888E+26    4.694E+05    1.250E+10    1.988E+00    2.041E+00    5.110E-20     r       4.6
5.985E+08    1.093E-04    1.888E+26    4.732E+05    1.297E+10    2.046E+00    2.032E+00    5.881E-20     r       4.6
5.971E+08    1.167E-04    1.888E+26    4.808E+05    1.396E+10    2.166E+00    2.014E+00    7.765E-20     r       4.6
5.964E+08    1.206E-04    1.888E+26    4.847E+05    1.448E+10    2.229E+00    2.004E+00    8.907E-20     r       4.6
5.950E+08    1.286E-04    1.888E+26    4.924E+05    1.556E+10    2.358E+00    1.987E+00    1.168E-19     r       4.6
5.943E+08    1.327E-04    1.888E+26    4.962E+05    1.613E+10    2.425E+00    1.978E+00    1.336E-19     r       4.6
5.929E+08    1.414E-04    1.888E+26    5.040E+05    1.731E+10    2.563E+00    1.960E+00    1.742E-19     r       4.6
5.922E+08    1.459E-04    1.888E+26    5.079E+05    1.793E+10    2.634E+00    1.952E+00    1.986E-19     r       4.6
5.908E+08    1.552E-04    1.888E+26    5.157E+05    1.923E+10    2.782E+00    1.935E+00    2.575E-19     r       4.6
5.901E+08    1.600E-04    1.888E+26    5.196E+05    1.990E+10    2.858E+00    1.927E+00    2.927E-19     r       4.6
5.887E+08    1.701E-04    1.888E+26    5.275E+05    2.132E+10    3.016E+00    1.911E+00    3.773E-19     r       4.6
5.880E+08    1.753E-04    1.888E+26    5.314E+05    2.206E+10    3.097E+00    1.902E+00    4.278E-19     r       4.6
5.866E+08    1.861E-04    1.888E+26    5.394E+05    2.360E+10    3.265E+00    1.887E+00    5.485E-19     r       4.6
5.859E+08    1.917E-04    1.888E+26    5.433E+05    2.441E+10    3.352E+00    1.879E+00    6.202E-19     r       4.6
5.845E+08    2.033E-04    1.888E+26    5.513E+05    2.609E+10    3.531E+00    1.863E+00    7.911E-19     r       4.6
5.838E+08    2.093E-04    1.888E+26    5.553E+05    2.697E+10    3.624E+00    1.856E+00    8.924E-19     r       4.6
5.824E+08    2.217E-04    1.888E+26    5.634E+05    2.880E+10    3.814E+00    1.841E+00    1.133E-18     r       4.6
5.817E+08    2.281E-04    1.888E+26    5.674E+05    2.975E+10    3.913E+00    1.833E+00    1.275E-18     r       4.6
5.803E+08    2.415E-04    1.888E+26    5.755E+05    3.174E+10    4.116E+00    1.819E+00    1.610E-18     r       4.6
5.796E+08    2.484E-04    1.888E+26    5.796E+05    3.278E+10    4.221E+00    1.812E+00    1.808E-18     r       4.6
5.782E+08    2.626E-04    1.888E+26    5.877E+05    3.494E+10    4.437E+00    1.797E+00    2.274E-18     r       4.6
5.775E+08    2.700E-04    1.888E+26    5.918E+05    3.607E+10    4.548E+00    1.790E+00    2.547E-18     r       4.6
5.761E+08    2.853E-04    1.888E+26    6.000E+05    3.842E+10    4.777E+00    1.777E+00    3.189E-18     r       4.6
5.754E+08    2.932E-04    1.888E+26    6.042E+05    3.964E+10    4.896E+00    1.770E+00    3.565E-18     r       4.6
5.740E+08    3.095E-04    1.888E+26    6.124E+05    4.218E+10    5.139E+00    1.756E+00    4.445E-18     r       4.6
5.733E+08    3.179E-04    1.888E+26    6.166E+05    4.350E+10    5.265E+00    1.750E+00    4.958E-18     r       4.6
5.719E+08    3.353E-04    1.888E+26    6.250E+05    4.626E+10    5.523E+00    1.736E+00    6.158E-18     r       4.6
5.712E+08    3.443E-04    1.888E+26    6.291E+05    4.769E+10    5.656E+00    1.730E+00    6.856E-18     r       4.6
5.698E+08    3.628E-04    1.888E+26    6.375E+05    5.067E+10    5.931E+00    1.717E+00    8.481E-18     r       4.6
5.691E+08    3.724E-04    1.888E+26    6.418E+05    5.222E+10    6.072E+00    1.711E+00    9.424E-18     r       4.6
5.677E+08    3.922E-04    1.888E+26    6.502E+05    5.544E+10    6.362E+00    1.698E+00    1.162E-17     r       4.6
5.670E+08    4.024E-04    1.888E+26    6.545E+05    5.711E+10    6.512E+00    1.692E+00    1.288E-17     r       4.6
5.656E+08    4.234E-04    1.888E+26    6.630E+05    6.059E+10    6.820E+00    1.680E+00    1.582E-17     r       4.6
5.649E+08    4.342E-04    1.888E+26    6.673E+05    6.240E+10    6.978E+00    1.674E+00    1.752E-17     r       4.6
5.635E+08    4.566E-04    1.888E+26    6.759E+05    6.616E+10    7.304E+00    1.662E+00    2.144E-17     r       4.6
5.628E+08    4.681E-04    1.888E+26    6.802E+05    6.810E+10    7.472E+00    1.656E+00    2.369E-17     r       4.6
5.614E+08    4.919E-04    1.888E+26    6.889E+05    7.215E+10    7.816E+00    1.644E+00    2.890E-17     r       4.6
5.607E+08    5.041E-04    1.888E+26    6.932E+05    7.426E+10    7.994E+00    1.639E+00    3.189E-17     r       4.6
5.593E+08    5.293E-04    1.888E+26    7.020E+05    7.862E+10    8.358E+00    1.627E+00    3.877E-17     r       4.6
5.586E+08    5.423E-04    1.888E+26    7.063E+05    8.088E+10    8.546E+00    1.622E+00    4.272E-17     r       4.6
5.572E+08    5.691E-04    1.888E+26    7.151E+05    8.558E+10    8.931E+00    1.610E+00    5.177E-17     r       4.6
5.565E+08    5.829E-04    1.888E+26    7.196E+05    8.802E+10    9.129E+00    1.605E+00    5.695E-17     r       4.6
5.551E+08    6.112E-04    1.888E+26    7.284E+05    9.308E+10    9.536E+00    1.594E+00    6.881E-17     r       4.6
5.544E+08    6.258E-04    1.888E+26    7.329E+05    9.570E+10    9.745E+00    1.589E+00    7.559E-17     r       4.6
5.530E+08    6.558E-04    1.888E+26    7.418E+05    1.011E+11    1.017E+01    1.578E+00    9.106E-17     r       4.6
5.523E+08    6.713E-04    1.888E+26    7.463E+05    1.040E+11    1.040E+01    1.573E+00    9.988E-17     r       4.6
5.508E+08    7.031E-04    1.888E+26    7.553E+05    1.098E+11    1.085E+01    1.562E+00    1.200E-16     r       4.6
5.501E+08    7.194E-04    1.888E+26    7.598E+05    1.128E+11    1.108E+01    1.557E+00    1.314E-16     r       4.6
5.487E+08    7.531E-04    1.888E+26    7.689E+05    1.191E+11    1.156E+01    1.547E+00    1.575E-16     r       4.6
5.480E+08    7.703E-04    1.888E+26    7.734E+05    1.223E+11    1.181E+01    1.542E+00    1.722E-16     r       4.6
5.466E+08    8.059E-04    1.888E+26    7.826E+05    1.291E+11    1.231E+01    1.532E+00    2.058E-16     r       4.6
5.459E+08    8.242E-04    1.888E+26    7.872E+05    1.326E+11    1.257E+01    1.527E+00    2.248E-16     r       4.6
5.445E+08    8.617E-04    1.888E+26    7.964E+05    1.398E+11    1.310E+01    1.517E+00    2.680E-16     r       4.6
5.438E+08    8.810E-04    1.888E+26    8.010E+05    1.435E+11    1.337E+01    1.512E+00    2.924E-16     r       4.6
5.424E+08    9.206E-04    1.888E+26    8.103E+05    1.513E+11    1.393E+01    1.502E+00    3.476E-16     r       4.6
5.417E+08    9.410E-04    1.888E+26    8.150E+05    1.553E+11    1.422E+01    1.498E+00    3.788E-16     r       4.6
5.403E+08    9.828E-04    1.888E+26    8.243E+05    1.636E+11    1.481E+01    1.488E+00    4.492E-16     r       4.6
5.396E+08    1.004E-03    1.888E+26    8.290E+05    1.679E+11    1.511E+01    1.484E+00    4.890E-16     r       4.6
5.382E+08    1.048E-03    1.888E+26    8.384E+05    1.767E+11    1.573E+01    1.474E+00    5.786E-16     r       4.6
5.375E+08    1.071E-03    1.888E+26    8.432E+05    1.813E+11    1.605E+01    1.470E+00    6.290E-16     r       4.6
5.361E+08    1.117E-03    1.888E+26    8.527E+05    1.908E+11    1.670E+01    1.461E+00    7.426E-16     r       4.6
5.354E+08    1.141E-03    1.888E+26    8.575E+05    1.958E+11    1.704E+01    1.456E+00    8.064E-16     r       4.6
5.340E+08    1.190E-03    1.888E+26    8.670E+05    2.059E+11    1.773E+01    1.447E+00    9.499E-16     r       4.6
5.333E+08    1.215E-03    1.888E+26    8.719E+05    2.112E+11    1.808E+01    1.443E+00    1.030E-15     r       4.6
5.319E+08    1.267E-03    1.888E+26    8.815E+05    2.221E+11    1.880E+01    1.434E+00    1.211E-15     r       4.6
5.312E+08    1.293E-03    1.888E+26    8.864E+05    2.277E+11    1.917E+01    1.430E+00    1.313E-15     r       4.6
5.298E+08    1.347E-03    1.888E+26    8.961E+05    2.393E+11    1.993E+01    1.421E+00    1.540E-15     r       4.6
5.291E+08    1.375E-03    1.888E+26    9.010E+05    2.453E+11    2.032E+01    1.417E+00    1.667E-15     r       4.6
5.277E+08    1.432E-03    1.888E+26    9.108E+05    2.577E+11    2.112E+01    1.409E+00    1.951E-15     r       4.6
5.270E+08    1.461E-03    1.888E+26    9.157E+05    2.641E+11    2.153E+01    1.404E+00    2.110E-15     r       4.6
5.256E+08    1.521E-03    1.888E+26    9.256E+05    2.774E+11    2.236E+01    1.396E+00    2.465E-15     r       4.6
5.249E+08    1.551E-03    1.888E+26    9.306E+05    2.842E+11    2.279E+01    1.392E+00    2.664E-15     r       4.6
5.235E+08    1.614E-03    1.888E+26    9.406E+05    2.983E+11    2.367E+01    1.384E+00    3.106E-15     r       4.6
5.207E+08    1.746E-03    1.888E+26    9.607E+05    3.285E+11    2.552E+01    1.368E+00    4.209E-15     r       4.5
5.193E+08    1.815E-03    1.888E+26    9.708E+05    3.446E+11    2.649E+01    1.360E+00    4.890E-15     r       4.5
5.165E+08    1.961E-03    1.888E+26    9.913E+05    3.788E+11    2.852E+01    1.345E+00    6.579E-15     r       4.5
5.151E+08    2.037E-03    1.888E+26    1.002E+06    3.971E+11    2.959E+01    1.337E+00    7.618E-15     r       4.5
5.123E+08    2.196E-03    1.888E+26    1.022E+06    4.360E+11    3.183E+01    1.322E+00    1.018E-14     r       4.5
5.109E+08    2.279E-03    1.888E+26    1.033E+06    4.567E+11    3.300E+01    1.315E+00    1.175E-14     r       4.5
5.081E+08    2.454E-03    1.888E+26    1.054E+06    5.007E+11    3.546E+01    1.300E+00    1.560E-14     r       4.5
5.067E+08    2.546E-03    1.888E+26    1.065E+06    5.241E+11    3.675E+01    1.293E+00    1.795E-14     r       4.5
5.039E+08    2.737E-03    1.888E+26    1.086E+06    5.740E+11    3.944E+01    1.279E+00    2.369E-14     r       4.5
5.025E+08    2.837E-03    1.888E+26    1.097E+06    6.004E+11    4.086E+01    1.272E+00    2.717E-14     r       4.5
4.997E+08    3.046E-03    1.888E+26    1.119E+06    6.567E+11    4.381E+01    1.259E+00    3.566E-14     r       4.5
4.983E+08    3.155E-03    1.888E+26    1.130E+06    6.866E+11    4.536E+01    1.252E+00    4.079E-14     r       4.5
4.955E+08    3.384E-03    1.888E+26    1.152E+06    7.501E+11    4.860E+01    1.239E+00    5.323E-14     r       4.5
4.941E+08    3.503E-03    1.888E+26    1.163E+06    7.838E+11    5.030E+01    1.233E+00    6.073E-14     r       4.5
4.913E+08    3.751E-03    1.888E+26    1.186E+06    8.554E+11    5.384E+01    1.220E+00    7.885E-14     r       4.5
4.899E+08    3.881E-03    1.888E+26    1.197E+06    8.934E+11    5.570E+01    1.213E+00    8.973E-14     r       4.5
4.871E+08    4.152E-03    1.888E+26    1.220E+06    9.739E+11    5.958E+01    1.201E+00    1.159E-13     r       4.5
4.857E+08    4.293E-03    1.888E+26    1.232E+06    1.017E+12    6.160E+01    1.195E+00    1.316E-13     r       4.5
4.829E+08    4.587E-03    1.888E+26    1.255E+06    1.107E+12    6.584E+01    1.183E+00    1.692E-13     r       4.5
4.815E+08    4.740E-03    1.888E+26    1.267E+06    1.155E+12    6.806E+01    1.177E+00    1.916E-13     r       4.5
4.787E+08    5.059E-03    1.888E+26    1.291E+06    1.257E+12    7.269E+01    1.165E+00    2.453E-13     r       4.5
4.773E+08    5.225E-03    1.888E+26    1.303E+06    1.311E+12    7.511E+01    1.159E+00    2.772E-13     r       4.5
4.744E+08    5.571E-03    1.888E+26    1.327E+06    1.425E+12    8.016E+01    1.148E+00    3.532E-13     r       4.5
4.730E+08    5.751E-03    1.888E+26    1.339E+06    1.485E+12    8.280E+01    1.142E+00    3.984E-13     r       4.5
4.702E+08    6.125E-03    1.888E+26    1.364E+06    1.613E+12    8.831E+01    1.131E+00    5.056E-13     r       4.5
4.688E+08    6.320E-03    1.888E+26    1.376E+06    1.681E+12    9.118E+01    1.126E+00    5.690E-13     r       4.5
4.660E+08    6.725E-03    1.888E+26    1.401E+06    1.825E+12    9.719E+01    1.115E+00    7.194E-13     r       4.5
4.646E+08    6.935E-03    1.888E+26    1.414E+06    1.900E+12    1.003E+02    1.109E+00    8.081E-13     r       4.5
4.618E+08    7.372E-03    1.888E+26    1.440E+06    2.061E+12    1.069E+02    1.099E+00    1.018E-12     r       4.5
4.604E+08    7.599E-03    1.888E+26    1.452E+06    2.146E+12    1.103E+02    1.093E+00    1.141E-12     r       4.5
4.576E+08    8.071E-03    1.888E+26    1.478E+06    2.325E+12    1.174E+02    1.083E+00    1.432E-12     r       4.5
4.562E+08    8.316E-03    1.888E+26    1.492E+06    2.420E+12    1.211E+02    1.078E+00    1.603E-12     r       4.5
4.534E+08    8.825E-03    1.888E+26    1.518E+06    2.621E+12    1.289E+02    1.068E+00    2.004E-12     r       4.5
4.520E+08    9.089E-03    1.888E+26    1.531E+06    2.727E+12    1.329E+02    1.063E+00    2.239E-12     r       4.5
4.492E+08    9.637E-03    1.888E+26    1.558E+06    2.951E+12    1.413E+02    1.053E+00    2.791E-12     r       4.5
4.478E+08    9.921E-03    1.888E+26    1.572E+06    3.069E+12    1.457E+02    1.048E+00    3.114E-12     r       4.5
4.450E+08    1.051E-02    1.888E+26    1.599E+06    3.319E+12    1.549E+02    1.038E+00    3.869E-12     r       4.5
4.436E+08    1.082E-02    1.888E+26    1.613E+06    3.451E+12    1.597E+02    1.034E+00    4.309E-12     r       4.5
4.408E+08    1.145E-02    1.888E+26    1.641E+06    3.730E+12    1.696E+02    1.024E+00    5.337E-12     r       4.5
4.394E+08    1.178E-02    1.888E+26    1.655E+06    3.877E+12    1.748E+02    1.019E+00    5.936E-12     r       4.5
4.366E+08    1.246E-02    1.888E+26    1.684E+06    4.188E+12    1.856E+02    1.010E+00    7.331E-12     r       4.5
4.352E+08    1.281E-02    1.888E+26    1.698E+06    4.352E+12    1.913E+02    1.005E+00    8.141E-12     r       4.5
4.324E+08    1.354E-02    1.888E+26    1.727E+06    4.698E+12    2.030E+02    9.964E-01    1.003E-11     r       4.5
4.310E+08    1.392E-02    1.888E+26    1.742E+06    4.881E+12    2.091E+02    9.919E-01    1.112E-11     r       4.5
4.282E+08    1.470E-02    1.888E+26    1.772E+06    5.266E+12    2.219E+02    9.830E-01    1.366E-11     r       4.5
4.268E+08    1.511E-02    1.888E+26    1.787E+06    5.469E+12    2.285E+02    9.786E-01    1.512E-11     r       4.5
4.240E+08    1.594E-02    1.888E+26    1.817E+06    5.898E+12    2.424E+02    9.699E-01    1.853E-11     r       4.5
4.226E+08    1.638E-02    1.888E+26    1.832E+06    6.124E+12    2.496E+02    9.656E-01    2.049E-11     r       4.5
4.198E+08    1.727E-02    1.888E+26    1.863E+06    6.602E+12    2.646E+02    9.570E-01    2.504E-11     r       4.5
4.184E+08    1.774E-02    1.888E+26    1.878E+06    6.853E+12    2.724E+02    9.527E-01    2.766E-11     r       4.5
4.156E+08    1.870E-02    1.888E+26    1.910E+06    7.383E+12    2.886E+02    9.443E-01    3.372E-11     r       4.5
4.142E+08    1.919E-02    1.888E+26    1.925E+06    7.663E+12    2.971E+02    9.402E-01    3.721E-11     r       4.5
4.114E+08    2.022E-02    1.888E+26    1.957E+06    8.252E+12    3.147E+02    9.319E-01    4.525E-11     r       4.5
4.100E+08    2.075E-02    1.888E+26    1.974E+06    8.563E+12    3.239E+02    9.278E-01    4.987E-11     r       4.5
4.072E+08    2.184E-02    1.888E+26    2.006E+06    9.218E+12    3.430E+02    9.197E-01    6.052E-11     r       4.5
4.058E+08    2.241E-02    1.888E+26    2.023E+06    9.562E+12    3.529E+02    9.157E-01    6.662E-11     r       4.5
4.030E+08    2.358E-02    1.888E+26    2.056E+06    1.029E+13    3.736E+02    9.077E-01    8.067E-11     r       4.5
4.016E+08    2.418E-02    1.888E+26    2.073E+06    1.067E+13    3.844E+02    9.038E-01    8.871E-11     r       4.5
3.988E+08    2.543E-02    1.888E+26    2.107E+06    1.148E+13    4.068E+02    8.959E-01    1.072E-10     r       4.5
3.973E+08    2.607E-02    1.888E+26    2.124E+06    1.190E+13    4.184E+02    8.920E-01    1.178E-10     r       4.5
3.945E+08    2.740E-02    1.888E+26    2.158E+06    1.280E+13    4.427E+02    8.843E-01    1.420E-10     r       4.5
3.931E+08    2.808E-02    1.888E+26    2.176E+06    1.327E+13    4.553E+02    8.805E-01    1.558E-10     r       4.5
3.903E+08    2.950E-02    1.888E+26    2.211E+06    1.426E+13    4.816E+02    8.729E-01    1.876E-10     r       4.5
3.889E+08    3.023E-02    1.888E+26    2.229E+06    1.479E+13    4.952E+02    8.691E-01    2.056E-10     r       4.5
3.861E+08    3.173E-02    1.888E+26    2.265E+06    1.589E+13    5.236E+02    8.616E-01    2.470E-10     r       4.5
3.847E+08    3.251E-02    1.888E+26    2.283E+06    1.647E+13    5.384E+02    8.579E-01    2.706E-10     r       4.5
3.819E+08    3.411E-02    1.888E+26    2.320E+06    1.769E+13    5.691E+02    8.506E-01    3.244E-10     r       4.5
3.805E+08    3.494E-02    1.888E+26    2.338E+06    1.833E+13    5.851E+02    8.469E-01    3.551E-10     r       4.5
3.777E+08    3.664E-02    1.888E+26    2.376E+06    1.968E+13    6.183E+02    8.396E-01    4.250E-10     r       4.5
3.763E+08    3.751E-02    1.888E+26    2.395E+06    2.039E+13    6.356E+02    8.360E-01    4.648E-10     r       4.5
3.735E+08    3.932E-02    1.888E+26    2.433E+06    2.189E+13    6.715E+02    8.289E-01    5.553E-10     r       4.5
3.721E+08    4.025E-02    1.888E+26    2.453E+06    2.267E+13    6.902E+02    8.253E-01    6.067E-10     r       4.5
3.693E+08    4.217E-02    1.888E+26    2.492E+06    2.433E+13    7.290E+02    8.182E-01    7.237E-10     r       4.5
3.679E+08    4.316E-02    1.888E+26    2.511E+06    2.520E+13    7.492E+02    8.147E-01    7.901E-10     r       4.5
3.651E+08    4.520E-02    1.888E+26    2.551E+06    2.704E+13    7.912E+02    8.077E-01    9.409E-10     r       4.5
3.637E+08    4.624E-02    1.888E+26    2.572E+06    2.801E+13    8.130E+02    8.043E-01    1.026E-09     r       4.5
3.609E+08    4.840E-02    1.888E+26    2.612E+06    3.004E+13    8.584E+02    7.974E-01    1.220E-09     r       4.5
3.595E+08    4.951E-02    1.888E+26    2.633E+06    3.110E+13    8.820E+02    7.939E-01    1.330E-09     r       4.4
3.567E+08    5.180E-02    1.888E+26    2.675E+06    3.335E+13    9.310E+02    7.871E-01    1.579E-09     r       4.4
3.553E+08    5.298E-02    1.888E+26    2.696E+06    3.453E+13    9.564E+02    7.837E-01    1.720E-09     r       4.4
3.525E+08    5.540E-02    1.888E+26    2.738E+06    3.702E+13    1.009E+03    7.770E-01    2.039E-09     r       4.4
3.511E+08    5.664E-02    1.888E+26    2.760E+06    3.833E+13    1.037E+03    7.737E-01    2.219E-09     r       4.4
3.483E+08    5.921E-02    1.888E+26    2.803E+06    4.107E+13    1.094E+03    7.670E-01    2.627E-09     r       4.4
3.469E+08    6.053E-02    1.888E+26    2.825E+06    4.252E+13    1.124E+03    7.637E-01    2.857E-09     r       4.4
3.441E+08    6.324E-02    1.888E+26    2.869E+06    4.556E+13    1.185E+03    7.571E-01    3.378E-09     r       4.4
3.427E+08    6.463E-02    1.888E+26    2.892E+06    4.716E+13    1.217E+03    7.538E-01    3.671E-09     r       4.4
3.399E+08    6.750E-02    1.888E+26    2.937E+06    5.051E+13    1.284E+03    7.473E-01    4.334E-09     r       4.4
3.385E+08    6.897E-02    1.888E+26    2.960E+06    5.228E+13    1.319E+03    7.440E-01    4.707E-09     r       4.4
3.357E+08    7.200E-02    1.888E+26    3.006E+06    5.599E+13    1.390E+03    7.376E-01    5.549E-09     r       4.4
3.343E+08    7.355E-02    1.888E+26    3.030E+06    5.794E+13    1.428E+03    7.343E-01    6.023E-09     r       4.4
3.315E+08    7.675E-02    1.888E+26    3.077E+06    6.204E+13    1.505E+03    7.279E-01    7.091E-09     r       4.4
3.301E+08    7.839E-02    1.888E+26    3.101E+06    6.419E+13    1.545E+03    7.248E-01    7.691E-09     r       4.4
3.273E+08    8.177E-02    1.888E+26    3.149E+06    6.872E+13    1.629E+03    7.184E-01    9.044E-09     r       4.4
3.259E+08    8.350E-02    1.888E+26    3.174E+06    7.110E+13    1.672E+03    7.152E-01    9.804E-09     r       4.4
3.231E+08    8.705E-02    1.888E+26    3.223E+06    7.609E+13    1.763E+03    7.089E-01    1.151E-08     r       4.4
3.217E+08    8.888E-02    1.888E+26    3.248E+06    7.872E+13    1.809E+03    7.058E-01    1.247E-08     r       4.4
3.188E+08    9.263E-02    1.888E+26    3.299E+06    8.424E+13    1.906E+03    6.996E-01    1.463E-08     r       4.4
3.174E+08    9.455E-02    1.888E+26    3.324E+06    8.713E+13    1.957E+03    6.964E-01    1.584E-08     r       4.4
3.146E+08    9.850E-02    1.888E+26    3.376E+06    9.322E+13    2.062E+03    6.902E-01    1.856E-08     r       4.4
3.132E+08    1.005E-01    1.888E+26    3.402E+06    9.641E+13    2.116E+03    6.871E-01    2.008E-08     r       4.4
3.104E+08    1.047E-01    1.888E+26    3.455E+06    1.031E+14    2.229E+03    6.810E-01    2.349E-08     r       4.4
3.090E+08    1.068E-01    1.888E+26    3.481E+06    1.067E+14    2.287E+03    6.779E-01    2.541E-08     r       4.4
3.062E+08    1.112E-01    1.888E+26    3.535E+06    1.141E+14    2.409E+03    6.718E-01    2.969E-08     r       4.4
3.048E+08    1.134E-01    1.888E+26    3.563E+06    1.179E+14    2.471E+03    6.687E-01    3.209E-08     r       4.4
3.020E+08    1.180E-01    1.888E+26    3.618E+06    1.261E+14    2.602E+03    6.626E-01    3.746E-08     r       4.4
3.006E+08    1.204E-01    1.888E+26    3.646E+06    1.304E+14    2.670E+03    6.596E-01    4.046E-08     r       4.3
2.978E+08    1.252E-01    1.888E+26    3.702E+06    1.394E+14    2.811E+03    6.535E-01    4.718E-08     r       4.3
2.964E+08    1.277E-01    1.888E+26    3.731E+06    1.441E+14    2.884E+03    6.505E-01    5.093E-08     r       4.3
2.936E+08    1.327E-01    1.887E+26    3.788E+06    1.540E+14    3.035E+03    6.445E-01    5.932E-08     r       4.3
2.922E+08    1.353E-01    1.887E+26    3.818E+06    1.592E+14    3.113E+03    6.415E-01    6.400E-08     r       4.3
2.894E+08    1.407E-01    1.887E+26    3.877E+06    1.701E+14    3.276E+03    6.355E-01    7.446E-08     r       4.3
2.880E+08    1.434E-01    1.887E+26    3.906E+06    1.758E+14    3.360E+03    6.325E-01    8.029E-08     r       4.3
2.852E+08    1.489E-01    1.887E+26    3.967E+06    1.878E+14    3.535E+03    6.265E-01    9.331E-08     r       4.3
2.838E+08    1.518E-01    1.887E+26    3.997E+06    1.941E+14    3.626E+03    6.235E-01    1.006E-07     r       4.3
2.810E+08    1.576E-01    1.887E+26    4.059E+06    2.073E+14    3.813E+03    6.176E-01    1.167E-07     r       4.3
2.796E+08    1.606E-01    1.887E+26    4.090E+06    2.142E+14    3.911E+03    6.146E-01    1.257E-07     r       4.3
2.768E+08    1.667E-01    1.887E+26    4.153E+06    2.287E+14    4.112E+03    6.087E-01    1.458E-07     r       4.3
2.754E+08    1.699E-01    1.887E+26    4.185E+06    2.364E+14    4.217E+03    6.057E-01    1.569E-07     r       4.3
2.726E+08    1.762E-01    1.887E+26    4.249E+06    2.523E+14    4.433E+03    5.998E-01    1.818E-07     r       4.3
2.712E+08    1.795E-01    1.887E+26    4.282E+06    2.607E+14    4.545E+03    5.969E-01    1.956E-07     r       4.3
2.684E+08    1.862E-01    1.887E+26    4.348E+06    2.782E+14    4.777E+03    5.909E-01    2.262E-07     r       4.3
2.670E+08    1.896E-01    1.887E+26    4.381E+06    2.874E+14    4.897E+03    5.880E-01    2.433E-07     r       4.3
2.642E+08    1.966E-01    1.887E+26    4.449E+06    3.066E+14    5.146E+03    5.821E-01    2.811E-07     r       4.2
2.628E+08    2.001E-01    1.887E+26    4.483E+06    3.167E+14    5.275E+03    5.792E-01    3.021E-07     r       4.2
2.600E+08    2.074E-01    1.887E+26    4.551E+06    3.378E+14    5.541E+03    5.733E-01    3.488E-07     r       4.2
2.586E+08    2.111E-01    1.887E+26    4.586E+06    3.488E+14    5.679E+03    5.703E-01    3.746E-07     r       4.2
2.558E+08    2.187E-01    1.887E+26    4.657E+06    3.720E+14    5.964E+03    5.645E-01    4.319E-07     r       4.2
2.544E+08    2.225E-01    1.887E+26    4.692E+06    3.841E+14    6.112E+03    5.615E-01    4.636E-07     r       4.2
2.516E+08    2.304E-01    1.887E+26    4.764E+06    4.095E+14    6.417E+03    5.557E-01    5.340E-07     r       4.2
2.502E+08    2.344E-01    1.887E+26    4.801E+06    4.227E+14    6.574E+03    5.527E-01    5.729E-07     r       4.2
2.474E+08    2.427E-01    1.887E+26    4.874E+06    4.505E+14    6.900E+03    5.469E-01    6.590E-07     r       4.2
2.460E+08    2.468E-01    1.887E+26    4.912E+06    4.650E+14    7.069E+03    5.439E-01    7.066E-07     r       4.2
2.431E+08    2.554E-01    1.887E+26    4.987E+06    4.954E+14    7.417E+03    5.381E-01    8.119E-07     r       4.2
2.417E+08    2.597E-01    1.887E+26    5.025E+06    5.113E+14    7.597E+03    5.351E-01    8.700E-07     r       4.2
2.389E+08    2.685E-01    1.887E+26    5.102E+06    5.445E+14    7.968E+03    5.292E-01    9.985E-07     r       4.1
2.375E+08    2.730E-01    1.886E+26    5.141E+06    5.618E+14    8.160E+03    5.263E-01    1.069E-06     r       4.1
2.347E+08    2.822E-01    1.886E+26    5.219E+06    5.981E+14    8.556E+03    5.204E-01    1.226E-06     r       4.1
2.333E+08    2.869E-01    1.886E+26    5.259E+06    6.170E+14    8.760E+03    5.175E-01    1.312E-06     r       4.1
2.305E+08    2.964E-01    1.886E+26    5.339E+06    6.566E+14    9.182E+03    5.116E-01    1.502E-06     r       4.1
2.291E+08    3.012E-01    1.886E+26    5.380E+06    6.772E+14    9.399E+03    5.087E-01    1.606E-06     r       4.1
2.263E+08    3.110E-01    1.886E+26    5.461E+06    7.203E+14    9.847E+03    5.028E-01    1.837E-06     r       4.1
2.249E+08    3.160E-01    1.885E+26    5.503E+06    7.428E+14    1.008E+04    4.999E-01    1.964E-06     r       4.1
2.221E+08    3.262E-01    1.885E+26    5.587E+06    7.898E+14    1.055E+04    4.940E-01    2.242E-06     r       4.1
2.207E+08    3.313E-01    1.885E+26    5.629E+06    8.143E+14    1.080E+04    4.911E-01    2.395E-06     r       4.0
2.179E+08    3.418E-01    1.884E+26    5.714E+06    8.653E+14    1.131E+04    4.852E-01    2.732E-06     r       4.0
2.165E+08    3.471E-01    1.884E+26    5.758E+06    8.919E+14    1.157E+04    4.822E-01    2.916E-06     r       4.0
2.137E+08    3.579E-01    1.883E+26    5.845E+06    9.474E+14    1.210E+04    4.763E-01    3.321E-06     r       4.0
2.123E+08    3.633E-01    1.883E+26    5.889E+06    9.763E+14    1.238E+04    4.734E-01    3.543E-06     r       4.0
2.095E+08    3.744E-01    1.882E+26    5.978E+06    1.036E+15    1.294E+04    4.675E-01    4.030E-06     r       4.0
2.081E+08    3.800E-01    1.882E+26    6.023E+06    1.068E+15    1.324E+04    4.645E-01    4.296E-06     r       4.0
2.053E+08    3.914E-01    1.881E+26    6.114E+06    1.133E+15    1.384E+04    4.586E-01    4.880E-06     r       4.0
2.039E+08    3.972E-01    1.880E+26    6.160E+06    1.167E+15    1.414E+04    4.557E-01    5.198E-06     r       3.9
2.011E+08    4.088E-01    1.879E+26    6.252E+06    1.237E+15    1.478E+04    4.498E-01    5.896E-06     r       3.9
1.997E+08    4.147E-01    1.879E+26    6.299E+06    1.274E+15    1.510E+04    4.468E-01    6.276E-06     r       3.9
1.969E+08    4.267E-01    1.877E+26    6.393E+06    1.350E+15    1.577E+04    4.409E-01    7.107E-06     r       3.9
1.955E+08    4.327E-01    1.876E+26    6.441E+06    1.390E+15    1.611E+04    4.380E-01    7.560E-06     r       3.9
1.927E+08    4.449E-01    1.875E+26    6.537E+06    1.472E+15    1.681E+04    4.321E-01    8.549E-06     r       3.9
1.913E+08    4.511E-01    1.874E+26    6.586E+06    1.514E+15    1.717E+04    4.291E-01    9.087E-06     r       3.9
1.885E+08    4.635E-01    1.872E+26    6.684E+06    1.603E+15    1.790E+04    4.232E-01    1.026E-05     r       3.8
1.871E+08    4.698E-01    1.870E+26    6.733E+06    1.649E+15    1.828E+04    4.203E-01    1.089E-05     r       3.8
1.843E+08    4.824E-01    1.868E+26    6.833E+06    1.744E+15    1.905E+04    4.144E-01    1.228E-05     r       3.8
1.829E+08    4.888E-01    1.866E+26    6.883E+06    1.793E+15    1.945E+04    4.114E-01    1.303E-05     r       3.8
1.801E+08    5.017E-01    1.863E+26    6.985E+06    1.895E+15    2.025E+04    4.055E-01    1.466E-05     r       3.8
1.787E+08    5.082E-01    1.861E+26    7.036E+06    1.947E+15    2.066E+04    4.026E-01    1.555E-05     r       3.8
1.759E+08    5.212E-01    1.858E+26    7.140E+06    2.056E+15    2.151E+04    3.967E-01    1.747E-05     r       3.7
1.745E+08    5.278E-01    1.855E+26    7.192E+06    2.113E+15    2.193E+04    3.938E-01    1.850E-05     r       3.7
1.717E+08    5.409E-01    1.851E+26    7.297E+06    2.229E+15    2.281E+04    3.879E-01    2.075E-05     r       3.7
1.703E+08    5.476E-01    1.848E+26    7.350E+06    2.289E+15    2.326E+04    3.850E-01    2.196E-05     r       3.7
1.675E+08    5.609E-01    1.843E+26    7.456E+06    2.414E+15    2.417E+04    3.792E-01    2.458E-05     r       3.7
1.660E+08    5.675E-01    1.840E+26    7.510E+06    2.478E+15    2.463E+04    3.763E-01    2.599E-05     r       3.6
1.632E+08    5.809E-01    1.833E+26    7.618E+06    2.610E+15    2.558E+04    3.705E-01    2.904E-05     r       3.6
1.618E+08    5.876E-01    1.830E+26    7.673E+06    2.678E+15    2.606E+04    3.676E-01    3.068E-05     r       3.6
1.590E+08    6.011E-01    1.822E+26    7.782E+06    2.818E+15    2.703E+04    3.618E-01    3.421E-05     r       3.6
1.576E+08    6.078E-01    1.817E+26    7.838E+06    2.890E+15    2.753E+04    3.589E-01    3.611E-05     r       3.6
1.548E+08    6.213E-01    1.808E+26    7.949E+06    3.038E+15    2.854E+04    3.532E-01    4.018E-05     r       3.5
1.534E+08    6.280E-01    1.803E+26    8.005E+06    3.114E+15    2.905E+04    3.504E-01    4.237E-05     r       3.5
1.506E+08    6.415E-01    1.793E+26    8.117E+06    3.271E+15    3.008E+04    3.447E-01    4.706E-05     r       3.5
1.492E+08    6.482E-01    1.787E+26    8.174E+06    3.351E+15    3.061E+04    3.419E-01    4.956E-05     r       3.5
1.464E+08    6.616E-01    1.774E+26    8.288E+06    3.516E+15    3.167E+04    3.363E-01    5.493E-05     r       3.5
1.436E+08    6.749E-01    1.760E+26    8.402E+06    3.686E+15    3.275E+04    3.307E-01    6.079E-05     r       3.4
1.408E+08    6.882E-01    1.745E+26    8.518E+06    3.862E+15    3.385E+04    3.252E-01    6.718E-05     r       3.4
1.380E+08    7.013E-01    1.729E+26    8.634E+06    4.042E+15    3.496E+04    3.197E-01    7.413E-05     r       3.4
1.352E+08    7.144E-01    1.710E+26    8.750E+06    4.229E+15    3.608E+04    3.143E-01    8.167E-05     r       3.4
1.324E+08    7.273E-01    1.691E+26    8.867E+06    4.420E+15    3.721E+04    3.090E-01    8.985E-05     r       3.3
1.296E+08    7.400E-01    1.669E+26    8.985E+06    4.616E+15    3.836E+04    3.037E-01    9.869E-05     r       3.3
1.268E+08    7.526E-01    1.646E+26    9.103E+06    4.818E+15    3.951E+04    2.985E-01    1.082E-04     r       3.3
1.240E+08    7.650E-01    1.621E+26    9.221E+06    5.024E+15    4.067E+04    2.933E-01    1.185E-04     r       3.2
1.226E+08    7.712E-01    1.607E+26    9.280E+06    5.128E+15    4.126E+04    2.908E-01    1.239E-04     r       3.2
1.212E+08    7.772E-01    1.594E+26    9.339E+06    5.234E+15    4.184E+04    2.883E-01    1.295E-04     r       3.2
1.198E+08    7.832E-01    1.579E+26    9.399E+06    5.341E+15    4.242E+04    2.858E-01    1.354E-04     r       3.2
1.184E+08    7.892E-01    1.565E+26    9.458E+06    5.449E+15    4.301E+04    2.833E-01    1.414E-04     r       3.2
1.170E+08    7.951E-01    1.549E+26    9.517E+06    5.557E+15    4.359E+04    2.808E-01    1.476E-04     r       3.2
1.156E+08    8.009E-01    1.534E+26    9.577E+06    5.667E+15    4.418E+04    2.784E-01    1.540E-04     r       3.1
1.142E+08    8.067E-01    1.517E+26    9.636E+06    5.778E+15    4.477E+04    2.759E-01    1.607E-04     r       3.1
1.128E+08    8.124E-01    1.500E+26    9.695E+06    5.889E+15    4.535E+04    2.735E-01    1.675E-04     r       3.1
1.114E+08    8.181E-01    1.483E+26    9.754E+06    6.002E+15    4.594E+04    2.712E-01    1.746E-04     r       3.1
1.100E+08    8.236E-01    1.465E+26    9.814E+06    6.115E+15    4.652E+04    2.688E-01    1.819E-04     r       3.1
1.086E+08    8.291E-01    1.447E+26    9.873E+06    6.229E+15    4.710E+04    2.665E-01    1.894E-04     r       3.1
1.072E+08    8.346E-01    1.428E+26    9.932E+06    6.344E+15    4.769E+04    2.641E-01    1.972E-04     r       3.1
1.058E+08    8.399E-01    1.409E+26    9.991E+06    6.459E+15    4.827E+04    2.618E-01    2.051E-04     r       3.0
1.044E+08    8.452E-01    1.389E+26    1.005E+07    6.575E+15    4.884E+04    2.596E-01    2.133E-04     r       3.0
1.030E+08    8.504E-01    1.369E+26    1.011E+07    6.691E+15    4.942E+04    2.573E-01    2.218E-04     r       3.0
1.016E+08    8.555E-01    1.348E+26    1.017E+07    6.808E+15    5.000E+04    2.551E-01    2.304E-04     r       3.0
1.002E+08    8.605E-01    1.327E+26    1.023E+07    6.926E+15    5.057E+04    2.529E-01    2.393E-04     r       3.0
9.876E+07    8.655E-01    1.306E+26    1.028E+07    7.044E+15    5.114E+04    2.507E-01    2.485E-04     r       3.0
9.736E+07    8.704E-01    1.284E+26    1.034E+07    7.162E+15    5.170E+04    2.486E-01    2.578E-04     r       3.0
9.596E+07    8.751E-01    1.261E+26    1.040E+07    7.281E+15    5.227E+04    2.464E-01    2.674E-04     r       2.9
9.456E+07    8.798E-01    1.238E+26    1.046E+07    7.399E+15    5.282E+04    2.443E-01    2.772E-04     r       2.9
9.316E+07    8.844E-01    1.215E+26    1.051E+07    7.518E+15    5.338E+04    2.422E-01    2.873E-04     r       2.9
9.175E+07    8.890E-01    1.191E+26    1.057E+07    7.637E+15    5.393E+04    2.402E-01    2.976E-04     r       2.9
9.035E+07    8.934E-01    1.167E+26    1.063E+07    7.757E+15    5.448E+04    2.381E-01    3.081E-04     r       2.9
8.895E+07    8.977E-01    1.143E+26    1.069E+07    7.876E+15    5.502E+04    2.361E-01    3.188E-04     r       2.9
8.755E+07    9.019E-01    1.119E+26    1.074E+07    7.995E+15    5.556E+04    2.341E-01    3.298E-04     r       2.8
8.615E+07    9.061E-01    1.094E+26    1.080E+07    8.114E+15    5.609E+04    2.322E-01    3.410E-04     r       2.8
8.474E+07    9.101E-01    1.069E+26    1.086E+07    8.233E+15    5.662E+04    2.302E-01    3.524E-04     r       2.8
8.334E+07    9.141E-01    1.043E+26    1.091E+07    8.351E+15    5.714E+04    2.283E-01    3.640E-04     r       2.8
8.194E+07    9.179E-01    1.018E+26    1.097E+07    8.469E+15    5.765E+04    2.264E-01    3.759E-04     r       2.8
8.054E+07    9.217E-01    9.919E+25    1.102E+07    8.587E+15    5.816E+04    2.245E-01    3.879E-04     r       2.8
7.914E+07    9.254E-01    9.661E+25    1.108E+07    8.704E+15    5.866E+04    2.227E-01    4.001E-04     r       2.7
7.633E+07    9.324E-01    9.141E+25    1.119E+07    8.937E+15    5.965E+04    2.191E-01    4.252E-04     r       2.7
7.493E+07    9.358E-01    8.881E+25    1.124E+07    9.053E+15    6.013E+04    2.173E-01    4.380E-04     r       2.7
7.213E+07    9.422E-01    8.360E+25    1.135E+07    9.282E+15    6.107E+04    2.138E-01    4.642E-04     r       2.6
7.073E+07    9.453E-01    8.101E+25    1.140E+07    9.395E+15    6.153E+04    2.120E-01    4.776E-04     r       2.6
7.003E+07    9.468E-01    7.971E+25    1.142E+07    9.451E+15    6.175E+04    2.112E-01    4.843E-04     r       2.6
6.862E+07    9.497E-01    7.714E+25    1.148E+07    9.563E+15    6.220E+04    2.095E-01    4.979E-04     r       2.6
6.792E+07    9.512E-01    7.586E+25    1.150E+07    9.618E+15    6.242E+04    2.086E-01    5.048E-04     r       2.6
6.652E+07    9.539E-01    7.330E+25    1.155E+07    9.728E+15    6.285E+04    2.070E-01    5.186E-04     r       2.5
6.582E+07    9.553E-01    7.204E+25    1.158E+07    9.783E+15    6.306E+04    2.062E-01    5.255E-04     r       2.5
6.442E+07    9.579E-01    6.952E+25    1.163E+07    9.891E+15    6.348E+04    2.045E-01    5.396E-04     r       2.5
6.372E+07    9.592E-01    6.827E+25    1.166E+07    9.945E+15    6.369E+04    2.037E-01    5.466E-04     r       2.5
6.232E+07    9.617E-01    6.580E+25    1.171E+07    1.005E+16    6.409E+04    2.021E-01    5.608E-04     r       2.5
6.161E+07    9.629E-01    6.457E+25    1.173E+07    1.010E+16    6.429E+04    2.014E-01    5.679E-04     r       2.5
6.021E+07    9.653E-01    6.215E+25    1.178E+07    1.021E+16    6.469E+04    1.998E-01    5.821E-04     r       2.5
5.951E+07    9.664E-01    6.095E+25    1.180E+07    1.026E+16    6.488E+04    1.991E-01    5.892E-04     r       2.5
5.811E+07    9.686E-01    5.859E+25    1.185E+07    1.036E+16    6.526E+04    1.976E-01    6.035E-04     r       2.5
5.741E+07    9.697E-01    5.742E+25    1.188E+07    1.041E+16    6.545E+04    1.969E-01    6.106E-04     r       2.4
5.601E+07    9.718E-01    5.512E+25    1.192E+07    1.051E+16    6.582E+04    1.955E-01    6.249E-04     r       2.4
5.531E+07    9.728E-01    5.399E+25    1.195E+07    1.056E+16    6.600E+04    1.948E-01    6.321E-04     r       2.4
5.390E+07    9.747E-01    5.177E+25    1.199E+07    1.066E+16    6.636E+04    1.934E-01    6.464E-04     r       2.4
5.320E+07    9.757E-01    5.068E+25    1.201E+07    1.071E+16    6.653E+04    1.927E-01    6.536E-04     r       2.4
5.180E+07    9.775E-01    4.854E+25    1.206E+07    1.080E+16    6.687E+04    1.914E-01    6.678E-04     r       2.4
5.110E+07    9.784E-01    4.749E+25    1.208E+07    1.085E+16    6.704E+04    1.907E-01    6.750E-04     r       2.4
4.970E+07    9.800E-01    4.544E+25    1.212E+07    1.094E+16    6.736E+04    1.894E-01    6.892E-04     r       2.4
4.900E+07    9.809E-01    4.444E+25    1.215E+07    1.099E+16    6.752E+04    1.888E-01    6.963E-04     r       2.3
4.760E+07    9.824E-01    4.248E+25    1.219E+07    1.108E+16    6.783E+04    1.875E-01    7.105E-04     r       2.3
4.690E+07    9.832E-01    4.153E+25    1.221E+07    1.112E+16    6.799E+04    1.869E-01    7.175E-04     r       2.3
4.549E+07    9.846E-01    3.967E+25    1.225E+07    1.121E+16    6.828E+04    1.857E-01    7.316E-04     r       2.3
4.479E+07    9.853E-01    3.877E+25    1.227E+07    1.125E+16    6.842E+04    1.851E-01    7.386E-04     r       2.3
4.339E+07    9.866E-01    3.702E+25    1.231E+07    1.133E+16    6.870E+04    1.839E-01    7.526E-04     r       2.2
4.269E+07    9.872E-01    3.617E+25    1.233E+07    1.137E+16    6.884E+04    1.833E-01    7.595E-04     r       2.2
4.129E+07    9.884E-01    3.453E+25    1.237E+07    1.145E+16    6.910E+04    1.821E-01    7.734E-04     r       2.2
4.059E+07    9.890E-01    3.374E+25    1.239E+07    1.149E+16    6.923E+04    1.816E-01    7.803E-04     r       2.2
3.919E+07    9.901E-01    3.221E+25    1.243E+07    1.157E+16    6.947E+04    1.804E-01    7.939E-04     r       2.1
3.848E+07    9.906E-01    3.147E+25    1.245E+07    1.161E+16    6.960E+04    1.800E-01    8.001E-04     r       2.5
3.813E+07    9.908E-01    3.111E+25    1.245E+07    1.162E+16    6.967E+04    1.798E-01    8.031E-04     r       2.5
3.743E+07    9.913E-01    3.041E+25    1.247E+07    1.166E+16    6.980E+04    1.794E-01    8.091E-04     r       2.5
3.708E+07    9.916E-01    3.006E+25    1.248E+07    1.168E+16    6.987E+04    1.792E-01    8.121E-04     r       2.5
3.638E+07    9.920E-01    2.938E+25    1.249E+07    1.171E+16    6.999E+04    1.788E-01    8.180E-04     r       2.5
3.603E+07    9.922E-01    2.905E+25    1.250E+07    1.173E+16    7.006E+04    1.786E-01    8.209E-04     r       2.5
3.533E+07    9.927E-01    2.840E+25    1.251E+07    1.177E+16    7.018E+04    1.783E-01    8.267E-04     r       2.5
3.498E+07    9.929E-01    2.809E+25    1.252E+07    1.178E+16    7.024E+04    1.781E-01    8.296E-04     r       2.5
3.428E+07    9.933E-01    2.747E+25    1.254E+07    1.182E+16    7.036E+04    1.777E-01    8.353E-04     r       2.5
3.393E+07    9.935E-01    2.717E+25    1.254E+07    1.183E+16    7.042E+04    1.776E-01    8.381E-04     r       2.5
3.323E+07    9.939E-01    2.658E+25    1.256E+07    1.187E+16    7.054E+04    1.772E-01    8.437E-04     r       2.5
3.288E+07    9.941E-01    2.629E+25    1.256E+07    1.188E+16    7.060E+04    1.770E-01    8.464E-04     r       2.5
3.218E+07    9.945E-01    2.573E+25    1.258E+07    1.191E+16    7.071E+04    1.767E-01    8.519E-04     r       2.5
3.183E+07    9.946E-01    2.546E+25    1.258E+07    1.193E+16    7.077E+04    1.765E-01    8.545E-04     r       2.5
3.112E+07    9.950E-01    2.493E+25    1.260E+07    1.196E+16    7.088E+04    1.762E-01    8.598E-04     r       2.5
3.077E+07    9.952E-01    2.467E+25    1.260E+07    1.198E+16    7.093E+04    1.761E-01    8.625E-04     r       2.5
3.007E+07    9.955E-01    2.417E+25    1.262E+07    1.201E+16    7.104E+04    1.758E-01    8.676E-04     r       2.5
2.972E+07    9.956E-01    2.393E+25    1.262E+07    1.202E+16    7.109E+04    1.756E-01    8.702E-04     r       2.5
2.902E+07    9.959E-01    2.346E+25    1.264E+07    1.205E+16    7.119E+04    1.753E-01    8.752E-04     r       2.5
2.867E+07    9.961E-01    2.323E+25    1.264E+07    1.207E+16    7.124E+04    1.752E-01    8.777E-04     r       2.5
2.797E+07    9.964E-01    2.279E+25    1.265E+07    1.209E+16    7.134E+04    1.749E-01    8.826E-04     r       2.5
2.762E+07    9.965E-01    2.257E+25    1.266E+07    1.211E+16    7.139E+04    1.747E-01    8.850E-04     r       2.5
2.692E+07    9.968E-01    2.216E+25    1.267E+07    1.213E+16    7.149E+04    1.745E-01    8.897E-04     r       2.5
2.657E+07    9.969E-01    2.195E+25    1.268E+07    1.215E+16    7.154E+04    1.743E-01    8.920E-04     r       2.5
2.587E+07    9.971E-01    2.157E+25    1.269E+07    1.217E+16    7.163E+04    1.741E-01    8.966E-04     r       2.5
2.552E+07    9.972E-01    2.138E+25    1.269E+07    1.219E+16    7.167E+04    1.739E-01    8.988E-04     r       2.5
2.482E+07    9.975E-01    2.102E+25    1.270E+07    1.221E+16    7.176E+04    1.737E-01    9.032E-04     r       2.5
2.447E+07    9.976E-01    2.085E+25    1.271E+07    1.222E+16    7.181E+04    1.736E-01    9.054E-04     r       2.5
2.377E+07    9.978E-01    2.051E+25    1.272E+07    1.225E+16    7.189E+04    1.733E-01    9.097E-04     r       2.5
2.341E+07    9.979E-01    2.035E+25    1.272E+07    1.226E+16    7.193E+04    1.732E-01    9.117E-04     r       2.5
2.271E+07    9.981E-01    2.004E+25    1.273E+07    1.228E+16    7.201E+04    1.730E-01    9.158E-04     r       2.5
2.236E+07    9.982E-01    1.990E+25    1.274E+07    1.229E+16    7.205E+04    1.729E-01    9.178E-04     r       2.5
2.166E+07    9.983E-01    1.961E+25    1.275E+07    1.232E+16    7.213E+04    1.727E-01    9.217E-04     r       2.5
2.131E+07    9.984E-01    1.948E+25    1.275E+07    1.233E+16    7.217E+04    1.726E-01    9.236E-04     r       2.5
2.061E+07    9.986E-01    1.922E+25    1.276E+07    1.235E+16    7.224E+04    1.724E-01    9.273E-04     r       2.5
2.026E+07    9.986E-01    1.910E+25    1.276E+07    1.236E+16    7.227E+04    1.723E-01    9.291E-04     r       2.5
2.009E+07    9.987E-01    1.904E+25    1.276E+07    1.236E+16    7.229E+04    1.722E-01    9.300E-04     r       2.5
1.973E+07    9.987E-01    1.892E+25    1.277E+07    1.237E+16    7.233E+04    1.721E-01    9.318E-04     r       2.5
1.956E+07    9.988E-01    1.886E+25    1.277E+07    1.238E+16    7.234E+04    1.721E-01    9.327E-04     r       2.5
1.921E+07    9.988E-01    1.875E+25    1.277E+07    1.239E+16    7.238E+04    1.720E-01    9.344E-04     r       2.5
1.903E+07    9.989E-01    1.869E+25    1.278E+07    1.239E+16    7.239E+04    1.719E-01    9.352E-04     r       2.5
1.868E+07    9.989E-01    1.859E+25    1.278E+07    1.240E+16    7.243E+04    1.718E-01    9.369E-04     r       2.5
1.851E+07    9.990E-01    1.854E+25    1.278E+07    1.241E+16    7.244E+04    1.718E-01    9.377E-04     r       2.5
1.816E+07    9.990E-01    1.844E+25    1.279E+07    1.241E+16    7.247E+04    1.717E-01    9.393E-04     r       2.5
1.798E+07    9.991E-01    1.839E+25    1.279E+07    1.242E+16    7.249E+04    1.717E-01    9.401E-04     r       2.5
1.763E+07    9.991E-01    1.829E+25    1.279E+07    1.243E+16    7.252E+04    1.716E-01    9.417E-04     r       2.5
1.746E+07    9.991E-01    1.824E+25    1.279E+07    1.243E+16    7.253E+04    1.715E-01    9.425E-04     r       2.5
1.711E+07    9.992E-01    1.815E+25    1.280E+07    1.244E+16    7.256E+04    1.715E-01    9.440E-04     r       2.5
1.693E+07    9.992E-01    1.811E+25    1.280E+07    1.244E+16    7.258E+04    1.714E-01    9.447E-04     r       2.5
1.658E+07    9.993E-01    1.803E+25    1.280E+07    1.245E+16    7.261E+04    1.713E-01    9.462E-04     r       2.5
1.641E+07    9.993E-01    1.799E+25    1.280E+07    1.246E+16    7.262E+04    1.713E-01    9.469E-04     r       2.5
1.606E+07    9.993E-01    1.791E+25    1.281E+07    1.246E+16    7.265E+04    1.712E-01    9.483E-04     r       2.5
1.588E+07    9.994E-01    1.787E+25    1.281E+07    1.247E+16    7.266E+04    1.712E-01    9.490E-04     r       2.5
1.553E+07    9.994E-01    1.779E+25    1.281E+07    1.248E+16    7.269E+04    1.711E-01    9.504E-04     r       2.5
1.535E+07    9.994E-01    1.776E+25    1.281E+07    1.248E+16    7.270E+04    1.711E-01    9.511E-04     r       2.5
1.500E+07    9.995E-01    1.769E+25    1.282E+07    1.249E+16    7.272E+04    1.710E-01    9.524E-04     r       2.5
1.483E+07    9.995E-01    1.765E+25    1.282E+07    1.249E+16    7.274E+04    1.710E-01    9.530E-04     r       2.5
1.448E+07    9.995E-01    1.759E+25    1.282E+07    1.250E+16    7.276E+04    1.709E-01    9.543E-04     r       2.5
1.430E+07    9.996E-01    1.755E+25    1.282E+07    1.250E+16    7.277E+04    1.709E-01    9.549E-04     r       2.5
1.395E+07    9.996E-01    1.749E+25    1.282E+07    1.251E+16    7.280E+04    1.708E-01    9.561E-04     r       2.5
1.378E+07    9.996E-01    1.746E+25    1.283E+07    1.251E+16    7.281E+04    1.708E-01    9.566E-04     r       2.5
1.343E+07    9.996E-01    1.741E+25    1.283E+07    1.252E+16    7.283E+04    1.707E-01    9.578E-04     r       2.5
1.325E+07    9.997E-01    1.738E+25    1.283E+07    1.252E+16    7.284E+04    1.707E-01    9.583E-04     r       2.5
1.290E+07    9.997E-01    1.733E+25    1.283E+07    1.252E+16    7.286E+04    1.706E-01    9.594E-04     r       2.5
1.273E+07    9.997E-01    1.730E+25    1.283E+07    1.253E+16    7.287E+04    1.706E-01    9.599E-04     r       2.5
1.238E+07    9.997E-01    1.725E+25    1.284E+07    1.253E+16    7.289E+04    1.706E-01    9.609E-04     r       2.5
1.220E+07    9.997E-01    1.723E+25    1.284E+07    1.254E+16    7.290E+04    1.705E-01    9.614E-04     r       2.5
1.185E+07    9.998E-01    1.718E+25    1.284E+07    1.254E+16    7.292E+04    1.705E-01    9.624E-04     r       2.5
1.167E+07    9.998E-01    1.716E+25    1.284E+07    1.254E+16    7.292E+04    1.705E-01    9.628E-04     r       2.5
1.159E+07    9.998E-01    1.715E+25    1.284E+07    1.254E+16    7.293E+04    1.705E-01    9.630E-04     r       2.5
1.141E+07    9.998E-01    1.713E+25    1.284E+07    1.255E+16    7.294E+04    1.704E-01    9.635E-04     r       2.5
1.132E+07    9.998E-01    1.712E+25    1.284E+07    1.255E+16    7.294E+04    1.704E-01    9.637E-04     r       2.5
1.115E+07    9.998E-01    1.710E+25    1.284E+07    1.255E+16    7.295E+04    1.704E-01    9.641E-04     r       2.5
1.106E+07    9.998E-01    1.709E+25    1.284E+07    1.255E+16    7.295E+04    1.704E-01    9.643E-04     r       2.5
1.089E+07    9.998E-01    1.707E+25    1.284E+07    1.255E+16    7.296E+04    1.704E-01    9.647E-04     r       2.5
1.080E+07    9.998E-01    1.707E+25    1.284E+07    1.255E+16    7.296E+04    1.704E-01    9.649E-04     r       2.5
1.062E+07    9.998E-01    1.705E+25    1.284E+07    1.256E+16    7.297E+04    1.703E-01    9.653E-04     r       2.5
1.054E+07    9.999E-01    1.704E+25    1.285E+07    1.256E+16    7.298E+04    1.703E-01    9.655E-04     r       2.5
1.036E+07    9.999E-01    1.702E+25    1.285E+07    1.256E+16    7.298E+04    1.703E-01    9.658E-04     r       2.5
1.027E+07    9.999E-01    1.701E+25    1.285E+07    1.256E+16    7.299E+04    1.703E-01    9.660E-04     r       2.5
1.010E+07    9.999E-01    1.700E+25    1.285E+07    1.256E+16    7.299E+04    1.703E-01    9.664E-04     r       2.5
1.001E+07    9.999E-01    1.699E+25    1.285E+07    1.256E+16    7.300E+04    1.703E-01    9.665E-04     r       2.5
9.835E+06    9.999E-01    1.697E+25    1.285E+07    1.257E+16    7.300E+04    1.703E-01    9.669E-04     r       2.5
9.747E+06    9.999E-01    1.697E+25    1.285E+07    1.257E+16    7.300E+04    1.703E-01    9.670E-04     r       2.5
9.572E+06    9.999E-01    1.695E+25    1.285E+07    1.257E+16    7.301E+04    1.702E-01    9.673E-04     r       2.5
9.484E+06    9.999E-01    1.695E+25    1.285E+07    1.257E+16    7.301E+04    1.702E-01    9.675E-04     r       2.5
9.309E+06    9.999E-01    1.693E+25    1.285E+07    1.257E+16    7.302E+04    1.702E-01    9.678E-04     r       2.5
9.221E+06    9.999E-01    1.693E+25    1.285E+07    1.257E+16    7.302E+04    1.702E-01    9.679E-04     r       2.5
9.046E+06    9.999E-01    1.691E+25    1.285E+07    1.257E+16    7.303E+04    1.702E-01    9.681E-04     r       2.5
8.958E+06    9.999E-01    1.691E+25    1.285E+07    1.257E+16    7.303E+04    1.702E-01    9.683E-04     r       2.5
8.783E+06    9.999E-01    1.689E+25    1.285E+07    1.257E+16    7.303E+04    1.702E-01    9.685E-04     r       2.5
8.696E+06    9.999E-01    1.689E+25    1.285E+07    1.258E+16    7.304E+04    1.702E-01    9.686E-04     r       2.5
8.652E+06    9.999E-01    1.688E+25    1.285E+07    1.258E+16    7.304E+04    1.702E-01    9.687E-04     r       2.5
8.564E+06    9.999E-01    1.688E+25    1.285E+07    1.258E+16    7.304E+04    1.702E-01    9.688E-04     r       2.5
8.520E+06    9.999E-01    1.688E+25    1.285E+07    1.258E+16    7.304E+04    1.702E-01    9.688E-04     r       2.5
8.433E+06    1.000E+00    1.687E+25    1.285E+07    1.258E+16    7.304E+04    1.702E-01    9.689E-04     r       2.5
8.389E+06    1.000E+00    1.687E+25    1.285E+07    1.258E+16    7.304E+04    1.702E-01    9.690E-04     r       2.5
8.301E+06    1.000E+00    1.686E+25    1.285E+07    1.258E+16    7.304E+04    1.701E-01    9.691E-04     r       2.5
8.258E+06    1.000E+00    1.686E+25    1.285E+07    1.258E+16    7.304E+04    1.701E-01    9.691E-04     r       2.5
8.170E+06    1.000E+00    1.685E+25    1.285E+07    1.258E+16    7.305E+04    1.701E-01    9.692E-04     r       2.5
8.126E+06    1.000E+00    1.685E+25    1.285E+07    1.258E+16    7.305E+04    1.701E-01    9.693E-04     r       2.5
8.039E+06    1.000E+00    1.685E+25    1.285E+07    1.258E+16    7.305E+04    1.701E-01    9.693E-04     r       2.5
7.995E+06    1.000E+00    1.684E+25    1.285E+07    1.258E+16    7.305E+04    1.701E-01    9.694E-04     r       2.5
7.907E+06    1.000E+00    1.684E+25    1.285E+07    1.258E+16    7.305E+04    1.701E-01    9.694E-04     r       2.5
7.863E+06    1.000E+00    1.684E+25    1.285E+07    1.258E+16    7.305E+04    1.701E-01    9.695E-04     r       2.5
7.776E+06    1.000E+00    1.683E+25    1.285E+07    1.258E+16    7.305E+04    1.701E-01    9.696E-04     r       2.5
7.732E+06    1.000E+00    1.683E+25    1.285E+07    1.258E+16    7.305E+04    1.701E-01    9.696E-04     r       2.5
7.644E+06    1.000E+00    1.683E+25    1.285E+07    1.258E+16    7.305E+04    1.701E-01    9.696E-04     r       2.5
7.600E+06    1.000E+00    1.682E+25    1.285E+07    1.258E+16    7.305E+04    1.701E-01    9.697E-04     r       2.5
7.579E+06    1.000E+00    1.682E+25    1.285E+07    1.258E+16    7.306E+04    1.701E-01    9.697E-04     r       2.5
7.535E+06    1.000E+00    1.682E+25    1.285E+07    1.258E+16    7.306E+04    1.701E-01    9.697E-04     r       2.5
7.513E+06    1.000E+00    1.682E+25    1.285E+07    1.258E+16    7.306E+04    1.701E-01    9.697E-04     r       2.5
7.469E+06    1.000E+00    1.682E+25    1.285E+07    1.258E+16    7.306E+04    1.701E-01    9.697E-04     r       2.5
7.447E+06    1.000E+00    1.682E+25    1.285E+07    1.258E+16    7.306E+04    1.701E-01    9.698E-04     r       2.5
7.403E+06    1.000E+00    1.681E+25    1.285E+07    1.258E+16    7.306E+04    1.701E-01    9.698E-04     r       2.5
7.381E+06    1.000E+00    1.681E+25    1.285E+07    1.258E+16    7.306E+04    1.701E-01    9.698E-04     r       2.5
7.338E+06    1.000E+00    1.681E+25    1.285E+07    1.258E+16    7.306E+04    1.701E-01    9.698E-04     r       2.5
7.316E+06    1.000E+00    1.681E+25    1.285E+07    1.258E+16    7.306E+04    1.701E-01    9.698E-04     r       2.5
7.272E+06    1.000E+00    1.681E+25    1.285E+07    1.258E+16    7.306E+04    1.701E-01    9.698E-04     r       2.5
7.250E+06    1.000E+00    1.681E+25    1.285E+07    1.258E+16    7.306E+04    1.701E-01    9.698E-04     r       2.5
7.206E+06    1.000E+00    1.680E+25    1.285E+07    1.258E+16    7.306E+04    1.701E-01    9.699E-04     r       2.5
7.184E+06    1.000E+00    1.680E+25    1.285E+07    1.258E+16    7.306E+04    1.701E-01    9.699E-04     r       2.5
7.173E+06    1.000E+00    1.680E+25    1.285E+07    1.258E+16    7.306E+04    1.701E-01    9.699E-04     r       2.5
7.151E+06    1.000E+00    1.680E+25    1.286E+07    1.258E+16    7.306E+04    1.701E-01    9.699E-04     r       2.5
7.141E+06    1.000E+00    1.680E+25    1.286E+07    1.258E+16    7.306E+04    1.701E-01    9.699E-04     r       2.5
7.119E+06    1.000E+00    1.680E+25    1.286E+07    1.258E+16    7.306E+04    1.701E-01    9.699E-04     r       2.5
7.108E+06    1.000E+00    1.680E+25    1.286E+07    1.258E+16    7.306E+04    1.701E-01    9.699E-04     r       2.5
7.086E+06    1.000E+00    1.680E+25    1.286E+07    1.258E+16    7.306E+04    1.701E-01    9.699E-04     r       2.5
7.075E+06    1.000E+00    1.680E+25    1.286E+07    1.258E+16    7.306E+04    1.701E-01    9.699E-04     r       2.5
7.053E+06    1.000E+00    1.680E+25    1.286E+07    1.258E+16    7.306E+04    1.701E-01    9.699E-04     r       2.5
7.042E+06    1.000E+00    1.680E+25    1.286E+07    1.258E+16    7.306E+04    1.701E-01    9.699E-04     r       2.5
7.020E+06    1.000E+00    1.680E+25    1.286E+07    1.258E+16    7.306E+04    1.701E-01    9.699E-04     r       2.5
7.009E+06    1.000E+00    1.679E+25    1.286E+07    1.258E+16    7.306E+04    1.701E-01    9.699E-04     r       2.5
